1.015172216930047711e+01
1.014043261631811710e+01
1.012692650657477422e+01
1.012015259284449442e+01
1.012328636388103753e+01
1.012067262328260675e+01
1.011131629292752621e+01
1.010266691339394995e+01
1.009334112306887654e+01
1.008094379551424424e+01
1.006607981756693171e+01
1.005144195563497078e+01
1.003944584729434908e+01
1.002805858031956099e+01
1.000764537823245703e+01
9.980573718976557984e+00
9.954264706145600883e+00
9.924154149863277041e+00
9.896386206600288560e+00
9.873424657236647306e+00
9.850529836015256890e+00
9.832280848231071957e+00
9.815413694809107525e+00
9.796264805459923508e+00
9.778126639665691400e+00
9.757273771356359759e+00
9.734745439397181954e+00
9.707740454273771746e+00
9.670163255030066907e+00
9.636737568973991586e+00
9.617446994088329149e+00
9.610325797968856776e+00
9.612402357467530578e+00
9.613462308855359240e+00
9.614513349369451234e+00
9.617319126321564937e+00
9.614110135078345110e+00
9.602551551535258412e+00
9.594263237348529927e+00
9.593869535088193956e+00
9.596735607978120086e+00
9.600084895721703759e+00
9.601012078383666548e+00
9.598858325794708435e+00
9.589815608066485808e+00
9.577097538902638263e+00
9.558159957376457072e+00
9.523632026841543308e+00
9.500627493206120988e+00
9.491550780907195062e+00
9.483788352301049329e+00
9.478647287051968462e+00
9.475403847914693145e+00
9.468230616553400480e+00
9.454065478704173131e+00
9.432818623852050166e+00
9.401185063485185012e+00
9.355618156084721804e+00
9.289767270952781431e+00
9.196565797124018005e+00
9.079712931197249759e+00
8.937562522759673556e+00
8.781474607647034247e+00
8.649108888903683123e+00
8.558581382808414517e+00
8.482786430248021148e+00
8.430118611878130608e+00
8.395743884011004354e+00
8.371706821326746706e+00
8.350267406047917618e+00
8.329672405012226832e+00
8.308839628493313256e+00
8.288300658021121592e+00
8.270851122565536784e+00
8.243216693097375369e+00
8.207610134534739643e+00
8.176007287338318719e+00
8.153290346670933886e+00
8.134626475029088866e+00
8.121559844187501653e+00
8.110697428903858253e+00
8.100039527965940067e+00
8.092748708041151318e+00
8.083817834736450436e+00
8.072183700353017244e+00
8.062337507279504933e+00
8.057365568563193747e+00
8.052439984287904196e+00
8.048142588915405682e+00
8.044320205888524811e+00
8.039263378952007599e+00
8.027406694377095420e+00
8.007931183892416982e+00
7.928403022153597490e+00
7.909816420883611698e+00
7.891527422510829837e+00
7.874907206294378348e+00
7.846980035240416207e+00
7.809046337844099739e+00
7.763484897387638028e+00
7.714941365513727334e+00
7.663667009528819740e+00
7.607693015709060091e+00
7.561264809885390292e+00
7.509283188736666226e+00
7.449940988773337658e+00
7.405651949500221320e+00
7.376863350981749612e+00
7.361251739458608334e+00
7.351715158888121771e+00
7.342720662511854179e+00
7.333578248440529634e+00
7.321623282085155893e+00
7.317338209821212303e+00
7.313035784101789893e+00
7.308444886102226867e+00
7.302781010697318109e+00
7.295859463132725153e+00
7.290462014011754199e+00
7.284940307778628998e+00
7.277765028169076444e+00
7.271453587376593752e+00
7.265157572719343371e+00
7.261434173100150602e+00
7.257037457538300096e+00
7.251652818336716599e+00
7.245951675499816780e+00
7.241100502189669719e+00
7.232307296570277266e+00
7.222073655912279122e+00
7.206375162867026063e+00
7.127260338681125518e+00
7.112755772055757042e+00
7.091804081571534191e+00
7.062299883223178476e+00
7.027251727566565798e+00
6.998274599507834814e+00
6.977875353267052105e+00
6.956149213480209426e+00
6.933943614020749102e+00
6.917988898498758310e+00
6.899857147896468312e+00
6.874018864765425008e+00
6.825513097787417216e+00
6.768555229658296035e+00
6.726600079841324131e+00
6.686075614028987424e+00
6.645698282864077377e+00
6.614275899355387622e+00
6.594243339618786059e+00
6.575052684391266666e+00
6.552338416397590848e+00
6.529450887899620248e+00
6.509562716330563603e+00
6.493593267711317729e+00
6.478831896823889380e+00
6.465614809832095133e+00
6.454559808347592131e+00
6.444382102334312634e+00
6.433739440245678232e+00
6.425194999267645812e+00
6.418558145291021866e+00
6.407513271584969416e+00
6.400038652321156540e+00
6.389848011462165189e+00
6.372274815889348965e+00
6.352213400176504265e+00
6.335862919556807249e+00
6.318092565338417010e+00
6.302692329510392710e+00
6.290840092672253192e+00
6.277531286403307043e+00
6.264482531568309476e+00
6.253461587175377367e+00
6.245650830442775359e+00
6.238073716350933218e+00
6.230709419925664072e+00
6.226512264243967643e+00
6.221150712004062555e+00
6.214297988910252535e+00
6.207432385609379821e+00
6.199324507766093895e+00
6.190057025140461633e+00
6.180091451515919765e+00
6.168786131535520134e+00
6.158386618896283693e+00
6.149197551401207384e+00
6.139935729813516652e+00
6.132137967531499534e+00
6.126361973633212443e+00
6.122015892888536648e+00
6.118327566898183356e+00
6.113411851648809403e+00
6.106112669599132126e+00
6.098283683180229175e+00
6.086779682982696116e+00
6.067799650531823019e+00
6.043307250799904828e+00
6.012731800628455581e+00
5.957394636605609861e+00
5.911654498306644356e+00
5.832169008160978052e+00
5.768132486542221216e+00
5.733331305747346285e+00
5.699181888347692571e+00
5.653181629514065776e+00
5.607511853095117793e+00
5.568477472192052247e+00
5.528186266055199916e+00
5.477056105661075591e+00
5.422698153765295181e+00
5.367508735972244871e+00
5.257721762228269924e+00
5.151501620394298264e+00
5.021474598855522942e+00
4.907954963509839175e+00
4.782658198820752382e+00
4.239382074833617509e+00
3.908863922922603429e+00
3.248368123030965560e+00
