4.375110000000000277e+00
4.475649999999999906e+00
4.578170000000000073e+00
4.693730000000000402e+00
4.842979999999999841e+00
5.065870000000000317e+00
6.006380000000000052e+00
8.586479999999999890e+00
9.764049999999999230e+00
9.832819999999999894e+00
3.656719999999999970e+00
1.166369999999999907e+00
9.937239999999999962e-02
1.234430000000000076e-02
2.010659999999999878e-02
9.323879999999999668e-03
6.297050000000000217e-03
7.305220000000000290e-03
6.927499999999999630e-03
4.920609999999999741e-03
1.029640000000000069e-02
8.116979999999999335e-03
1.007530000000000057e-02
1.493859999999999980e-02
7.432180000000000036e-03
3.634230000000000099e-02
7.367799999999999870e-03
4.253869999999999874e-03
2.178369999999999959e-02
2.862449999999999939e+00
3.155899999999999928e+00
1.937319999999999931e+00
1.045609999999999942e-02
7.148439999999999829e-03
1.104639999999999962e-02
2.658299999999999899e-02
1.555119999999999940e-02
1.048739999999999915e-02
1.301270000000000031e-02
1.033290000000000076e-02
4.317859999999999754e-02
1.614540000000000086e+00
1.384460000000000031e-02
2.312909999999999966e-02
4.014020000000000366e+00
5.031559999999999810e+00
2.663759999999999906e+00
7.294160000000000053e-03
2.581650000000000004e-03
1.639239999999999925e-03
1.663870000000000019e-03
3.883499999999999799e-03
1.997950000000000073e-03
4.018530000000000192e-03
3.821689999999999983e-03
8.403219999999999440e-03
1.223179999999999934e+00
9.611009999999999692e-03
1.562069999999999952e-02
5.043809999999999683e+00
2.798399999999999999e+00
3.426670000000000105e+00
1.033539999999999980e-02
1.387539999999999954e-02
4.124069999999999681e+00
3.579180000000000028e+00
3.139720000000000066e+00
3.011159999999999837e+00
3.652519999999999989e+00
3.251290000000000013e+00
5.129170000000000229e+00
6.689809999999999590e+00
4.868509999999999671e+00
5.916820000000000412e+00
6.002340000000000231e+00
3.889559999999999906e+00
3.861530000000000129e+00
3.445990000000000109e+00
2.484620000000000051e+00
1.559390000000000054e+00
1.054740000000000011e+00
7.652449999999999530e-01
9.212559999999999638e-01
1.153210000000000068e+00
2.307949999999999946e+00
2.099380000000000024e+00
1.766189999999999927e+00
1.580829999999999957e+00
9.561859999999999804e-01
8.826199999999999601e-01
7.669559999999999711e-01
5.754460000000000131e-01
5.509249999999999980e-01
6.905250000000000554e-01
4.607339999999999769e-01
2.738309999999999911e-01
2.593829999999999747e-01
2.342190000000000105e-01
5.020409999999999595e-01
4.568720000000000003e-01
4.963409999999999767e-01
6.209649999999999892e-01
9.200420000000000265e-01
6.541209999999999525e-01
4.670460000000000167e-01
7.427679999999999838e-01
6.648549999999999738e-01
3.060039999999999982e-01
2.165030000000000010e-01
3.028429999999999733e-01
2.919439999999999813e-01
2.478889999999999982e-01
2.785299999999999998e-01
3.111709999999999754e-01
2.967159999999999798e-01
2.594699999999999784e-01
2.099109999999999865e-01
1.856260000000000132e-01
1.148549999999999988e-01
1.248169999999999974e-01
7.133459999999999801e-02
1.046549999999999980e-01
7.668740000000000279e-02
1.175589999999999968e-01
1.641739999999999866e-01
2.192550000000000054e-01
2.147940000000000127e-01
3.185410000000000186e-01
2.217590000000000117e-01
2.751399999999999957e-01
2.952190000000000092e-01
2.553429999999999866e-01
3.626900000000000124e-01
4.347110000000000141e-01
3.427000000000000046e-01
2.050039999999999918e-01
1.170849999999999946e-01
1.572590000000000099e-01
1.546740000000000059e-01
1.702720000000000067e-01
1.533849999999999936e-01
9.289840000000000597e-02
7.428769999999999818e-02
1.273910000000000042e-01
9.620370000000000310e-02
1.458419999999999994e-01
2.323629999999999862e-01
2.782629999999999826e-01
1.749330000000000052e-01
2.236190000000000122e-01
2.321969999999999867e-01
1.652500000000000080e-01
2.477580000000000060e-01
2.822879999999999834e-01
3.542690000000000006e-01
3.059080000000000132e-01
2.569609999999999950e-01
2.243290000000000006e-01
1.633809999999999985e-01
1.672079999999999955e-01
2.516430000000000056e-01
1.993409999999999904e-01
1.583890000000000020e-01
1.701610000000000067e-01
1.051109999999999961e-01
7.537520000000000331e-02
9.616120000000000223e-02
4.975990000000000274e-02
3.468630000000000324e-02
1.579109999999999889e-02
7.253230000000000267e-03
6.269910000000000067e-03
5.788790000000000255e-03
4.249209999999999793e-03
3.440690000000000155e-03
5.217549999999999619e-03
4.683009999999999604e-03
3.640780000000000145e-03
3.556800000000000152e-03
3.438060000000000161e-03
3.752549999999999896e-03
5.656389999999999856e-03
1.001349999999999983e-02
1.058869999999999950e-02
2.104030000000000136e-02
2.546879999999999977e-02
2.080999999999999864e-02
1.831539999999999904e-02
1.310380000000000052e-02
9.278029999999999611e-03
1.073879999999999973e-02
1.233180000000000040e-02
6.640560000000000213e-03
8.312430000000000860e-03
6.201479999999999666e-03
3.205990000000000142e-03
2.241790000000000015e-03
2.548219999999999912e-03
2.500000000000000052e-03
2.531090000000000163e-03
1.835679999999999907e-03
2.706640000000000174e-03
2.451539999999999882e-03
1.816579999999999931e-03
1.890229999999999905e-03
1.913889999999999906e-03
1.866969999999999914e-03
1.574450000000000025e-03
8.160300000000000322e-04
5.390949999999999605e-04
4.016509999999999937e-04
6.413799999999999883e-04
5.614609999999999696e-04
5.099520000000000398e-04
5.021630000000000234e-04
5.336269999999999512e-04
6.141529999999999863e-04
4.883170000000000479e-04
7.137489999999999590e-04
9.338420000000000488e-04
1.004179999999999916e-03
1.158249999999999991e-03
8.871760000000000453e-04
4.395480000000000003e-04
5.971699999999999491e-04
3.921730000000000008e-04
7.142729999999999696e-04
1.372729999999999957e-03
3.247379999999999798e-03
1.870600000000000041e-03
1.476579999999999906e-03
1.259909999999999936e-03
8.751749999999999547e-04
6.472109999999999669e-04
2.406370000000000069e-04
2.406420000000000043e-04
