1.024446762417086276e+01
1.023675133302969620e+01
1.023870833636954991e+01
1.024064657924186150e+01
1.024334070849594092e+01
1.023732754241005338e+01
1.021974427947855091e+01
1.020108836505365524e+01
1.018439044278302141e+01
1.017471381108414441e+01
1.016781928987713179e+01
1.015818451553205826e+01
1.014673872049664993e+01
1.013670471670359063e+01
1.012976398656890531e+01
1.011998460189400895e+01
1.011158173049218334e+01
1.010813186625331284e+01
1.010564300747494215e+01
1.010618409541716822e+01
1.010600380766405770e+01
1.010169553277710186e+01
1.010013954932921010e+01
1.009874060939612939e+01
1.009240480689900821e+01
1.008505498898640340e+01
1.007392353807762042e+01
1.005566114236786746e+01
1.002803822368812803e+01
9.992103084859266460e+00
9.961298619994066073e+00
9.944628235107924041e+00
9.937566032848231146e+00
9.938958301187341249e+00
9.940436292424216447e+00
9.941986213664971928e+00
9.943652772073255264e+00
9.945351871273063082e+00
9.947199845755751113e+00
9.949429530523948628e+00
9.952151422153132643e+00
9.947626317698684772e+00
9.931939192715327991e+00
9.918641485516467071e+00
9.915789100959585767e+00
9.917643075615492521e+00
9.920202139411586018e+00
9.913564856132246916e+00
9.905148542157348857e+00
9.866217019046777281e+00
9.844806344353330019e+00
9.847319658278768983e+00
9.850383986713284301e+00
9.843783863912333842e+00
9.835651261307736704e+00
9.838983764084826333e+00
9.830727851553739072e+00
9.797814393588604176e+00
9.762872040445376598e+00
9.751516976761566369e+00
9.753491901102034234e+00
9.755597428148636396e+00
9.757835415723015160e+00
9.760159263439337707e+00
9.762737815754498172e+00
9.765587349742995471e+00
9.768813411331709773e+00
9.772707411912161746e+00
9.767250138583230878e+00
9.760928111881417735e+00
9.756444398321736600e+00
9.731471111042957034e+00
9.701910623037278469e+00
9.675937736976422343e+00
9.652303404903287642e+00
9.637694820177605592e+00
9.620408835366486500e+00
9.601838444642984527e+00
9.586536671534570786e+00
9.574295238533720109e+00
9.565080044180394481e+00
9.560518752052724167e+00
9.556212013324120846e+00
9.540563455173913354e+00
9.518699462434067726e+00
9.489540850010488526e+00
9.440909082065218172e+00
9.387265215784175609e+00
9.341101998798231776e+00
9.279425095129001377e+00
9.196623794562093224e+00
9.115657100154246351e+00
9.042784144164967230e+00
8.983352906751765232e+00
8.920453097826715805e+00
8.854076382047685101e+00
8.805767198126487116e+00
8.758481167447264681e+00
8.716520013647560461e+00
8.687925619944232736e+00
8.664446405008291663e+00
8.647329169042402341e+00
8.635283643773986384e+00
8.622627390614304943e+00
8.609212232703962187e+00
8.598955660411622404e+00
8.591124735945934177e+00
8.584731405163028128e+00
8.574089169798586596e+00
8.555330282651382845e+00
8.537074491792264297e+00
8.519321240021913155e+00
8.496935180451758995e+00
8.475771398565671078e+00
8.464001922048753457e+00
8.454988077378519762e+00
8.446799590517469980e+00
8.442940472552681541e+00
8.440250847647897459e+00
8.437235126756348791e+00
8.434615205021781748e+00
8.430689279977768180e+00
8.424335976852042052e+00
8.417018062897840380e+00
8.408916327027244009e+00
8.399381209578759666e+00
8.387590907962582776e+00
8.377000096735374157e+00
8.366159498741458478e+00
8.358028172190049787e+00
8.351291784153506370e+00
8.343473585393736514e+00
8.332955265726504024e+00
8.316710323153234441e+00
8.300621566859366141e+00
8.276980809025323182e+00
8.239962304692637574e+00
8.212784016557785449e+00
8.184810632550396647e+00
8.144567981120797384e+00
8.098442969623203425e+00
8.044837549796024945e+00
7.968551589676354574e+00
7.880699860808851653e+00
7.813082364528717960e+00
7.776382972148985218e+00
7.751331462573081588e+00
7.729924949632191122e+00
7.715998332515712654e+00
7.669507481922814840e+00
7.649519832658967289e+00
7.644285919451252020e+00
7.636780670599274679e+00
7.627792771219707113e+00
7.616425097092537122e+00
7.594417966357113414e+00
7.562046496074851909e+00
7.532499586094662192e+00
7.510374744120795754e+00
7.485481504773433770e+00
7.463416645582509723e+00
7.431215757118077470e+00
7.393578712705767053e+00
7.338368828990430082e+00
7.278863303596927459e+00
7.235285982316583819e+00
7.179094852305187402e+00
7.142101509780288460e+00
7.108656337738406883e+00
7.055470074039546624e+00
6.981514177356057615e+00
6.909668332258282142e+00
6.837205737026891939e+00
6.746136576725041856e+00
6.668302031972607402e+00
6.559141449500827115e+00
6.424265677400094354e+00
6.330283871461763745e+00
6.261857385629897799e+00
6.212437984247988432e+00
6.171583127449201456e+00
6.118532563155343773e+00
6.064716242764739640e+00
6.018629774457771475e+00
5.963624936370874430e+00
5.895024536710891105e+00
5.834324677741571819e+00
5.787560357847034709e+00
5.713856640958523414e+00
5.682509694519630727e+00
5.640419816448318358e+00
5.570116608419218629e+00
5.485526943909452058e+00
5.391624840173708577e+00
5.270287445502820134e+00
5.159416788216739214e+00
5.067703044040065663e+00
4.996819771828571177e+00
4.957557007500748014e+00
4.931088003529590758e+00
4.904712300226842459e+00
4.880894157862700311e+00
4.855010666932839669e+00
4.824265801334719939e+00
4.793552225481517048e+00
4.765643226383420306e+00
4.743834188497650928e+00
4.711786146273065690e+00
4.670816185910467766e+00
4.629749968874147470e+00
4.594494205378956586e+00
4.562426106979141416e+00
4.529458587724072949e+00
4.476491070727014687e+00
4.410223682341406715e+00
4.282372837424380130e+00
4.055642039317324254e+00
3.909634644402258719e+00
3.866233565962316376e+00
3.830204883058879517e+00
3.778212047355421266e+00
3.706605994714887053e+00
3.641202343554335474e+00
3.585070253006432672e+00
3.553246889724661628e+00
