6.263480000000000381e+00
1.100370000000000070e+00
1.006490000000000107e+00
1.156889999999999974e+00
9.341669999999999696e-01
4.776610000000000023e-01
7.685629999999999962e-01
3.619009999999999727e-01
3.599009999999999820e+00
3.438400000000000123e+00
1.314629999999999965e+00
1.301900000000000057e+00
3.049300000000000122e+00
2.659229999999999983e+00
2.863239999999999785e+00
2.337829999999999853e+00
2.359519999999999840e+00
2.423599999999999977e+00
2.975429999999999797e+00
7.495120000000000005e+00
3.956319999999999837e+00
5.931540000000000035e+00
7.563920000000000421e+00
4.512850000000000250e+00
9.415810000000000457e+00
1.004620000000000068e+01
1.059309999999999974e+01
1.094030000000000058e+01
1.552139999999999986e+01
1.893100000000000094e+01
1.687419999999999831e+01
7.675650000000000084e+00
6.738470000000000404e+00
1.320659999999999989e+01
1.045739999999999981e+01
1.022419999999999973e+01
7.449270000000000280e+00
6.944560000000000066e+00
3.725960000000000161e+00
4.633969999999999700e+00
3.763729999999999798e+00
8.510740000000000194e+00
1.225539999999999985e+01
1.149719999999999942e+01
1.138390000000000057e+01
1.342900000000000027e+01
1.650829999999999842e+01
1.602789999999999893e+01
2.595139999999999958e+01
1.643309999999999960e+01
1.897560000000000002e+01
1.532019999999999982e+01
1.552950000000000053e+01
1.578619999999999912e+01
1.573700000000000010e+01
8.950279999999999347e+00
7.564180000000000348e+00
1.363419999999999987e+01
2.273620000000000019e+01
1.469400000000000084e+01
1.175319999999999965e+01
1.248140000000000072e+01
1.857720000000000127e+01
1.897289999999999921e+01
1.965490000000000137e+01
2.532509999999999906e+01
2.206070000000000064e+01
2.412640000000000029e+01
2.037430000000000163e+01
2.034339999999999904e+01
1.923120000000000118e+01
1.789610000000000056e+01
1.492629999999999946e+01
2.270420000000000016e+01
2.232740000000000080e+01
1.495679999999999943e+01
1.389450000000000074e+01
1.028320000000000078e+01
5.734840000000000160e+00
6.949160000000000004e+00
3.543289999999999829e+00
3.616519999999999957e+00
3.278560000000000141e+00
3.415849999999999831e+00
3.228740000000000165e+00
2.407880000000000020e+00
2.776139999999999830e+00
1.432450000000000001e+00
1.034240000000000048e+00
7.977269999999999639e-01
2.114020000000000010e+00
2.119069999999999787e+00
4.435810000000000031e+00
7.704250000000000043e+00
1.025389999999999979e+01
1.682150000000000034e+01
1.316099999999999959e+01
8.212870000000000559e+00
5.848230000000000040e+00
4.120330000000000048e+00
1.821320000000000050e+00
8.719820000000000348e-01
9.523909999999999876e-01
8.683650000000000535e-01
8.127029999999999532e-01
1.330559999999999965e+00
1.493069999999999897e+00
9.561140000000000194e-01
1.407170000000000032e+00
2.009590000000000209e+00
2.846480000000000121e+00
2.551649999999999974e+00
2.399929999999999897e+00
1.593869999999999898e+00
9.240880000000000205e-01
9.882710000000000106e-01
7.090370000000000283e-01
7.741249999999999520e-01
9.801020000000000287e-01
1.432760000000000034e+00
1.723500000000000032e+00
2.636750000000000149e+00
1.971009999999999929e+00
1.142500000000000071e+00
5.901980000000000004e-01
6.298240000000000505e-01
5.035720000000000196e-01
3.056690000000000240e-01
4.138729999999999909e-01
3.393849999999999922e-01
6.297000000000000375e-01
7.035019999999999607e-01
7.002890000000000503e-01
7.176510000000000389e-01
4.808490000000000264e-01
3.910540000000000127e-01
5.777360000000000273e-01
7.009069999999999467e-01
9.324459999999999971e-01
1.103359999999999896e+00
9.817700000000000315e-01
1.453430000000000000e+00
1.030550000000000077e+00
6.245169999999999888e-01
3.996850000000000125e-01
4.254560000000000008e-01
5.816400000000000459e-01
3.343479999999999785e-01
3.822679999999999967e-01
3.629069999999999796e-01
5.276499999999999524e-01
3.528000000000000025e-01
3.851350000000000051e-01
3.259949999999999792e-01
2.733769999999999811e-01
1.634700000000000042e-01
1.579659999999999953e-01
1.111039999999999944e-01
1.237039999999999945e-01
1.318779999999999952e-01
1.513400000000000023e-01
1.062049999999999939e-01
1.617760000000000031e-01
1.837159999999999904e-01
2.322210000000000107e-01
2.342009999999999925e-01
2.592679999999999985e-01
3.426460000000000061e-01
5.303799999999999626e-01
2.820179999999999909e-01
2.417849999999999999e-01
2.270079999999999876e-01
2.187540000000000040e-01
1.307039999999999869e-01
1.316160000000000108e-01
1.238589999999999969e-01
7.664730000000000154e-02
6.269049999999999623e-02
7.246879999999999988e-02
7.304439999999999544e-02
7.540030000000000343e-02
5.937989999999999935e-02
4.002479999999999927e-02
1.128880000000000022e-01
1.048649999999999999e-01
9.350319999999999465e-02
6.846399999999999708e-02
5.812359999999999749e-02
7.581359999999999488e-02
3.541319999999999885e-02
2.313010000000000066e-02
2.400170000000000081e-02
4.052059999999999690e-02
9.566510000000000291e-02
9.052390000000000436e-02
3.877189999999999803e-01
4.541789999999999994e-01
9.605039999999999412e-02
2.950499999999999998e-02
5.059019999999999628e-01
5.171289999999999498e-01
4.560119999999999729e-01
1.687649999999999914e-02
3.292480000000000027e-05
1.663120000000000096e-05
4.687709999999999880e-06
1.836179999999999969e-06
2.702860000000000156e-07
2.657600000000000186e-07
2.355210000000000084e-07
2.350240000000000007e-07
2.330809999999999945e-07
2.300820000000000085e-07
4.312589999999999841e-07
4.126510000000000070e-07
3.245780000000000097e-07
3.642169999999999850e-07
3.120189999999999831e-07
3.378789999999999777e-07
