1.013380706627468086e+01
1.012676760312197466e+01
1.011889602823186607e+01
1.011777491774254401e+01
1.011943735741227179e+01
1.012140553226615225e+01
1.012132671353675484e+01
1.011687328632724814e+01
1.010008091891016058e+01
1.008503356544395224e+01
1.008623522012019436e+01
1.008756137630839333e+01
1.008892242435821451e+01
1.009032860682342303e+01
1.009182517372555310e+01
1.009340767543685402e+01
1.009507515687204560e+01
1.009683357045209995e+01
1.009868871016663050e+01
1.010065308927995531e+01
1.009713925997862560e+01
1.008770690010874027e+01
1.009022982816482106e+01
1.009315892757718913e+01
1.008969320878483877e+01
1.007007852206051624e+01
1.006042207023314639e+01
1.005772694651036403e+01
1.006099607935342277e+01
1.006338590653101583e+01
1.006149017662481526e+01
1.005264393170940274e+01
1.003660893651742825e+01
1.001868385871214606e+01
1.000706465637833098e+01
9.999345024567732665e+00
9.988665065154100020e+00
9.981578524059823820e+00
9.985382009393500624e+00
9.988533986457500902e+00
9.983842253206820061e+00
9.957697775600568235e+00
9.903114958206737484e+00
9.823238107031519561e+00
9.714276936933819329e+00
9.590424943793097512e+00
9.455700414979798296e+00
9.334855689617292285e+00
9.255561938290895796e+00
9.161981571150732861e+00
9.053850263358999229e+00
8.942236803917975152e+00
8.847239407707990111e+00
8.801591657791531631e+00
8.756190937481211023e+00
8.731619382271329499e+00
8.713938886548934448e+00
8.702413302195560973e+00
8.697361006467868805e+00
8.695396735594002280e+00
8.691299911195342176e+00
8.689910592698577574e+00
8.686035347764299530e+00
8.680140535804394375e+00
8.668919603102636984e+00
8.650862909344569474e+00
8.629203617198584197e+00
8.607642640792390054e+00
8.576368996719880400e+00
8.524033734299417020e+00
8.452410572883316320e+00
8.383485033008710730e+00
8.343916450835795473e+00
8.322622381063126795e+00
8.307453248171624338e+00
8.297740819719038541e+00
8.292955696586956194e+00
8.288825814721260343e+00
8.284214096599246346e+00
8.279701157076996054e+00
8.276206667406215800e+00
8.272551689415577059e+00
8.269561974698074636e+00
8.269134522913370589e+00
8.266426920637949038e+00
8.260329024759993644e+00
8.254381287605037087e+00
8.244148421887905087e+00
8.232167366946276488e+00
8.224900645919721143e+00
8.219945851368199996e+00
8.215804059527989978e+00
8.046908581293012119e+00
7.985138945140051625e+00
7.938713813435318123e+00
7.900924525104274565e+00
7.858595540693138481e+00
7.801410570855451532e+00
7.728700267589340811e+00
7.642545633731794297e+00
7.544716520006995886e+00
7.480957897579373572e+00
7.443142463799300224e+00
7.412762852275078806e+00
7.387012324489727000e+00
7.355740698054425764e+00
7.316538542706466863e+00
7.272356880284662317e+00
7.232467524214669652e+00
7.202019440136891326e+00
7.181763578960210559e+00
7.171893120560742574e+00
7.166335369880232342e+00
7.160432513497119622e+00
7.154259597918900759e+00
7.147184566769785974e+00
7.138309015130985813e+00
7.128977296918792561e+00
7.115460729130340667e+00
7.103813979759559416e+00
7.097847077423336870e+00
7.094254451445912046e+00
7.090307441859266646e+00
7.084483332544515122e+00
7.076403756039407966e+00
7.065340656281208886e+00
7.054459837239403619e+00
7.047742018180641388e+00
7.042004214815216656e+00
7.030267701816121040e+00
7.016523579411968470e+00
7.012685405926086801e+00
7.004579293902211568e+00
6.990531979632271131e+00
6.975708382094757631e+00
6.960728518791932551e+00
6.941775208772178019e+00
6.924126221988718299e+00
6.913185789971853623e+00
6.897610598781775515e+00
6.809758300035340994e+00
6.714811576020384365e+00
6.661477610237591662e+00
6.618704797393029082e+00
6.590201843105522705e+00
6.571460759028763476e+00
6.556239764811084392e+00
6.545214308583879870e+00
6.533994358223092824e+00
6.523008579921114602e+00
6.512568337652366424e+00
6.498955312460499734e+00
6.476528762602040246e+00
6.441461040452789888e+00
6.388204254318220698e+00
6.332640410387462282e+00
6.291961271496773200e+00
6.215280571010552535e+00
6.107318529698902765e+00
5.889277045087378148e+00
5.648585395240907303e+00
5.472383410050542629e+00
5.298012044618718441e+00
5.156285587272354753e+00
5.042701490752659943e+00
4.959276611225876152e+00
4.791327766846856129e+00
4.515685785267948837e+00
4.342290398267760310e+00
4.291848174841048191e+00
4.269125175004851336e+00
4.254105581920473611e+00
4.220829568403202003e+00
4.159473948259328147e+00
4.112511162342527449e+00
4.094795941874825651e+00
4.086484405485499849e+00
4.080030907718909639e+00
4.070669444221438837e+00
4.051395659285284445e+00
4.025739942744088751e+00
4.004282672550016464e+00
3.990982270572364321e+00
3.968174162835320651e+00
3.916896440214328035e+00
3.852910414971954189e+00
3.766706491516710109e+00
3.608515336537035267e+00
3.458547204196593228e+00
3.401272991133810653e+00
3.341644201585404872e+00
3.283904749928786337e+00
3.216598661038017060e+00
3.116361972688121096e+00
3.001599597193084001e+00
2.914672588127285024e+00
2.826993626870888843e+00
2.739694942161966740e+00
2.611605427248981481e+00
2.426446193646736305e+00
2.227472771249676686e+00
1.994359392024050548e+00
1.615670246449924630e+00
8.336436200601098356e-01
