1.006593805584843437e+01
1.005872203343034421e+01
1.005776116672774201e+01
1.005690104171904586e+01
1.005828553936133396e+01
1.005984730143805805e+01
1.006252181805456125e+01
1.006235631808543829e+01
1.005964292399831628e+01
1.005779538424895314e+01
1.005524068103005675e+01
1.005058853867774715e+01
1.004228010749836031e+01
1.003211084703321099e+01
1.001965207453508633e+01
9.997371092068858545e+00
9.970453344373831683e+00
9.937303700934982942e+00
9.905142598805712240e+00
9.866967496328873821e+00
9.830686806866005156e+00
9.786290626927840464e+00
9.724291438369192520e+00
9.669104796366024601e+00
9.638967216969360763e+00
9.620048562380731028e+00
9.609477016473618960e+00
9.602497322749750097e+00
9.595919287474393045e+00
9.587273083237933591e+00
9.579493207980309677e+00
9.571938143947232192e+00
9.564879017501452196e+00
9.558745759904745398e+00
9.548253027022326478e+00
9.534576878900288932e+00
9.510737987095769341e+00
9.477257312342743489e+00
9.449483027523077894e+00
9.433028581645535482e+00
9.419739373011051242e+00
9.399931453268626669e+00
9.357517495251011397e+00
9.314417118976688670e+00
9.287468045701039898e+00
9.273579945676205583e+00
9.264456547481596971e+00
9.253134382059782226e+00
9.237531171569806077e+00
9.216065567351344967e+00
9.193263773001351780e+00
9.177605750671249396e+00
9.168055303459139438e+00
9.160825544277116705e+00
9.113595777672916398e+00
9.090116910752010781e+00
9.083896602728174230e+00
9.077792906086589397e+00
9.071701627227895415e+00
9.064135892870892164e+00
9.056008671155472811e+00
9.046935868565411099e+00
9.036217557872632256e+00
9.019793178949155887e+00
9.003413136276344986e+00
8.992321508156692289e+00
8.982413260300248226e+00
8.973178672321012073e+00
8.962603232841933831e+00
8.953995856654875851e+00
8.950602872102168206e+00
8.948418834583296899e+00
8.947044348949368953e+00
8.946135763234456917e+00
8.943731384165829468e+00
8.939652515649610720e+00
8.931099200831546625e+00
8.919131983407767805e+00
8.905911317222441781e+00
8.884905197685702305e+00
8.855556102441211053e+00
8.815098032995445365e+00
8.707032510437938910e+00
8.499945383519415643e+00
8.285390760021414280e+00
8.144754736964181063e+00
8.040748662418442549e+00
7.985385153511014522e+00
7.945493204302592538e+00
7.890965641287253085e+00
7.824701039519618817e+00
7.751521594361213019e+00
7.656989842732305540e+00
7.554946835955276718e+00
7.469391925156672052e+00
7.418375877478314173e+00
7.392412018894177095e+00
7.367033342262557127e+00
7.335150877383234125e+00
7.303284635818313220e+00
7.281415196588015171e+00
7.268559251889654682e+00
7.257923246471803758e+00
7.249000127070138966e+00
7.242764977752096378e+00
7.237626668406745623e+00
7.231018240226990912e+00
7.223168734020698700e+00
7.216329556905466625e+00
7.208304274047713456e+00
7.196460829686937011e+00
7.186461895894510121e+00
7.181117251965922321e+00
7.177920125569356102e+00
7.174655717316622550e+00
7.170009281738589202e+00
7.164019570521868552e+00
7.157251207839370188e+00
7.145982212337597339e+00
7.131301006448894420e+00
7.120761426980269704e+00
7.112048372722410861e+00
7.104350519242735196e+00
7.097482903699440904e+00
7.088128998120515334e+00
7.078061495458321417e+00
7.067914807116229881e+00
7.059165668942177341e+00
7.052847783400860493e+00
7.048068725011974678e+00
7.041743926801344422e+00
7.034415868983834308e+00
7.027520845075160061e+00
7.019830522444888032e+00
7.011578901051088941e+00
7.006012256338657096e+00
7.001638538251627963e+00
6.998395361174615026e+00
6.997035399076834139e+00
6.995910160706008796e+00
6.993862379487114644e+00
6.990575920189066039e+00
6.986410268783306066e+00
6.981416279578419370e+00
6.976774435390757034e+00
6.973817556667930795e+00
6.970812075358346682e+00
6.967333584007043612e+00
6.964109180752984685e+00
6.960588729786319817e+00
6.956618825414865093e+00
6.952280380674510596e+00
6.945537022973859997e+00
6.934809920567444053e+00
6.920921235357774037e+00
6.906084954130758291e+00
6.886951847666600734e+00
6.863167557205366975e+00
6.832425877882585041e+00
6.805747499998266115e+00
6.752615350803427674e+00
6.729917670065805879e+00
6.700620656871547176e+00
6.667612631824777480e+00
6.635594316981366703e+00
6.608994305621344267e+00
6.588895521901728003e+00
6.575008777046252639e+00
6.559382283887650544e+00
6.223944800052328752e+00
6.127017282450509583e+00
6.007824561985403378e+00
5.880982134404220574e+00
5.721046838319574945e+00
5.577790418221758806e+00
5.502402536582146730e+00
5.448661497165164569e+00
5.372773963720577584e+00
5.298706832039108860e+00
5.156879138197337120e+00
5.101802044452345086e+00
5.053278249841755887e+00
5.001655844268043438e+00
4.937634223225180641e+00
4.877282058648697571e+00
4.836488685929079878e+00
4.794367431283435899e+00
4.752491739939859627e+00
4.729555155133628119e+00
4.716082678649188509e+00
4.699373710509901159e+00
4.672371284964843774e+00
4.646575253371366898e+00
4.624984033120501437e+00
4.597025681164455868e+00
4.557378458421778689e+00
4.507386256144481074e+00
4.458622742867909494e+00
4.409584872210938755e+00
4.365504832194885942e+00
4.338025970153660538e+00
4.314356053504083022e+00
4.290991232025502811e+00
4.274741905845191425e+00
4.258474451624998380e+00
4.241441878733204440e+00
4.229395118450400837e+00
4.220338255437263264e+00
4.210026751485612451e+00
4.201858487774114082e+00
4.190712589478136074e+00
4.170780797784529703e+00
4.140184244128251478e+00
4.090303914264958429e+00
4.026851820942928484e+00
3.974497876150152376e+00
3.930013757080458969e+00
3.876747679936825453e+00
3.804770983876216484e+00
3.707261802716296462e+00
3.612242239909708719e+00
3.540415824474695050e+00
3.463324004061848260e+00
3.356461845948505829e+00
3.245300403873600636e+00
3.183432139816029238e+00
3.107284607597930570e+00
2.977265297158716351e+00
2.804274403992987441e+00
2.689280438104883597e+00
2.638646972056710283e+00
2.564161658506825869e+00
2.467616983744645331e+00
2.320345724857157510e+00
1.899810656848651913e+00
