4.846420000000000172e+00
2.721509999999999763e-01
2.953910000000000147e-01
2.683579999999999854e-01
2.595259999999999789e-01
1.806659999999999933e-01
5.075910000000000144e-01
1.565149999999999875e-01
5.404780000000000140e-01
1.064000000000000057e+00
6.877410000000000467e-02
5.841910000000000158e-02
7.335949999999999416e-02
5.394569999999999921e-02
4.082310000000000105e-02
2.318179999999999893e-02
1.544470000000000044e-02
2.005610000000000032e-02
1.735220000000000165e-02
4.504819999999999658e-02
1.451009999999999973e-02
8.855480000000000643e-03
1.471740000000000027e-02
2.776649999999999952e-02
1.389340000000000019e-01
9.300110000000000321e-01
2.953730000000000189e+00
2.849520000000000053e+00
3.166560000000000041e+00
3.581659999999999844e+00
1.596239999999999881e-01
7.593440000000000190e-01
5.210650000000000004e-02
2.496850000000000111e-02
2.277819999999999845e-02
9.701650000000000551e-02
6.342639999999999390e-02
1.306410000000000071e+00
6.156019999999999825e+00
7.169520000000000337e+00
6.293370000000000353e+00
4.989020000000000010e+00
7.352999999999999758e+00
7.454679999999999751e+00
8.890719999999999956e+00
1.032319999999999993e+01
1.388599999999999923e+01
2.093939999999999912e+01
7.049879999999999924e+00
1.012079999999999913e+01
1.532140000000000057e+01
2.073560000000000159e+01
1.818629999999999924e+01
2.459919999999999973e+01
3.121740000000000137e+01
2.732539999999999836e+01
2.337369999999999948e+01
1.531049999999999933e+01
1.883089999999999975e+01
4.223100000000000165e+01
3.975339999999999918e+01
2.835979999999999990e+01
1.854560000000000031e+01
9.520509999999999806e+00
5.482980000000000409e+00
5.380770000000000053e+00
5.165379999999999860e+00
2.423690000000000122e+00
3.191959999999999908e+00
2.556950000000000056e+00
1.782080000000000108e+00
1.167089999999999961e+00
2.867859999999999854e+00
5.338090000000000224e+00
8.844609999999999417e+00
1.071240000000000059e+01
1.048809999999999931e+01
8.481490000000000862e+00
6.528470000000000439e+00
4.584450000000000358e+00
3.582870000000000221e+00
1.848349999999999937e+00
2.136429999999999829e+00
1.846780000000000088e+00
1.860020000000000007e+00
1.437750000000000083e+00
1.200010000000000021e+00
1.402840000000000087e+00
7.759770000000000278e-01
7.992650000000000032e-01
6.725710000000000299e-01
9.541880000000000361e-01
8.708209999999999562e-01
1.876409999999999911e+00
2.311809999999999921e+00
1.397089999999999943e+00
1.699670000000000014e+00
1.542580000000000062e+00
1.862449999999999939e+00
1.694239999999999968e+00
1.055390000000000050e+00
6.677659999999999707e-01
1.020350000000000090e+00
1.025339999999999918e+00
1.338549999999999907e+00
1.426309999999999967e+00
9.657900000000000373e-01
4.523119999999999918e-01
8.005940000000000278e-01
4.686890000000000223e-01
6.549030000000000129e-01
9.768550000000000288e-01
7.737669999999999826e-01
4.624260000000000037e-01
6.370080000000000187e-01
9.022660000000000124e-01
8.008520000000000083e-01
1.367110000000000047e+00
1.523039999999999949e+00
1.891729999999999912e+00
1.352470000000000061e+00
8.959049999999999514e-01
6.503309999999999924e-01
4.029190000000000271e-01
3.714390000000000192e-01
4.543800000000000061e-01
3.061479999999999757e-01
2.447350000000000081e-01
2.993290000000000117e-01
2.139349999999999863e-01
1.743000000000000105e-01
2.772270000000000012e-01
1.870380000000000098e-01
1.593950000000000089e-01
8.451450000000000629e-02
4.982110000000000011e-02
6.151999999999999830e-02
6.958820000000000283e-02
5.605770000000000197e-02
4.869629999999999792e-02
7.661039999999999517e-02
7.230380000000000140e-02
5.106940000000000091e-02
4.212069999999999703e-02
3.151260000000000172e-02
3.153210000000000041e-02
3.707579999999999903e-02
4.342200000000000226e-02
2.914949999999999833e-02
3.814809999999999729e-02
3.749460000000000293e-02
2.630959999999999896e-02
2.260879999999999834e-02
1.542289999999999980e-02
1.259970000000000014e-02
1.855920000000000139e-02
2.578729999999999911e-02
1.629359999999999836e-02
2.136259999999999895e-02
2.732429999999999928e-02
2.263549999999999937e-02
2.508310000000000053e-02
3.475369999999999848e-02
5.187499999999999750e-02
6.352280000000000426e-02
6.420689999999999731e-02
1.182070000000000065e-01
1.248210000000000014e-01
2.060750000000000082e-01
1.509830000000000061e-01
1.847769999999999968e-01
1.380280000000000118e-01
9.064840000000000397e-02
3.098860000000000156e-02
1.655260000000000065e-02
7.980829999999999522e-03
8.646559999999999316e-03
6.534210000000000365e-03
2.179649999999999990e-03
1.646649999999999937e-03
8.942530000000000184e-04
1.014139999999999963e-03
7.535680000000000330e-04
1.024200000000000067e-03
1.131889999999999979e-03
8.373910000000000468e-04
1.006930000000000065e-03
9.300159999999999807e-04
6.755469999999999748e-04
9.794280000000000694e-04
6.949750000000000198e-04
1.204470000000000020e-03
1.793789999999999968e-03
3.762829999999999994e-03
3.500440000000000062e-03
3.056720000000000183e-03
3.753059999999999903e-03
3.081940000000000027e-03
2.198949999999999863e-03
1.428599999999999922e-03
1.311829999999999941e-03
8.266849999999999633e-04
1.670620000000000048e-03
1.635970000000000046e-03
9.148189999999999837e-04
1.304040000000000017e-03
1.403210000000000004e-03
1.692890000000000063e-03
2.257770000000000089e-03
1.449039999999999963e-03
1.458890000000000013e-03
1.540439999999999908e-03
1.608199999999999951e-03
1.158689999999999980e-03
5.594359999999999611e-04
2.065810000000000064e-04
3.336720000000000267e-04
1.148280000000000058e-04
1.707400000000000085e-04
2.134240000000000085e-04
2.577640000000000074e-04
1.668229999999999984e-04
5.050710000000000301e-05
