1.060207627706567735e+01
1.060264372493321261e+01
1.060355248260271210e+01
1.060437943350004630e+01
1.060515846048869193e+01
1.060587797988181968e+01
1.060661672333372252e+01
1.060761905903634883e+01
1.060862764231993793e+01
1.060965416062076194e+01
1.061073466800687903e+01
1.061184327988596365e+01
1.061299459729268158e+01
1.061418088298668572e+01
1.061537341386026689e+01
1.061661307995151127e+01
1.061791726541665959e+01
1.061926450913471598e+01
1.062065231889447325e+01
1.062209584562178222e+01
1.062359658708326471e+01
1.062454713058233935e+01
1.062456981086805641e+01
1.062447289591034227e+01
1.062421194284270953e+01
1.062286549407054181e+01
1.062111082097497139e+01
1.061934902973251127e+01
1.061668132175041634e+01
1.061402564486482625e+01
1.061312480291002380e+01
1.061380589335252189e+01
1.061382385798583528e+01
1.061384499189721353e+01
1.061561868371720685e+01
1.061805646857322039e+01
1.061949298991413215e+01
1.061869016838547886e+01
1.061517541269620146e+01
1.061103255992452077e+01
1.060778196140025642e+01
1.060411260314173099e+01
1.059919179756748875e+01
1.058835911732153967e+01
1.057175307403315045e+01
1.055034455715743746e+01
1.052716958837776495e+01
1.050972927222211695e+01
1.049492784027891368e+01
1.048458737523997897e+01
1.047919655889300827e+01
1.047379488150948568e+01
1.046815377511983591e+01
1.046468325262527443e+01
1.046310726525693013e+01
1.045549353129518266e+01
1.044619531301463589e+01
1.042409887503501587e+01
1.039341900464273927e+01
1.034817241224849482e+01
1.027385974704049509e+01
1.018260864343039174e+01
1.007702615008834179e+01
9.963566847420317174e+00
9.868581552232370768e+00
9.734709442142211344e+00
9.558217612348181902e+00
9.460552072861558415e+00
9.411341870640082874e+00
9.377608548871005922e+00
9.348252277124682763e+00
9.329471103170677182e+00
9.315210189752720638e+00
9.305531929612358866e+00
9.300499832930993804e+00
9.298180381323208010e+00
9.294102324559618822e+00
9.288868246465190381e+00
9.281826196920503591e+00
9.272113245922248836e+00
9.261136726598133251e+00
9.249452742739682876e+00
9.234294511267789218e+00
9.216959842635152000e+00
9.204757384698595502e+00
9.195813891528493045e+00
9.182982117292906921e+00
9.174763184677354744e+00
9.167018839384809326e+00
9.157798145943102597e+00
9.146193174965199901e+00
9.137221143727124684e+00
9.131387663466806970e+00
9.126780577012009843e+00
9.120073546374037221e+00
9.110259655772528831e+00
9.101795173519592552e+00
9.094897178054575093e+00
9.080067026687817844e+00
9.049427364190322010e+00
9.010528918754937777e+00
8.923042890610197730e+00
8.851134159443528659e+00
8.803493988142879090e+00
8.770306961426260983e+00
8.738998443567998820e+00
8.718456845439327196e+00
8.706443808847447841e+00
8.697406338374157997e+00
8.689741162118245654e+00
8.681243046932157981e+00
8.671706816907134296e+00
8.663668893812797478e+00
8.658008533167571130e+00
8.642318081926937623e+00
8.626524107962838528e+00
8.618974300924964638e+00
8.613953815257303859e+00
8.609759772443545955e+00
8.604033710951405567e+00
8.593200750796251342e+00
8.582537190199479582e+00
8.571139101698447504e+00
8.550216119235408030e+00
8.523526663391212566e+00
8.497319508206469862e+00
8.476032707799559418e+00
8.458010501491934008e+00
8.440731236683316041e+00
8.428126691444214558e+00
8.422052794800292119e+00
8.416986473914867872e+00
8.409260037017782352e+00
8.395366587479230702e+00
8.383017829380099428e+00
8.367197458510876373e+00
8.343963663172507594e+00
8.307222110687257910e+00
8.264975934063279794e+00
8.161852943153348861e+00
8.074885892963161282e+00
7.970383143419802252e+00
7.871603872088529741e+00
7.796398082118087380e+00
7.730851692656337981e+00
7.685719351711776781e+00
7.652480352031895805e+00
7.628204954601600640e+00
7.616892278567545915e+00
7.603684467933447877e+00
7.588990639342254596e+00
7.577945389128391440e+00
7.568010357585741588e+00
7.558774549489323924e+00
7.552354242768291925e+00
7.544654566089621817e+00
7.535439704575645159e+00
7.528959099740148986e+00
7.521564320257972724e+00
7.505244969848502201e+00
7.478713640222420800e+00
7.447843055665163803e+00
7.416194336003622212e+00
7.387336426193336969e+00
7.356215221866419185e+00
7.316467296735735815e+00
7.277155202365145570e+00
7.245936884712862458e+00
7.217870688864372219e+00
7.197150939796529201e+00
7.172635035126067038e+00
7.149203711868771904e+00
7.127907824386984004e+00
7.089106405469081551e+00
6.982050410547461006e+00
6.932098160810247656e+00
6.860675726382234885e+00
6.760955975915418747e+00
6.683305555713391577e+00
6.618184119463008663e+00
6.569839560708817139e+00
6.537892100762679348e+00
6.499845104073265212e+00
6.468458105691906823e+00
6.439575830668165857e+00
6.407547256332104979e+00
6.371817527894346078e+00
6.340951486787164804e+00
6.317764654823387005e+00
6.301628908893860626e+00
6.291280028591797802e+00
6.281508330190853862e+00
6.266083456049559075e+00
6.244655571562257812e+00
6.221508129201887449e+00
6.198566370405194981e+00
6.172261315339355292e+00
6.145410857948626848e+00
6.126767603121975547e+00
6.109561674219137650e+00
6.092710120457668133e+00
6.083499036527680204e+00
6.079174007745940855e+00
6.074973606334260090e+00
6.070710040596282830e+00
6.066676201932965640e+00
6.062578224086500711e+00
6.058612002372036009e+00
6.055714626439562487e+00
6.052647778853522453e+00
6.048806799336628792e+00
6.045561579568086152e+00
6.042748723200120686e+00
6.039810554148350441e+00
6.037358758656300672e+00
6.033282989094249871e+00
6.029229514867645356e+00
6.023931157373373146e+00
6.017555014414844194e+00
6.010367809851715037e+00
6.003701739825733519e+00
5.997077374893772905e+00
5.990312654227931688e+00
5.983812953041907967e+00
5.971060968295748950e+00
5.962789219003932217e+00
5.953137514352861537e+00
5.943104564065832207e+00
5.934767529449286094e+00
5.910869759969447301e+00
5.877791613242371760e+00
5.852437904070332486e+00
5.836572845824222533e+00
5.825973671614695704e+00
5.813376802155854506e+00
5.802834590647005797e+00
