5.891479999999999606e+00
6.088230000000000253e+00
6.391079999999999650e+00
6.387439999999999785e+00
3.653170000000000028e-01
1.971829999999999972e-01
5.160239999999999938e+00
6.340370000000000061e+00
4.878280000000000172e+00
1.933119999999999949e+00
1.558540000000000036e+00
2.033619999999999983e+00
2.252810000000000201e+00
8.946070000000000411e-01
1.068159999999999998e+00
3.018670000000000186e+00
6.894050000000000178e-02
2.424139999999999961e+00
2.885920000000000041e+00
1.603719999999999868e-01
3.065549999999999997e+00
3.159640000000000004e+00
1.557309999999999972e+00
2.934419999999999806e+00
2.880160000000000053e+00
4.046640000000000015e+00
5.430790000000000006e+00
7.598589999999999733e+00
7.164250000000000007e+00
6.495390000000000441e+00
2.900279999999999969e+00
8.323110000000000230e-02
1.575079999999999883e-02
2.598210000000000103e-02
4.290569999999999801e-02
3.264399999999999941e-02
2.170350000000000057e-02
2.435550000000000104e+00
1.882379999999999942e+00
2.486110000000000056e-02
1.220959999999999927e-02
8.990690000000000834e-03
1.016300000000000016e-02
2.058880000000000085e-02
1.450279999999999972e-02
5.191269999999999912e-02
2.141530000000000170e-02
3.437969999999999970e+00
4.638160000000000199e-02
5.402719999999999745e-02
7.958510000000000417e+00
1.161090000000000089e+01
1.742310000000000159e+01
1.802830000000000155e+01
1.837330000000000041e+01
1.353100000000000058e+01
2.106619999999999848e+01
2.060119999999999862e+01
2.521640000000000015e+01
1.745029999999999859e+01
4.715320000000000178e+00
9.165940000000000865e+00
9.492719999999999630e-03
4.299419999999999978e-03
5.382470000000000310e-03
5.262310000000000078e-03
3.997559999999999829e-03
7.687410000000000423e-03
2.021780000000000105e-02
9.324299999999999145e+00
7.563240000000000407e+00
6.666140000000000398e+00
6.665119999999999933e+00
3.445269999999999833e+00
1.976490000000000080e+00
4.924669999999999916e-03
1.683610000000000051e+00
1.909359999999999877e-02
9.256210000000000826e-03
2.191689999999999916e+00
7.995889999999999942e-01
2.050780000000000047e+00
4.133700000000000152e+00
3.678189999999999849e+00
4.431689999999999685e+00
2.974139999999999784e+00
2.786200000000000010e+00
1.192230000000000026e-02
2.449660000000000171e+00
2.555719999999999992e+00
4.204600000000000115e+00
4.769829999999999792e+00
2.538580000000000059e+00
2.954419999999999824e+00
2.792609999999999815e+00
3.215939999999999799e+00
2.484210000000000029e+00
2.647200000000000220e+00
2.378690000000000193e+00
3.151559999999999917e+00
3.652270000000000127e+00
5.547519999999999563e+00
5.153170000000000250e+00
5.132559999999999789e+00
3.526180000000000092e+00
3.379890000000000061e+00
4.938349999999999795e+00
3.727669999999999817e+00
4.319420000000000037e+00
5.014450000000000074e+00
4.713020000000000209e+00
2.843519999999999825e+00
1.541819999999999968e+00
6.423750000000000293e-01
6.036559999999999704e-01
1.745430000000000037e-01
1.264149999999999996e-01
2.155009999999999981e-01
1.773540000000000116e-01
1.493120000000000003e-01
1.859830000000000094e-01
2.023550000000000071e-01
2.570410000000000195e-01
2.968520000000000048e-01
2.891830000000000234e-01
3.677730000000000166e-01
3.760109999999999841e-01
2.678220000000000045e-01
2.220860000000000056e-01
1.841279999999999861e-01
1.906339999999999979e-01
1.882639999999999869e-01
1.657289999999999874e-01
1.521609999999999907e-01
2.288660000000000139e-01
2.575859999999999816e-01
2.971380000000000132e-01
4.561109999999999887e-01
5.732610000000000205e-01
6.531909999999999661e-01
1.074200000000000044e+00
8.847469999999999501e-01
8.612640000000000295e-01
1.424409999999999954e+00
1.871960000000000068e+00
1.482290000000000108e+00
1.146589999999999998e+00
9.137969999999999704e-01
6.790249999999999897e-01
3.284759999999999902e-01
1.941489999999999883e-01
1.253209999999999880e-01
1.788210000000000077e-01
1.308239999999999958e-01
1.151520000000000044e-01
1.022170000000000023e-01
9.102119999999999655e-02
9.725670000000000148e-02
1.029830000000000051e-01
1.226249999999999979e-01
1.301650000000000029e-01
1.279109999999999969e-01
2.933629999999999849e-01
2.014990000000000114e-01
1.880300000000000027e-01
2.447259999999999991e-01
2.508150000000000102e-01
2.666789999999999994e-01
2.996550000000000047e-01
2.478559999999999930e-01
2.819900000000000184e-01
1.857880000000000087e-01
9.787300000000000166e-02
9.047130000000000449e-02
3.081570000000000142e-02
2.923409999999999898e-02
3.512409999999999838e-02
2.931279999999999997e-02
1.862660000000000010e-02
1.352480000000000002e-02
1.779199999999999879e-02
1.994320000000000120e-02
2.156289999999999943e-02
4.192370000000000124e-02
4.706040000000000223e-02
5.134890000000000287e-02
4.891390000000000321e-02
5.477610000000000118e-02
6.905010000000000314e-02
5.242440000000000294e-02
6.540189999999999892e-02
4.459550000000000319e-02
8.372240000000000237e-02
6.126829999999999776e-02
1.273150000000000115e-01
1.365470000000000017e-01
1.683890000000000109e-01
1.574329999999999896e-01
2.337470000000000103e-01
1.204630000000000006e-01
1.413389999999999924e-01
1.241109999999999991e-01
7.007839999999999903e-02
6.154910000000000242e-02
4.778639999999999971e-02
4.078149999999999831e-02
1.073729999999999997e-02
3.728780000000000115e-03
5.103309999999999791e-03
6.084710000000000119e-03
6.868879999999999951e-03
7.563549999999999614e-03
5.162339999999999637e-03
4.275819999999999621e-03
6.227970000000000207e-03
4.693799999999999709e-03
8.222190000000000748e-03
1.455180000000000015e-02
1.333190000000000069e-02
8.881520000000000387e-03
1.323159999999999961e-02
1.129349999999999972e-02
3.394050000000000018e-03
3.800759999999999816e-03
4.419700000000000364e-03
5.090120000000000061e-03
2.127739999999999927e-03
1.415620000000000029e-03
1.354799999999999971e-03
1.528590000000000027e-03
2.312030000000000075e-03
1.117459999999999981e-02
1.323440000000000033e-02
1.001190000000000066e-02
8.998010000000000730e-03
2.093820000000000143e-03
