4.863620000000000054e+00
5.023950000000000138e+00
5.186639999999999695e+00
5.351659999999999862e+00
5.519070000000000142e+00
5.762439999999999785e+00
6.902569999999999872e+00
4.402289999999999814e+00
2.749119999999999897e-01
2.331239999999999979e-01
8.985920000000000019e-02
1.252320000000000100e-01
5.459560000000000107e-02
5.315960000000000130e-02
1.657310000000000061e+00
2.194719999999999782e+00
1.132060000000000066e+00
1.133969999999999922e+00
2.310610000000000053e+00
1.969600000000000017e+00
2.029520000000000213e+00
1.543020000000000058e+00
9.546889999999999543e-02
1.315739999999999965e-01
2.471859999999999946e+00
9.674279999999999546e-01
5.584089999999999887e-02
4.898589999999999889e-02
7.277619999999999922e-02
1.069669999999999899e+00
8.776069999999999705e-02
6.707369999999999999e-02
1.428330000000000051e-02
1.719170000000000073e-02
2.878980000000000081e-02
2.635030000000000011e-02
5.545370000000000160e-02
8.568860000000000365e-02
3.368770000000000042e+00
3.420619999999999994e+00
2.556509999999999838e+00
5.026749999999999829e+00
4.281469999999999665e+00
4.672810000000000130e+00
9.244160000000000821e+00
1.628620000000000090e+01
1.212310000000000088e+01
1.767620000000000147e+01
1.410740000000000016e+01
1.185769999999999946e+01
1.028700000000000081e+01
7.500399999999999956e+00
3.481269999999999865e+00
5.970349999999999824e+00
6.605470000000000397e+00
5.579480000000000217e+00
1.752110000000000056e+00
2.056740000000000013e+00
4.060200000000000031e+00
4.460390000000000299e+00
8.522729999999999251e+00
1.092319999999999958e+01
1.386570000000000036e+01
2.187199999999999989e+01
2.285119999999999862e+01
1.898110000000000142e+01
1.686870000000000047e+01
1.644940000000000069e+01
9.401089999999999947e+00
4.150190000000000268e+00
2.932069999999999954e+00
2.433059999999999778e+00
1.968490000000000073e+00
1.831299999999999928e+00
1.048869999999999969e+00
9.742939999999999934e-01
7.585910000000000153e-01
8.038960000000000550e-01
4.529560000000000253e-01
8.228630000000000111e-01
7.388050000000000450e-01
8.853569999999999496e-01
1.192700000000000093e+00
7.823210000000000441e-01
1.032129999999999992e+00
8.085740000000000149e-01
8.935980000000000034e-01
1.139010000000000078e+00
1.384810000000000096e+00
1.867779999999999996e+00
1.733119999999999994e+00
2.135359999999999925e+00
1.618919999999999915e+00
1.864379999999999926e+00
1.541080000000000005e+00
8.477149999999999963e-01
4.007879999999999776e-01
4.106580000000000230e-01
2.843439999999999857e-01
4.481669999999999821e-01
3.377720000000000167e-01
3.075559999999999961e-01
5.234269999999999756e-01
4.622459999999999902e-01
3.358479999999999799e-01
3.018509999999999804e-01
2.752089999999999814e-01
4.726770000000000138e-01
8.984520000000000284e-01
9.609259999999999469e-01
1.390470000000000095e+00
1.801960000000000006e+00
1.398560000000000025e+00
1.778510000000000035e+00
1.443079999999999918e+00
1.420660000000000034e+00
9.109469999999999512e-01
1.003609999999999891e+00
6.863070000000000004e-01
4.973639999999999728e-01
1.983459999999999945e-01
1.650429999999999953e-01
1.189940000000000025e-01
1.472299999999999998e-01
9.959060000000000135e-02
7.494230000000000336e-02
7.358779999999999488e-02
4.176699999999999857e-02
4.408410000000000106e-02
3.000610000000000083e-02
3.099709999999999965e-02
3.999260000000000315e-02
2.617830000000000157e-02
3.522179999999999755e-02
3.803949999999999693e-02
3.073620000000000171e-02
4.329009999999999803e-02
2.992939999999999837e-02
4.243609999999999743e-02
8.648790000000000644e-02
1.682899999999999952e-01
1.331519999999999926e-01
1.385240000000000082e-01
1.522640000000000104e-01
1.205640000000000045e-01
8.093110000000000581e-02
5.187440000000000107e-02
4.556539999999999896e-02
6.081140000000000156e-02
6.763199999999999767e-02
8.122870000000000090e-02
5.997279999999999972e-02
6.600699999999999623e-02
8.340380000000000016e-02
1.119740000000000041e-01
1.681040000000000034e-01
1.258400000000000074e-01
1.714479999999999893e-01
1.734960000000000113e-01
1.552449999999999941e-01
1.171510000000000051e-01
5.479939999999999811e-02
3.533270000000000161e-02
4.444660000000000277e-02
4.069529999999999675e-02
3.993590000000000334e-02
3.393519999999999870e-02
4.031599999999999767e-02
8.073969999999999758e-02
8.438539999999999930e-02
7.209160000000000568e-02
7.329370000000000329e-02
6.217349999999999960e-02
6.177719999999999739e-02
2.585580000000000170e-02
2.720679999999999973e-02
2.583039999999999989e-02
3.415259999999999824e-02
2.623369999999999869e-02
3.217369999999999952e-02
2.470819999999999961e-02
2.890360000000000151e-02
2.542799999999999921e-02
2.984890000000000113e-02
2.371600000000000097e-02
2.679880000000000109e-02
3.005810000000000079e-02
3.595389999999999697e-02
2.247789999999999858e-02
3.747589999999999949e-02
3.271419999999999884e-02
3.581820000000000143e-02
2.609819999999999848e-02
2.468889999999999973e-02
2.836369999999999864e-02
4.716970000000000190e-02
3.226260000000000239e-02
3.495070000000000121e-02
3.855820000000000081e-02
3.108160000000000089e-02
3.367429999999999729e-02
3.013690000000000119e-02
2.954520000000000063e-02
2.096800000000000053e-02
1.256759999999999995e-02
1.041869999999999949e-02
8.063040000000000485e-03
6.682809999999999966e-03
3.958530000000000035e-03
7.617409999999999806e-03
5.003040000000000265e-03
8.716259999999999980e-03
7.214810000000000320e-03
6.502049999999999670e-03
6.628229999999999712e-03
1.289079999999999913e-02
9.207160000000000691e-03
9.583039999999999267e-03
9.196950000000000611e-03
1.821460000000000006e-03
1.861599999999999930e-03
