1.047620392523954891e+01
1.046223323425901697e+01
1.045978588890047689e+01
1.045747616398903368e+01
1.045673639213676154e+01
1.045761245979968734e+01
1.045809823347308409e+01
1.045854871509878592e+01
1.045951310836322889e+01
1.045894740952167901e+01
1.045826154926189311e+01
1.045931859109210293e+01
1.046039864327218183e+01
1.046151353324392730e+01
1.046266298643066861e+01
1.046385119919016837e+01
1.046519094608207112e+01
1.046425251356805042e+01
1.046134393005240426e+01
1.046086177528117922e+01
1.046192900623260513e+01
1.046308184741489988e+01
1.046271536615146047e+01
1.046019398613208651e+01
1.045769270288133690e+01
1.045709127605747746e+01
1.045853511678981285e+01
1.045850187468639447e+01
1.045700030782237278e+01
1.045710037183308394e+01
1.045863180662560588e+01
1.046025117945436200e+01
1.046181055444454167e+01
1.046368250664174226e+01
1.046283357144680615e+01
1.045972260702331802e+01
1.045804529388086657e+01
1.045068472430879680e+01
1.044971592338813515e+01
1.044600873368401217e+01
1.044149875558677110e+01
1.044110572887949218e+01
1.044021460003398616e+01
1.043655222371496372e+01
1.043643459248946037e+01
1.043945427926402836e+01
1.043734302245916190e+01
1.042953427081315709e+01
1.042172564387112743e+01
1.041447027733312147e+01
1.040944278670895606e+01
1.040471059207115800e+01
1.040115747467159402e+01
1.039727067965417895e+01
1.039069847573624017e+01
1.037922753721048252e+01
1.036909891622991964e+01
1.036659290589562055e+01
1.036920100948173484e+01
1.036923812835098957e+01
1.035564496509531551e+01
1.032642394002821007e+01
1.028622736052903264e+01
1.024143689706362004e+01
1.018339513024694831e+01
1.010041535096702070e+01
9.983982415877465044e+00
9.846944822750318238e+00
9.748993051801768672e+00
9.694499902659103441e+00
9.659389405552222030e+00
9.642851157067042323e+00
9.627531758170317033e+00
9.612821988219714342e+00
9.603749364040485403e+00
9.599897257340172629e+00
9.592236732543517164e+00
9.582041761340052588e+00
9.336299595763417614e+00
9.258589397561459933e+00
9.243127380077371669e+00
9.228382391065531820e+00
9.213499162950721910e+00
9.203076423126411498e+00
9.195556507227330201e+00
9.191649391983231610e+00
9.190919698912573210e+00
9.192213294855660521e+00
9.195368215664917244e+00
9.195121651828770837e+00
9.191146286613301797e+00
9.187083386136315255e+00
9.180908276932779444e+00
9.170305729497176372e+00
9.156540065578123944e+00
9.144256542806504129e+00
9.129857391890302765e+00
9.108365418879046160e+00
9.079188484228671641e+00
9.042079117303554625e+00
9.009599601323825979e+00
8.981573539796659844e+00
8.956184283856252648e+00
8.941894873542432620e+00
8.926811992304564569e+00
8.910594526108363667e+00
8.890466290383368886e+00
8.865723276428596478e+00
8.835859184496962726e+00
8.798527036898766696e+00
8.757405139770501279e+00
8.705152700038526703e+00
8.640732797862494152e+00
8.557197912625216674e+00
8.456659007136714479e+00
8.378692176565021299e+00
8.305759672262821525e+00
8.213939893193440867e+00
8.102992508745057165e+00
8.018346762394267913e+00
7.983792667154302691e+00
7.948039155192674343e+00
7.899798076062483965e+00
7.853071256207316608e+00
7.827488816836353891e+00
7.804496538708144193e+00
7.762886285323877367e+00
7.707377681379464995e+00
7.648790188571987336e+00
7.589811140912448906e+00
7.539143873567780929e+00
7.505453878104718868e+00
7.486712359956434248e+00
7.470519271500472236e+00
7.458992692555423965e+00
7.447376674588265466e+00
7.433776232323137556e+00
7.420658637365594501e+00
7.412638596865575913e+00
7.409141547056401045e+00
7.404522417693588210e+00
7.398809463910311024e+00
7.394621512795695573e+00
7.389006518306231897e+00
7.375462420447171930e+00
7.351171849638705069e+00
7.324354488692559784e+00
7.300438953168534084e+00
7.278963840016610121e+00
7.208419856179551388e+00
7.159735585036395733e+00
7.119809954182221290e+00
7.068623647420087863e+00
7.019078885483801322e+00
6.967746826329190846e+00
6.890984062719756054e+00
6.786169844711261057e+00
6.689463365869144695e+00
6.630183706456802994e+00
6.582986677622047367e+00
6.557025722386383038e+00
6.535552340854419384e+00
6.517557439481050707e+00
6.503452918418447304e+00
6.489478944816336359e+00
6.476586743715223804e+00
6.466852797763896099e+00
6.461681570189821144e+00
6.453559887397984696e+00
6.442290017753616205e+00
6.429687696095395921e+00
6.410368888980955582e+00
6.382985465903518119e+00
6.349158979014763560e+00
6.321011933820933848e+00
6.292402288759038065e+00
6.265065583413967687e+00
6.240099745587404989e+00
5.846773043710385309e+00
5.774497987739902527e+00
5.697516161450610461e+00
5.614988914167108547e+00
5.535915362351775393e+00
5.463807912662117516e+00
5.375396555048647329e+00
5.293899289364243366e+00
5.241894971630702393e+00
5.184322265577157474e+00
5.116737216161125090e+00
5.060471192797678874e+00
5.019062260021524224e+00
4.973427136437752694e+00
4.894094427322698948e+00
4.776546466257538093e+00
4.671375589607363210e+00
4.581667542589980435e+00
4.491875538360019959e+00
4.416663802202970501e+00
4.331451592035945986e+00
4.246525661806894725e+00
4.191666152128926015e+00
4.142063936177988737e+00
4.103704540025614911e+00
4.078395185915747234e+00
4.046315634454750843e+00
4.009123564302096376e+00
3.961413025132264121e+00
3.900036502003886518e+00
3.842199711555330133e+00
3.784568797273856866e+00
3.733501405551586050e+00
3.648722909986445107e+00
3.514340516865624320e+00
3.379305517750581966e+00
3.259166062559720523e+00
3.128308781274640626e+00
2.978401489659156631e+00
2.816274450977021448e+00
2.651544519225381702e+00
2.494363339267308355e+00
2.338862707581402134e+00
2.247958544265434178e+00
2.188616354228456462e+00
2.090250996911658721e+00
1.952003023994339337e+00
1.790725570065463845e+00
1.611499200963312006e+00
1.417768871474186954e+00
1.220108088040055216e+00
9.951752130926094786e-01
5.321604797589869484e-01
