1.041868403111122277e+01
1.040941740940553828e+01
1.039909369826609087e+01
1.038864106850883573e+01
1.037858502519679504e+01
1.037383481773890992e+01
1.037508355791830894e+01
1.037398720595658475e+01
1.037223058325011316e+01
1.035392584335231803e+01
1.031221756703023473e+01
1.031124724186581076e+01
1.031261101105278932e+01
1.031408852766504403e+01
1.031570591180604701e+01
1.031741976845244224e+01
1.031926641663222100e+01
1.032125450374297060e+01
1.032345424247582955e+01
1.032425158018492262e+01
1.032365835196917736e+01
1.032255625921723485e+01
1.032060942505196621e+01
1.032107207061981669e+01
1.032210139880223032e+01
1.031916021255942617e+01
1.031427181117419600e+01
1.030773985896955303e+01
1.029710803251344231e+01
1.028263570560687512e+01
1.026749087624162904e+01
1.025089307674484829e+01
1.023576572905902182e+01
1.022304661748031229e+01
1.021193441419853443e+01
1.020524226829614989e+01
1.020028127602393120e+01
1.019149572716769470e+01
1.017432152726404126e+01
1.014706695733995190e+01
1.011395337437154929e+01
1.009085387285146496e+01
1.007184888188745298e+01
1.003150945122613003e+01
9.963615019295177788e+00
9.884122734406998845e+00
9.805489304004405327e+00
9.729823024597413550e+00
9.677124946923195026e+00
9.639195534055467363e+00
9.604989178738177813e+00
9.593856258005480697e+00
9.598304525256866171e+00
9.595014262393581461e+00
9.579745879931975239e+00
9.558092683567526393e+00
9.528594071846178792e+00
9.495554050093986120e+00
9.463501798580770341e+00
9.429816854306579899e+00
9.391727060285983697e+00
9.345648141487865601e+00
9.303768257608687975e+00
9.274617311462993285e+00
9.250910136812322548e+00
9.234051356603535154e+00
9.221982491721554709e+00
9.216165902285993639e+00
9.215500089986752741e+00
9.214557755030840624e+00
9.209268308111116852e+00
9.204038544805531075e+00
9.199853869330231859e+00
9.196474642641380370e+00
9.191526464480762826e+00
9.185085806817603782e+00
9.179212725316293842e+00
9.173509682776179730e+00
9.158305185570387863e+00
9.126615130875180171e+00
9.081188829827919307e+00
9.031153872877002442e+00
8.992034528585829634e+00
8.966420530715367931e+00
8.943711114484608871e+00
8.920460400058232153e+00
8.895305944973703305e+00
8.882790838753717111e+00
8.867816197667730549e+00
8.852210916102807303e+00
8.812989518534910971e+00
8.790508236961493083e+00
8.778510842069149334e+00
8.768364268841102316e+00
8.754079877115094277e+00
8.726525088770722860e+00
8.692068367835684484e+00
8.660967875983720532e+00
8.612060843420707101e+00
8.530893502445865195e+00
8.432207405710062886e+00
8.344573028337590515e+00
8.228207809605679657e+00
8.056584726921059314e+00
7.912704987049929528e+00
7.793654908370279522e+00
7.673919915302375827e+00
7.610250157418205319e+00
7.576074009796056608e+00
7.538965628343894387e+00
7.509281844419343876e+00
7.489518340051752432e+00
7.470636841425295493e+00
7.431821944337310804e+00
7.394477947843264509e+00
7.341731207601339015e+00
7.250824829772582802e+00
7.112960066343302579e+00
6.973174514648987632e+00
6.875046207588692226e+00
6.808352112579623139e+00
6.773181374625599993e+00
6.752212910514534983e+00
6.730754828679422097e+00
6.709239423571478511e+00
6.545445672657388414e+00
6.496582350281368434e+00
6.453082778462197133e+00
6.424494517561006646e+00
6.394906751054025840e+00
6.354809278161449804e+00
6.307359095897367318e+00
6.270065967190480372e+00
6.240536768376798271e+00
6.207135975639386238e+00
6.175018675936629009e+00
6.138631058555585440e+00
6.082903798117548000e+00
6.009140574612283459e+00
5.927802389163042029e+00
5.854659407637379687e+00
5.814440054776386368e+00
5.784178497791322648e+00
5.746143589448895916e+00
5.700412070953216670e+00
5.660848409326372455e+00
5.621583371870041645e+00
5.590511922006035306e+00
5.565742772794116888e+00
5.540057799337176014e+00
5.520931352194319963e+00
5.493140056138972049e+00
5.464774115288402179e+00
5.438486970731454484e+00
5.399777524488799330e+00
5.359759616415701089e+00
5.323334618599050216e+00
5.290277303019256472e+00
5.270634589412764193e+00
5.233346452311220531e+00
5.180593193004058072e+00
5.134084626805885954e+00
5.072573383496627564e+00
4.984444496966570881e+00
4.898006246231064509e+00
4.807527586822391896e+00
4.713383846431046464e+00
4.635456602561526473e+00
4.544775987454054977e+00
4.462324610907075773e+00
4.385030407103792882e+00
4.308461963467723699e+00
4.278783314821917649e+00
4.243779438651007929e+00
4.188582597054509193e+00
4.105029640404689317e+00
4.005274914087002536e+00
3.899796435063505928e+00
3.734453375577925893e+00
3.524623272060327661e+00
3.320499396405866221e+00
3.144163067744930373e+00
2.990087441869935247e+00
2.829927422090205535e+00
2.614111191102004295e+00
2.184049449676084276e+00
