1.234909999999999997e+01
1.749460000000000015e+00
1.740890000000000049e+00
1.484290000000000109e+00
1.035819999999999935e-01
6.332369999999999666e-02
5.401190000000000158e-01
5.394850000000000340e-02
1.567989999999999939e-01
1.623459999999999903e+00
3.035530000000000173e-02
2.323959999999999915e-02
4.622749999999999776e-02
3.455779999999999963e-02
7.290439999999999421e-02
6.042329999999999923e-02
9.785409999999999942e-02
2.701010000000000133e+00
1.755779999999999896e+00
1.009209999999999968e-01
3.195009999999999795e-01
1.361219999999999930e-01
2.256990000000000052e+00
2.345279999999999809e+00
2.095470000000000166e+00
8.391079999999999373e-02
5.303030000000000244e-02
1.991039999999999921e+00
1.510829999999999895e+00
7.952839999999999909e-02
2.918010000000000048e-02
7.568990000000000440e-02
1.543769999999999865e-01
6.786509999999999765e-02
3.975589999999999957e+00
2.474499999999999922e+00
2.381429999999999936e+00
1.583040000000000003e+00
2.681309999999999860e+00
5.271650000000000169e+00
3.244499999999999940e+00
1.796840000000000104e-01
4.593890000000000029e+00
3.322290000000000187e+00
4.775329999999999853e-02
5.171329999999999677e-02
7.845790000000000042e+00
7.200219999999999843e+00
7.821699999999999875e+00
6.191889999999999894e+00
4.959060000000000024e+00
5.088739999999999597e+00
4.715460000000000207e+00
6.118299999999999628e+00
8.793839999999999435e+00
1.248119999999999941e+01
5.829500000000000348e+00
3.379119999999999902e+00
2.244639999999999969e-01
9.396340000000000359e+00
2.023949999999999960e+01
2.972319999999999851e+01
3.071979999999999933e+01
3.101249999999999929e+01
3.962230000000000274e+01
4.350300000000000011e+01
4.702270000000000039e+01
3.037199999999999989e+01
1.192980000000000018e+01
8.973959999999999937e+00
3.364160000000000039e+00
2.855339999999999989e+00
2.742710000000000203e+00
2.618139999999999912e+00
8.854870000000000241e-01
1.289639999999999898e+00
2.016809999999999992e+00
1.904749999999999943e+00
2.134539999999999882e+00
1.638830000000000009e+00
1.038440000000000030e+00
1.397289999999999921e+00
1.017589999999999995e+00
7.689890000000000336e-01
5.946919999999999984e-01
2.600850000000000106e-01
1.924440000000000039e-01
2.794699999999999789e-03
1.390219999999999954e-03
5.839800000000000546e-01
5.532669999999999533e-01
6.641289999999999694e-01
9.393510000000000471e-01
1.362630000000000008e+00
1.334940000000000015e+00
1.201640000000000041e+00
1.710090000000000110e+00
2.168620000000000214e+00
2.600200000000000067e+00
2.842029999999999834e+00
1.603599999999999914e+00
2.190080000000000027e+00
1.025949999999999918e+00
1.032569999999999988e+00
1.111299999999999955e+00
1.151319999999999899e+00
1.504070000000000018e+00
1.528820000000000068e+00
1.890419999999999989e+00
2.007179999999999964e+00
1.961589999999999945e+00
2.552700000000000191e+00
2.241740000000000066e+00
2.998099999999999987e+00
1.971360000000000001e+00
1.298920000000000075e+00
1.384970000000000034e+00
1.381070000000000020e+00
1.221510000000000096e+00
3.594749999999999890e-01
2.888830000000000009e-01
3.394139999999999935e-01
4.177190000000000070e-01
2.320299999999999863e-01
1.360359999999999903e-01
2.067710000000000103e-01
3.199350000000000249e-01
2.867560000000000109e-01
2.784550000000000081e-01
2.178829999999999933e-01
1.625109999999999888e-01
7.364020000000000288e-02
6.356340000000000601e-02
4.602690000000000253e-02
4.326920000000000072e-02
4.620760000000000145e-02
5.328490000000000310e-02
3.818760000000000210e-02
2.149389999999999981e-02
1.833639999999999923e-02
3.034480000000000163e-02
2.535410000000000094e-02
2.449569999999999872e-02
3.838430000000000314e-02
7.411850000000000382e-02
9.679020000000000679e-02
8.005020000000000191e-02
7.490489999999999648e-02
6.699320000000000275e-02
1.388600000000000112e-01
8.198329999999999507e-02
9.861670000000000158e-02
1.059159999999999963e-01
7.005419999999999703e-02
1.029329999999999967e-01
1.124409999999999993e-01
1.218439999999999940e-01
4.732879999999999726e-02
4.470289999999999681e-02
2.039300000000000140e-02
1.551199999999999975e-02
1.375000000000000007e-02
1.052299999999999937e-02
8.985349999999999587e-03
7.435589999999999734e-03
9.574259999999999368e-03
4.442579999999999793e-03
5.279520000000000220e-03
7.373389999999999632e-03
9.311190000000000438e-03
9.021490000000000065e-03
1.145219999999999919e-02
2.195830000000000004e-02
1.500100000000000044e-02
1.525720000000000028e-02
1.395049999999999936e-02
1.297129999999999984e-02
1.113560000000000071e-02
1.213700000000000022e-02
1.162269999999999970e-02
9.894210000000000504e-03
9.578649999999999318e-03
6.102759999999999609e-03
6.385100000000000324e-03
6.249170000000000072e-03
3.396380000000000059e-03
2.257349999999999982e-03
3.021090000000000147e-03
2.651010000000000085e-03
1.565940000000000040e-03
1.435859999999999958e-03
1.637989999999999976e-03
2.806630000000000062e-03
2.269450000000000113e-03
1.303080000000000080e-03
1.224889999999999963e-03
8.525429999999999857e-04
6.357999999999999503e-04
7.824460000000000096e-04
3.721139999999999951e-04
3.016180000000000250e-04
2.512840000000000017e-04
1.508059999999999924e-04
1.219679999999999950e-04
2.010430000000000062e-04
1.419559999999999941e-04
2.590460000000000267e-04
1.840830000000000060e-04
1.926460000000000119e-04
1.423949999999999945e-04
1.345730000000000006e-04
2.492220000000000069e-04
2.081689999999999918e-04
1.329509999999999947e-04
1.006230000000000020e-04
9.324630000000000201e-05
6.887429999999999887e-05
5.526630000000000312e-05
3.221899999999999764e-05
2.682579999999999988e-05
1.413599999999999984e-05
4.746900000000000240e-06
6.649280000000000312e-06
8.638409999999999172e-06
7.539659999999999739e-06
5.971869999999999966e-06
4.322439999999999734e-06
3.018230000000000154e-06
1.853529999999999896e-06
1.644009999999999909e-06
1.711289999999999967e-06
