1.528039999999999954e-01
1.204649999999999992e-02
2.260430000000000078e-02
5.271370000000000222e-02
4.668369999999999811e-03
3.820899999999999904e-03
4.790420000000000095e-03
1.316419999999999917e-02
9.177019999999999275e-03
5.578539999999999888e-03
8.005450000000000760e-03
1.340730000000000047e-02
8.276399999999999729e-03
9.931779999999999428e-03
8.931599999999999609e-03
7.963500000000000092e-03
1.004560000000000002e-02
8.024220000000000311e-03
3.746660000000000181e-03
6.485829999999999720e-03
9.694819999999999827e-03
7.503560000000000264e-03
3.438389999999999936e-03
4.506630000000000184e-03
1.488750000000000056e-03
1.066759999999999931e-03
9.292569999999999563e-04
6.657769999999999921e-04
7.197669999999999546e-04
6.428109999999999684e-04
8.414580000000000063e-04
7.318249999999999669e-04
9.741689999999999898e-04
7.374060000000000207e-04
1.716969999999999955e-03
3.426960000000000162e-03
2.768189999999999800e-03
2.976669999999999837e-03
1.055739999999999977e-02
5.995709999999999928e-02
5.719020000000000437e+00
7.532999999999999419e-02
3.254039999999999822e+00
5.529189999999999827e+00
1.084450000000000003e+01
7.591730000000000089e+00
7.157210000000000072e+00
1.245519999999999960e+01
2.159110000000000085e+01
1.821849999999999881e+01
1.229170000000000051e+01
8.109019999999999229e+00
7.264719999999999622e+00
5.537860000000000227e+00
5.020730000000000359e+00
6.826299999999999812e+00
5.966499999999999915e+00
4.615829999999999878e+00
6.330799999999999983e+00
7.650369999999999671e+00
5.196839999999999904e+00
5.442949999999999733e+00
3.921839999999999993e+00
1.308249999999999913e+00
1.786529999999999951e+00
2.295619999999999994e+00
1.374910000000000077e+00
6.401179999999999648e-01
8.746239999999999570e-01
6.746259999999999479e-01
4.141259999999999941e-01
2.678740000000000010e-01
1.704390000000000072e-01
1.391630000000000089e-01
1.448699999999999988e-01
1.840529999999999944e-01
2.039650000000000074e-01
2.507969999999999922e-01
2.936289999999999734e-01
1.878469999999999862e-01
1.873869999999999980e-01
4.460740000000000260e-01
5.346009999999999929e-01
3.456040000000000223e-01
3.459880000000000178e-01
4.294419999999999904e-01
2.763939999999999730e-01
1.309579999999999911e-01
1.153020000000000017e-01
1.060350000000000042e-01
1.121100000000000013e-01
6.791550000000000364e-02
6.088389999999999774e-02
7.546269999999999367e-02
6.540759999999999630e-02
8.779869999999999342e-02
6.909339999999999926e-02
3.763500000000000179e-02
5.009319999999999745e-02
3.697729999999999767e-02
2.485180000000000028e-02
2.677150000000000016e-02
1.498159999999999943e-02
1.180439999999999962e-02
1.348610000000000086e-02
1.187659999999999931e-02
1.789699999999999971e-02
3.121070000000000094e-02
7.008989999999999665e-02
4.858769999999999756e-02
6.598750000000000449e-02
9.995279999999999443e-02
1.077649999999999997e-01
1.086440000000000045e-01
1.118080000000000046e-01
8.993560000000000443e-02
8.294840000000000546e-02
6.414830000000000532e-02
2.830649999999999833e-02
1.967400000000000052e-02
2.252300000000000135e-02
1.688229999999999939e-02
3.309650000000000092e-02
5.427660000000000123e-02
7.621740000000000459e-02
6.068880000000000108e-02
3.726039999999999908e-02
4.030500000000000055e-02
4.423459999999999892e-02
4.993249999999999772e-02
5.581959999999999700e-02
4.297539999999999694e-02
2.538610000000000172e-02
1.669730000000000172e-02
1.757540000000000144e-02
2.480889999999999831e-02
3.011700000000000141e-02
3.596839999999999760e-02
4.664080000000000309e-02
5.613359999999999878e-02
4.158119999999999872e-02
4.935130000000000072e-02
5.460700000000000276e-02
7.062720000000000109e-02
1.098149999999999959e-01
8.216379999999999517e-02
7.263189999999999924e-02
1.404219999999999913e-01
1.293710000000000138e-01
1.938310000000000033e-01
3.499720000000000053e-01
2.251180000000000125e-01
1.749340000000000062e-01
1.142750000000000016e-01
8.521499999999999908e-02
5.969909999999999800e-02
4.314470000000000111e-02
4.404609999999999775e-02
2.072330000000000005e-02
2.591589999999999866e-02
3.097060000000000091e-02
2.040700000000000153e-02
3.343270000000000269e-02
2.914709999999999870e-02
1.955869999999999831e-02
1.403289999999999919e-02
1.085850000000000010e-02
2.283189999999999872e-02
6.250150000000000150e-02
4.898860000000000020e-02
1.126709999999999934e-01
2.114759999999999973e-01
2.177890000000000104e-01
1.637760000000000049e-01
1.964609999999999967e-01
1.181389999999999940e-01
9.689300000000000690e-02
4.744319999999999787e-02
2.369119999999999907e-02
1.357440000000000035e-02
1.135489999999999937e-02
8.936909999999999299e-03
7.474190000000000347e-03
1.986209999999999972e-03
2.136180000000000110e-03
1.573420000000000070e-03
1.794650000000000065e-03
2.232229999999999978e-03
2.076039999999999917e-03
2.567450000000000201e-03
2.414139999999999949e-03
4.198649999999999952e-03
1.656270000000000051e-03
2.186909999999999809e-03
2.655010000000000182e-03
2.820009999999999965e-03
1.200979999999999930e-03
1.673070000000000026e-03
5.796220000000000148e-04
5.040529999999999664e-04
7.463699999999999979e-04
4.221420000000000250e-04
2.396040000000000051e-04
5.422769999999999717e-04
2.626330000000000179e-04
2.165629999999999931e-04
2.839030000000000091e-04
1.514230000000000036e-04
1.910849999999999908e-04
1.589369999999999997e-04
3.119519999999999975e-04
2.271130000000000056e-04
1.692519999999999984e-04
7.534569999999999928e-05
3.859709999999999676e-05
5.254449999999999811e-05
1.238380000000000025e-04
1.167810000000000056e-04
3.855920000000000175e-05
