5.201369999999999827e+00
8.672169999999999879e-02
1.446119999999999906e-01
3.169109999999999983e-01
1.049329999999999985e-01
6.103900000000000325e+00
6.117539999999999978e+00
6.072160000000000224e+00
4.336420000000000385e+00
2.082930000000000170e+00
3.102829999999999977e+00
3.359609999999999985e+00
3.823040000000000216e+00
2.325639999999999930e+00
2.301750000000000185e+00
3.590310000000000112e+00
1.304559999999999942e+00
1.375089999999999923e+00
8.059330000000000105e-01
4.654420000000000085e-02
1.432239999999999958e+00
1.985039999999999916e+00
8.097920000000000118e-02
2.410690000000000222e+00
2.427700000000000191e+00
3.062050000000000161e+00
4.352800000000000225e+00
6.398150000000000226e+00
7.948190000000000310e+00
8.530519999999999214e+00
4.123709999999999987e+00
2.632499999999999840e+00
9.330039999999999514e-03
8.337560000000000804e-03
1.168570000000000025e-02
9.379959999999999687e-03
6.778679999999999602e-03
4.738860000000000294e-02
9.115550000000000042e-03
5.030910000000000416e-03
3.121660000000000060e-02
3.328329999999999789e+00
4.184319999999999595e+00
1.776499999999999968e+00
1.584400000000000044e-02
1.435660000000000061e-02
2.640589999999999951e-02
3.958000000000000185e+00
1.360240000000000060e-01
1.085939999999999996e-02
1.378399999999999938e-02
1.058229999999999935e-02
2.604170000000000096e-02
3.920830000000000037e+00
2.083159999999999873e-02
2.362039999999999973e-02
5.284010000000000318e+00
8.567729999999999180e+00
4.130589999999999762e+00
7.525699999999999751e-03
2.391780000000000034e-03
1.305280000000000025e-03
1.375879999999999898e-03
3.206710000000000203e-03
1.814230000000000009e-03
3.389839999999999867e-03
3.913439999999999801e-03
1.472859999999999968e-02
4.018309999999999604e+00
1.756539999999999838e-02
4.190590000000000259e+00
7.799150000000000027e+00
4.812229999999999563e+00
6.112650000000000361e+00
3.210290000000000088e+00
3.118500000000000050e+00
3.992919999999999803e+00
3.189649999999999874e+00
2.835500000000000131e+00
2.164250000000000007e+00
1.962480000000000002e+00
8.847110000000000252e-01
2.327430000000000110e+00
4.443590000000000373e+00
3.993500000000000050e+00
6.541450000000000209e+00
8.264319999999999666e+00
6.059289999999999843e+00
5.587989999999999569e+00
8.063209999999999766e+00
6.868990000000000151e+00
5.346580000000000332e+00
3.976830000000000087e+00
2.842070000000000096e+00
3.559159999999999879e+00
2.130999999999999783e+00
1.684930000000000039e+00
1.709370000000000056e+00
9.955000000000000515e-01
8.091749999999999776e-01
6.268460000000000143e-01
4.260809999999999875e-01
3.605670000000000264e-01
4.540899999999999936e-01
3.708199999999999830e-01
2.895280000000000076e-01
2.577829999999999844e-01
2.353530000000000066e-01
4.898790000000000089e-01
4.674809999999999799e-01
4.571760000000000268e-01
5.373799999999999688e-01
6.179759999999999698e-01
3.825770000000000004e-01
2.146190000000000042e-01
2.809599999999999875e-01
1.618370000000000086e-01
1.060230000000000061e-01
1.231659999999999977e-01
1.268090000000000050e-01
1.162709999999999994e-01
2.000319999999999876e-01
2.270469999999999988e-01
2.474149999999999960e-01
2.676089999999999858e-01
3.143909999999999760e-01
3.601710000000000189e-01
2.362140000000000073e-01
3.305520000000000125e-01
1.719249999999999945e-01
2.961599999999999788e-01
2.203130000000000088e-01
3.608799999999999786e-01
4.160030000000000117e-01
4.729499999999999815e-01
4.694079999999999919e-01
6.824770000000000003e-01
5.215929999999999733e-01
6.930800000000000294e-01
8.538919999999999844e-01
7.476620000000000488e-01
9.290720000000000089e-01
1.071010000000000018e+00
8.043289999999999607e-01
4.149129999999999763e-01
2.025689999999999991e-01
2.223459999999999881e-01
1.271059999999999968e-01
1.137610000000000010e-01
8.976259999999999795e-02
5.871930000000000205e-02
5.366180000000000255e-02
9.311790000000000345e-02
7.386399999999999910e-02
1.315969999999999918e-01
1.993969999999999909e-01
2.292899999999999938e-01
1.384219999999999895e-01
1.490100000000000036e-01
1.568430000000000102e-01
1.128310000000000007e-01
1.759989999999999888e-01
2.144689999999999930e-01
2.826980000000000048e-01
1.779280000000000028e-01
1.406139999999999890e-01
1.221560000000000007e-01
9.626969999999999972e-02
1.111100000000000004e-01
1.751910000000000134e-01
1.572820000000000051e-01
1.207270000000000010e-01
1.233439999999999953e-01
1.009800000000000003e-01
8.420980000000000132e-02
1.245590000000000031e-01
6.522820000000000007e-02
3.991539999999999672e-02
2.491290000000000171e-02
1.536329999999999987e-02
1.941829999999999945e-02
2.033089999999999897e-02
1.563590000000000119e-02
1.306640000000000058e-02
1.766409999999999855e-02
1.494619999999999976e-02
1.042840000000000086e-02
7.657640000000000280e-03
5.144560000000000279e-03
5.462319999999999676e-03
7.507950000000000214e-03
1.067500000000000046e-02
7.425760000000000000e-03
9.291890000000000566e-03
7.319169999999999843e-03
4.438240000000000414e-03
3.458919999999999877e-03
1.672840000000000091e-03
1.005489999999999943e-03
7.993660000000000305e-04
9.366999999999999459e-04
5.894620000000000155e-04
1.016009999999999917e-03
7.312749999999999806e-04
9.404790000000000328e-04
5.093469999999999465e-04
6.648749999999999929e-04
8.877429999999999740e-04
9.008840000000000164e-04
7.556130000000000312e-04
6.044740000000000269e-04
5.983660000000000237e-04
5.911889999999999940e-04
1.080999999999999930e-03
7.317509999999999943e-04
2.004590000000000104e-03
1.105110000000000077e-03
2.026599999999999875e-04
1.457960000000000115e-04
1.327070000000000018e-04
2.243930000000000046e-04
1.914250000000000044e-04
1.358680000000000076e-04
1.112399999999999988e-04
1.882650000000000008e-05
