5.621430000000000149e+00
5.801599999999999646e+00
6.001299999999999635e+00
6.186539999999999928e+00
6.298879999999999590e+00
6.644910000000000316e+00
8.302419999999999689e+00
1.186280000000000001e+01
1.252260000000000062e+01
1.092820000000000036e+01
3.562510000000000066e+00
8.730989999999999585e-02
4.764929999999999860e-02
2.917439999999999964e-02
4.727689999999999670e-02
2.059329999999999841e-02
1.383870000000000065e-02
1.223959999999999979e-02
1.694069999999999951e-02
1.648830000000000087e-02
3.963900000000000062e-02
3.210550000000000209e-02
2.429660000000000153e-02
2.965490000000000140e-02
1.428029999999999924e-02
6.550069999999999504e-02
2.248570000000000083e-02
1.223690000000000021e-02
2.108439999999999870e+00
1.966820000000000027e-02
4.376929999999999765e+00
4.412899999999999601e+00
4.191390000000000171e+00
4.859729999999999883e+00
4.397120000000000140e+00
5.530150000000000343e-02
2.792370000000000019e+00
5.822680000000000078e+00
5.878779999999999895e+00
3.275300000000000100e+00
6.150900000000000034e+00
4.079670000000000130e+00
5.911539999999999573e+00
3.568540000000000045e+00
6.143060000000000187e+00
5.884249999999999758e+00
2.939410000000000078e+00
3.225619999999999876e-02
2.869849999999999832e-02
3.977679999999999882e+00
7.962150000000000283e+00
8.928330000000000766e+00
7.549909999999999677e+00
3.206490000000000035e-02
5.057990000000000055e-03
1.883960000000000148e-02
3.009039999999999979e-02
7.615180000000000039e-03
4.655359999999999880e-03
4.617790000000000089e-03
7.403220000000000287e-03
5.182390000000000260e-03
5.190779999999999873e-03
2.071020000000000152e-02
1.301880000000000051e-02
3.067249999999999838e-02
1.447110000000000063e-02
1.814069999999999919e-02
7.657390000000000363e+00
7.719699999999999562e+00
4.689849999999999852e+00
1.794719999999999996e-02
1.306140000000000079e-02
6.673749999999999995e-03
5.056589999999999696e-03
4.477179999999999715e+00
2.427360000000000184e+00
4.473250000000000171e+00
7.503339999999999836e-03
2.957710000000000113e-03
2.873909999999999920e-03
1.641529999999999986e-03
1.777420000000000042e-03
4.207690000000000041e-03
2.388590000000000213e+00
4.201290000000000191e+00
5.622329999999999828e+00
7.340760000000000396e+00
5.355809999999999960e+00
6.618820000000000370e+00
4.198120000000000296e+00
6.750589999999999868e+00
7.373470000000000191e+00
4.383499999999999730e+00
5.575639999999999930e+00
6.785379999999999967e+00
4.872700000000000031e+00
5.166579999999999728e+00
3.397079999999999878e+00
2.848009999999999931e+00
1.697030000000000038e+00
1.274589999999999890e+00
1.298170000000000046e+00
1.118929999999999980e+00
1.508389999999999898e+00
1.313479999999999981e+00
6.851469999999999505e-01
3.636329999999999840e-01
4.044249999999999790e-01
3.338860000000000161e-01
5.628220000000000445e-01
4.824200000000000155e-01
4.932880000000000043e-01
6.391179999999999639e-01
5.302590000000000359e-01
5.755219999999999780e-01
4.359600000000000142e-01
2.935090000000000199e-01
3.529889999999999972e-01
4.914479999999999960e-01
3.799109999999999987e-01
4.259910000000000085e-01
4.083010000000000250e-01
4.753629999999999800e-01
4.183470000000000244e-01
3.702980000000000160e-01
3.291799999999999726e-01
2.158450000000000091e-01
4.423030000000000017e-01
5.366340000000000554e-01
5.117140000000000022e-01
4.667029999999999790e-01
6.992829999999999879e-01
1.193070000000000075e+00
1.047930000000000028e+00
7.346110000000000140e-01
1.399450000000000083e+00
2.518679999999999808e+00
1.644260000000000055e+00
8.129629999999999912e-01
5.678389999999999826e-01
3.210219999999999740e-01
1.478319999999999912e-01
7.502350000000000685e-02
6.027020000000000294e-02
7.059780000000000222e-02
8.350349999999999440e-02
9.255180000000000351e-02
6.919240000000000113e-02
7.482590000000000074e-02
1.060510000000000064e-01
1.709910000000000041e-01
2.315439999999999998e-01
1.253340000000000010e-01
1.445599999999999941e-01
8.673469999999999791e-02
4.573359999999999925e-02
3.201529999999999654e-02
1.552669999999999918e-02
9.688419999999999671e-03
1.208880000000000024e-02
1.300079999999999986e-02
1.715650000000000161e-02
2.145589999999999997e-02
2.214599999999999902e-02
4.009540000000000326e-02
3.867400000000000004e-02
3.654480000000000228e-02
4.757920000000000205e-02
5.563030000000000058e-02
7.939060000000000561e-02
4.623510000000000120e-02
6.955730000000000246e-02
1.159199999999999953e-01
1.386880000000000057e-01
1.059139999999999943e-01
1.391860000000000042e-01
9.498370000000000424e-02
7.935209999999999486e-02
3.746649999999999980e-02
2.710310000000000150e-02
1.358209999999999973e-02
7.915790000000000673e-03
4.345759999999999727e-03
6.758390000000000404e-03
1.655589999999999970e-03
1.028220000000000045e-03
6.275410000000000146e-04
5.456200000000000242e-04
4.818800000000000145e-04
4.251999999999999812e-04
4.831109999999999897e-04
8.668830000000000416e-04
1.267909999999999914e-03
8.786900000000000049e-04
1.160329999999999999e-03
1.460680000000000008e-03
1.457229999999999897e-03
1.966489999999999991e-03
3.155559999999999962e-03
2.157399999999999856e-03
2.550220000000000178e-03
1.448220000000000063e-03
4.534070000000000179e-04
6.971600000000000540e-04
4.188950000000000204e-04
5.734790000000000026e-04
4.887879999999999829e-04
6.090549999999999480e-04
3.869000000000000260e-04
5.209089999999999554e-04
2.777979999999999989e-04
5.756490000000000174e-04
3.793989999999999906e-04
3.436429999999999758e-04
3.456879999999999740e-04
2.707310000000000207e-04
2.246749999999999995e-04
1.424759999999999959e-04
7.317389999999999409e-05
5.713109999999999922e-05
