1.032397154561404662e+01
1.031288156133278910e+01
1.030819932473630729e+01
1.030204722398943318e+01
1.029682308682095204e+01
1.029447945320327129e+01
1.029517330774987194e+01
1.029585946313272515e+01
1.029670466978357091e+01
1.029756574597779917e+01
1.029845351633160888e+01
1.029935691481792581e+01
1.030026713924576143e+01
1.030117980142023093e+01
1.030209921429064934e+01
1.030306855923236498e+01
1.030404437131091733e+01
1.030502875374633298e+01
1.030094964375204825e+01
1.024308767950537558e+01
1.024410633896930278e+01
1.024514978165115409e+01
1.024621535997728650e+01
1.024730536264844361e+01
1.024840489264425791e+01
1.024951876073359713e+01
1.025065660394152012e+01
1.025182552277025927e+01
1.025305436107734813e+01
1.025432084081328021e+01
1.025562221260044460e+01
1.025587045456326862e+01
1.025725607202336143e+01
1.025868516260747221e+01
1.026016921253688885e+01
1.026171239856698314e+01
1.026331644279822264e+01
1.026498065291155193e+01
1.026676071486955522e+01
1.026866220186806800e+01
1.027075101850472549e+01
1.027314948595316224e+01
1.026857095197995839e+01
1.025913258428849950e+01
1.025431358663286829e+01
1.025641223766489496e+01
1.025855826937422677e+01
1.026075093258666726e+01
1.026337328235596580e+01
1.026620111149449244e+01
1.026950593941171697e+01
1.027348972333697397e+01
1.027020586137001601e+01
1.025886705803841004e+01
1.024767872957065684e+01
1.022835672172243271e+01
1.019940409034518503e+01
1.016294059227569413e+01
1.012917410296776666e+01
1.011123898313483238e+01
1.009078692794926724e+01
1.006397850313691755e+01
1.003961238189672400e+01
1.002142086104924523e+01
1.000524058861270937e+01
9.991093551341997170e+00
9.984771169851835992e+00
9.974721650761905423e+00
9.956015151283773790e+00
9.938069186223385643e+00
9.924644663509369025e+00
9.909549076195043327e+00
9.891403078771881852e+00
9.875085004174469105e+00
9.862521353336036967e+00
9.847705888147928022e+00
9.823001203641380741e+00
9.792243864123829411e+00
9.764946862727851951e+00
9.730319481331340725e+00
9.688161660451715562e+00
9.648210666079199527e+00
9.611082543189038319e+00
9.580817813685804651e+00
9.552238575226391859e+00
9.524164956204382193e+00
9.500329802422809777e+00
9.471112674407660137e+00
9.439324797495169506e+00
9.389123539147730568e+00
9.335142847717987635e+00
9.300534617535397786e+00
9.268210444465653453e+00
9.240049772112648441e+00
9.219542613988599200e+00
9.205152917040965832e+00
9.193280470962248430e+00
9.179640823896528801e+00
9.165458006992137641e+00
9.155059580276322606e+00
9.146481531566843515e+00
9.141004275550754343e+00
9.136098795867509281e+00
9.133107593122753443e+00
9.131692430411149530e+00
9.130684279593095809e+00
9.130298380095451805e+00
9.127917529327753243e+00
9.122769455632013802e+00
9.108510902668285780e+00
9.095015838703380595e+00
9.087028556236445453e+00
9.078123174965794462e+00
9.069438681490963106e+00
9.057224739957588255e+00
9.040539050332279558e+00
9.018608971027916255e+00
8.991563187780426958e+00
8.961413499779601111e+00
8.918558197677581845e+00
8.865699018315272184e+00
8.811698306551988935e+00
8.760521997839722630e+00
8.699299942781530959e+00
8.642111203144871467e+00
8.604961138448196323e+00
8.568673323006168019e+00
8.544622346559476611e+00
8.522858767274671621e+00
8.501795705069879361e+00
8.482742132492333553e+00
8.462661489774385259e+00
8.441220529448591137e+00
8.426696650894482943e+00
8.416349216054106464e+00
8.407807151695493530e+00
8.401190236192626060e+00
8.390578344813667044e+00
8.372886238973935136e+00
8.343083489885790627e+00
8.302359072479672975e+00
8.259842249139500936e+00
8.237405485835902041e+00
8.212238224736916337e+00
8.187151131299595264e+00
8.157390273979345352e+00
8.129083776838067266e+00
8.112122183828478938e+00
8.092046579518342497e+00
8.073630383061660254e+00
8.051877671048256246e+00
8.025256697068567036e+00
7.979417247142137626e+00
7.931156200802301548e+00
7.866817622616027350e+00
7.797730679771629703e+00
7.732380891647679277e+00
7.676369825280564108e+00
7.603221260846525276e+00
7.523949263584796654e+00
7.469579037547302569e+00
7.446092704302393450e+00
7.432401612839366400e+00
7.415704351579256226e+00
7.400332449535355295e+00
7.387021231614531835e+00
7.370287279192027974e+00
7.346425350833091450e+00
7.321993816695139046e+00
7.305218050679439301e+00
7.270175554788268713e+00
7.235048437832992008e+00
7.177923008689525375e+00
7.103406861260927130e+00
7.033431797902888860e+00
6.963189788802763402e+00
6.822522434175393613e+00
6.685928847870723502e+00
6.556977545062920854e+00
6.379173123889202657e+00
6.230180597795694553e+00
6.136625455760931658e+00
6.044037758334606103e+00
5.948132638007567863e+00
5.808061679645290631e+00
5.624622383339046294e+00
5.517296209709622978e+00
5.480044330938914854e+00
5.450470819112180898e+00
5.431309071780562547e+00
5.316469392372296987e+00
5.260350487593889568e+00
5.218107301438456247e+00
5.162250669289265126e+00
5.093617773879296706e+00
4.985262965342700525e+00
4.794302577957276768e+00
4.574935973508264198e+00
4.397901789075943313e+00
4.190099078192298876e+00
3.934915375754939326e+00
3.778643172093455682e+00
3.567496891104222634e+00
3.328024682677408475e+00
2.892781691818028911e+00
