1.068833526874002438e+01
1.068911875818003665e+01
1.068986890648786137e+01
1.069071072414972967e+01
1.069080720738162427e+01
1.069073108478118250e+01
1.069136355924087489e+01
1.069218219573959061e+01
1.069316745652025347e+01
1.069417244363765995e+01
1.069524344967389418e+01
1.069631182101688616e+01
1.069738716006819779e+01
1.069851723355130879e+01
1.069971288076810012e+01
1.070096577198705212e+01
1.068069802969763415e+01
1.067894608954540558e+01
1.068038447078449771e+01
1.068189580469027966e+01
1.068297404900818393e+01
1.068329294867443657e+01
1.068284065427787155e+01
1.068114984496277309e+01
1.067882418947155365e+01
1.067562622034327546e+01
1.067096536893499881e+01
1.066709976993342579e+01
1.066559318486029717e+01
1.066505539251443047e+01
1.066538678138523366e+01
1.066704648725620430e+01
1.066896521078298932e+01
1.067098019177816504e+01
1.067316472607139843e+01
1.067528237648668465e+01
1.067609615823689495e+01
1.067721810337897992e+01
1.067784957890937569e+01
1.067542453162213079e+01
1.067081711267128163e+01
1.066524224056358428e+01
1.065883434423546383e+01
1.064879408846024944e+01
1.063833647823282469e+01
1.063059667800922981e+01
1.062701541167067631e+01
1.062498609294037522e+01
1.062162904184576284e+01
1.061852921677111361e+01
1.061711466930426795e+01
1.061016491284073204e+01
1.058086797790902978e+01
1.053245115854051583e+01
1.047961561405714903e+01
1.040514308396955734e+01
1.031613815630981890e+01
1.025529904451072660e+01
1.020764513711238486e+01
1.015887791082317193e+01
1.011279596868969399e+01
1.007594093225669418e+01
1.004745010782400882e+01
1.001428946959476995e+01
9.991222087255469120e+00
9.978487748078562092e+00
9.962370282876145566e+00
9.935081831827979215e+00
9.890474114623025059e+00
9.836086644918786703e+00
9.789443210815301555e+00
9.754439313933433553e+00
9.727314291064210749e+00
9.695614746345956547e+00
9.668734330834846347e+00
9.646113446013362847e+00
9.628215177504724664e+00
9.615807015877937403e+00
9.600955480019988997e+00
9.573852880829200274e+00
9.531256603563507568e+00
9.481762140212790513e+00
9.437020842585605251e+00
9.398004279499435398e+00
9.368335240482082327e+00
9.334911931329253676e+00
9.297313953764311023e+00
9.264016944640129481e+00
9.228210377488593963e+00
9.191288892316984871e+00
9.155077813642952478e+00
9.128085713851842087e+00
9.109767476207801806e+00
9.094684205593217996e+00
9.077291579045086323e+00
9.054509638796927717e+00
9.033166319509106756e+00
9.006367619539993541e+00
8.978492311538911252e+00
8.960252862113142314e+00
8.946865728715746258e+00
8.935358612924812149e+00
8.927289759538751923e+00
8.923988625128950858e+00
8.918970290246734933e+00
8.911238598440863967e+00
8.899959410686536287e+00
8.887989553896220585e+00
8.880990131387980213e+00
8.877838795960773410e+00
8.860565577148220129e+00
8.851170257524463736e+00
8.837062295086827390e+00
8.829307633209262818e+00
8.817612299913232476e+00
8.803943035013318763e+00
8.792028691802888929e+00
8.775757493496030293e+00
8.752864768696674957e+00
8.723056495980657132e+00
8.690873582480239889e+00
8.655908336437825312e+00
8.617885860040237489e+00
8.585191044802442661e+00
8.559439776827701962e+00
8.540871066377203391e+00
8.527179908849522150e+00
8.517186657543545536e+00
8.509385344679373020e+00
8.500864676624567906e+00
8.490049826261907739e+00
8.479740820115996058e+00
8.471037809335937752e+00
8.463839258509903374e+00
8.430413711892597917e+00
8.417516532001373619e+00
8.394474445666114448e+00
8.367402516646674115e+00
8.342606230151181634e+00
8.324348314869704168e+00
8.311874599322033319e+00
8.294452998717055436e+00
8.267854325172855567e+00
8.237825134123777815e+00
8.199552239747582405e+00
8.156215882676763229e+00
8.128593106918705402e+00
8.112926582061598779e+00
8.102670341984971714e+00
8.087234657518779457e+00
8.066925694814900183e+00
8.047574680241933009e+00
8.027667566185305859e+00
7.975406071777387140e+00
7.886894938491350260e+00
7.778308291824649778e+00
7.697623342910821620e+00
7.641037613660654593e+00
7.599988904817569946e+00
7.561449634063754921e+00
7.532050787210160969e+00
7.513341476223919457e+00
7.498744631268919214e+00
7.489874142210878105e+00
7.481175950029466115e+00
7.382559121716419703e+00
7.376637170184281445e+00
7.368470979299045709e+00
7.355937841463617843e+00
7.334043390328227829e+00
7.304565919576802457e+00
7.248203847406714750e+00
7.167089787561521597e+00
7.066605424126529478e+00
6.976581968781156107e+00
6.882888668967694024e+00
6.728841379195229955e+00
6.513115009193673366e+00
6.223579001897769913e+00
5.965024276901965905e+00
5.839435935737367522e+00
5.793852522060340071e+00
5.756194744293607002e+00
5.728658898600659022e+00
5.707093041721556403e+00
5.686670225116531086e+00
5.669566969606549378e+00
5.657585483837306306e+00
5.645295499744560352e+00
5.495094547480298353e+00
5.467550393112722062e+00
5.427581851061959561e+00
5.387339986407313042e+00
5.359342116772367604e+00
5.223319383711213071e+00
5.051229723493163348e+00
5.023038347022865224e+00
4.997390753535113639e+00
4.978400576780036779e+00
4.960987532519174792e+00
4.942191162602289189e+00
4.918493756503376169e+00
4.884089841215234706e+00
4.837344078856920859e+00
4.762698065287040983e+00
4.650850294814929953e+00
4.558700172492374136e+00
4.497203416249059060e+00
4.441476755489986772e+00
4.419653453609991622e+00
4.411045316919631532e+00
4.404640463879604617e+00
4.400589790813222990e+00
4.398035542949671139e+00
4.396948686716338095e+00
4.397087956203050041e+00
4.396645621288723049e+00
4.395726423813283823e+00
4.394276526767821878e+00
4.393071304927359755e+00
4.391899722375684156e+00
4.388811413473523437e+00
4.387060420793578608e+00
4.383632277652683484e+00
4.378661305153165095e+00
4.373338726817316058e+00
4.366587304252185220e+00
4.359419953959319471e+00
4.353564269437344869e+00
4.345140344865909832e+00
4.333995087082498365e+00
4.323746975715010876e+00
4.316245101894020664e+00
4.310300251987764675e+00
4.299132331802941742e+00
4.287508370165498128e+00
