1.035770000000000080e+00
1.679629999999999956e+00
2.280949999999999811e+00
3.803939999999999877e+00
1.909370000000000012e+00
1.472320000000000073e+00
9.613460000000000338e-01
2.357139999999999791e+00
3.340679999999999872e+00
6.652610000000000134e+00
1.169540000000000024e+00
9.927320000000000588e-02
8.410159999999999858e-02
1.731449999999999934e+00
2.304359999999999964e+00
1.425159999999999982e+00
7.674339999999999495e-01
1.805579999999999963e+00
3.829070000000000196e+00
2.569999999999999840e+00
2.601069999999999993e+00
3.802760000000000029e-01
1.772509999999999919e-01
2.401060000000000194e+00
3.651390000000000136e+00
3.636929999999999996e+00
5.206459999999999866e+00
1.085149999999999970e+01
1.242259999999999920e+01
1.175670000000000037e+01
1.397049999999999947e+01
8.241880000000000095e+00
4.949799999999999756e+00
3.760559999999999903e+00
5.290339999999999598e+00
6.323220000000000063e+00
6.478729999999999656e+00
7.012360000000000149e+00
2.280319999999999916e-02
3.681220000000000325e-02
7.748349999999999682e-02
2.250129999999999839e-02
3.621549999999999769e-02
7.034650000000000625e-02
9.303259999999999308e-02
1.488949999999999996e-01
5.992289999999999672e+00
7.600999999999999979e+00
8.773490000000000677e+00
1.834540000000000148e+01
1.498019999999999996e+01
2.146010000000000062e+01
1.335350000000000037e+01
5.146840000000000082e+00
2.986190000000000122e+00
7.442070000000000185e+00
1.930170000000000030e+01
1.768459999999999965e+01
6.930729999999999613e+00
1.161659999999999950e-02
6.564820000000000377e-02
4.176389999999999963e-02
4.316480000000000317e+00
7.033699999999999619e+00
8.150180000000000646e+00
5.661500000000000199e+00
4.003059999999999619e+00
5.435179999999999900e+00
3.635250000000000092e+00
8.215540000000000731e+00
7.485970000000000013e+00
1.192200000000000060e+01
9.132830000000000226e+00
9.679669999999999774e+00
1.028369999999999962e+01
1.250459999999999994e+01
1.918370000000000175e+01
1.901399999999999935e+01
1.372000000000000064e+01
1.083249999999999957e+01
9.095969999999999445e+00
6.361550000000000260e+00
1.749600000000000044e+00
1.138609999999999900e+00
5.918860000000000232e-01
3.669709999999999916e-01
3.602739999999999831e-01
4.429159999999999764e-01
7.874149999999999761e-01
9.931790000000000340e-01
8.265280000000000404e-01
1.140030000000000099e+00
1.118980000000000086e+00
8.002930000000000321e-01
8.701090000000000213e-01
6.428540000000000365e-01
5.877200000000000202e-01
7.679259999999999975e-01
5.177420000000000355e-01
7.128769999999999829e-01
1.532040000000000068e+00
1.936209999999999987e+00
1.465889999999999915e+00
2.159710000000000019e+00
1.239919999999999911e+00
1.343630000000000102e+00
5.013269999999999671e-01
2.915349999999999886e-01
2.595839999999999814e-01
2.963399999999999923e-01
2.699540000000000273e-01
1.404960000000000098e-01
9.622709999999999597e-02
8.053920000000000523e-02
8.553660000000000430e-02
7.308180000000000232e-02
8.244219999999999327e-02
9.797480000000000078e-02
8.896650000000000391e-02
9.428419999999999856e-02
1.121599999999999958e-01
7.620689999999999409e-02
5.339649999999999952e-02
3.681290000000000256e-02
2.721099999999999908e-02
2.483520000000000172e-02
1.625319999999999890e-02
1.796580000000000052e-02
1.567889999999999909e-02
1.788319999999999840e-02
1.820890000000000009e-02
1.520419999999999931e-02
2.665160000000000098e-02
3.148360000000000047e-02
3.421640000000000098e-02
2.521340000000000039e-02
4.215250000000000247e-02
2.805550000000000058e-02
6.096680000000000155e-02
4.474790000000000018e-02
3.218549999999999883e-02
4.200559999999999711e-02
7.544190000000000618e-02
9.866900000000000670e-02
9.855740000000000334e-02
6.631030000000000257e-02
3.894740000000000008e-02
2.288820000000000091e-02
2.351380000000000137e-02
2.418400000000000064e-02
1.782310000000000144e-02
1.925529999999999950e-02
3.513829999999999731e-02
2.723309999999999967e-02
2.405819999999999834e-02
1.695980000000000057e-02
2.200689999999999938e-02
2.167329999999999951e-02
2.588709999999999969e-02
2.024039999999999867e-02
1.370039999999999973e-02
9.731959999999999569e-03
1.286960000000000014e-02
1.499409999999999979e-02
1.685129999999999961e-02
3.422109999999999735e-02
1.565259999999999915e-02
1.276659999999999948e-02
9.908909999999999940e-03
1.029799999999999986e-02
9.093439999999999510e-03
7.235450000000000041e-03
4.728770000000000195e-03
3.678739999999999788e-03
2.838479999999999996e-03
5.121259999999999875e-03
5.965260000000000007e-03
5.101399999999999858e-03
7.226820000000000119e-03
9.891920000000000227e-03
6.984469999999999568e-03
5.112880000000000202e-03
7.079049999999999926e-03
5.730739999999999792e-03
6.655639999999999994e-03
6.485480000000000064e-03
6.633609999999999854e-03
7.994140000000000273e-03
9.001989999999999645e-03
5.896030000000000021e-03
3.967319999999999874e-03
3.724509999999999887e-03
3.217310000000000135e-03
1.910519999999999970e-03
1.636649999999999910e-03
1.924310000000000040e-03
1.490439999999999994e-03
1.534269999999999905e-03
1.760899999999999922e-03
1.230380000000000102e-03
1.192700000000000097e-03
7.020670000000000122e-04
4.766449999999999875e-04
5.167630000000000530e-04
3.990640000000000268e-04
3.887769999999999811e-04
2.706040000000000268e-04
1.368669999999999891e-04
2.764749999999999914e-05
