1.045139339770168618e+01
1.044659152814505987e+01
1.044053127039989093e+01
1.043282503627961866e+01
1.042494040935085486e+01
1.041731721300990188e+01
1.040805840584438080e+01
1.039739593131715623e+01
1.038720111643122479e+01
1.037951762650645016e+01
1.037166622184681941e+01
1.036088675669149950e+01
1.035162239973636567e+01
1.034150376874727861e+01
1.033210099312209707e+01
1.032726082384575150e+01
1.032543355834694765e+01
1.032342949541143895e+01
1.032001951180387422e+01
1.031559883334674232e+01
1.030951732135682342e+01
1.030405084062088150e+01
1.030170696715516954e+01
1.029989718240791241e+01
1.030077803178788720e+01
1.030051287748413813e+01
1.029521512386629745e+01
1.028855549419755633e+01
1.028118113865623684e+01
1.026864348550528661e+01
1.024802969644176009e+01
1.023202739222243984e+01
1.021903935153231835e+01
1.020317436342368289e+01
1.016939225668232893e+01
1.013093493051304250e+01
1.010092512271749143e+01
1.007102361196473694e+01
1.004359803003012352e+01
1.000396433159176013e+01
9.960379913433676791e+00
9.931185206843739621e+00
9.905635080720374575e+00
9.875510381112121649e+00
9.843371705185413489e+00
9.829663284158183245e+00
9.832641735411204564e+00
9.835909248686011352e+00
9.839491245703486655e+00
9.843488170332305387e+00
9.848096704078633579e+00
9.853581411000400081e+00
9.853618522984991301e+00
9.846270911201880693e+00
9.822594315921953978e+00
9.771771153745868688e+00
9.713781935036633897e+00
9.626391699386436684e+00
9.528537490769656060e+00
9.423401536511336829e+00
9.253577867388768752e+00
9.026647644995893671e+00
8.859833332829534669e+00
8.740635025172901251e+00
8.646869142390805507e+00
8.566027164140724182e+00
8.463579467456968430e+00
8.322343361148675456e+00
8.193742193470951563e+00
8.095186792626989813e+00
8.020348850375816241e+00
7.977282686931833844e+00
7.945931192191084236e+00
7.915885572244621748e+00
7.737799912047862883e+00
7.643114979971644907e+00
7.536161841573997044e+00
7.484750986416730534e+00
7.442931075324167978e+00
7.410036192669449129e+00
7.398443498303484134e+00
7.391432671740286509e+00
7.384736814885683565e+00
7.372685595569516970e+00
7.354857239474118735e+00
7.333011754069099553e+00
7.248274959408698592e+00
7.204535078318246910e+00
7.166492278338226996e+00
7.109507677220844535e+00
7.048029844226811669e+00
6.993727132397252966e+00
6.961982229074327400e+00
6.925138235754936034e+00
6.887334241629265996e+00
6.867011150596580293e+00
6.856656401248950594e+00
6.849766955996945406e+00
6.843793198325912819e+00
6.838098182486944232e+00
6.830184336472427731e+00
6.820383417688417715e+00
6.811079439869685892e+00
6.766700546257705007e+00
6.734521407986199470e+00
6.721031152799724850e+00
6.704188279935506145e+00
6.684540171536474951e+00
6.661541048281670818e+00
6.634076042642476523e+00
6.610006100198710044e+00
6.592854882242964898e+00
6.574783393175776425e+00
6.555869196572732704e+00
6.534800034874202801e+00
6.513929738420302762e+00
6.497261466106855288e+00
6.487484824056202193e+00
6.479834341319360647e+00
6.475041804360535558e+00
6.472933348073650173e+00
6.470644188488918758e+00
6.468434476003053213e+00
6.466683784468836294e+00
6.465787211430109593e+00
6.464864958945309326e+00
6.463921344057336427e+00
6.463734763551065576e+00
6.463074371295888021e+00
6.462024943492346019e+00
6.461201292031761412e+00
6.459942547207966790e+00
6.458043781226262325e+00
6.455610676072586429e+00
6.452298692862797225e+00
6.448766591469229148e+00
6.444357125656027918e+00
6.440337514459398172e+00
6.437138315150392920e+00
6.435152892763574606e+00
6.433942557599213075e+00
6.432837860850719736e+00
6.430774654485580832e+00
6.427602943912049227e+00
6.424409533862346144e+00
6.419818668143249418e+00
6.412937421430521923e+00
6.406427760254223003e+00
6.399627002031893497e+00
6.390889203634740667e+00
6.380502483250201529e+00
6.365562856795559554e+00
6.349017067006343495e+00
6.336191469165767920e+00
6.310166317761178867e+00
6.283570317423451179e+00
6.248735679149214128e+00
6.206995784110137748e+00
6.158579585067480267e+00
6.108477073577693872e+00
6.068734878537947353e+00
6.040428271015897188e+00
6.015389098639650101e+00
5.988260109416339461e+00
5.958553849900217969e+00
5.937248003981936861e+00
5.919955735631202920e+00
5.908433543889623607e+00
5.898136401373530902e+00
5.886776024958066955e+00
5.875235525277557436e+00
5.864038558509658827e+00
5.854354631472411974e+00
5.838296114848788854e+00
5.818082645215963744e+00
5.803049944473595900e+00
5.787689959410516671e+00
5.771086761642949980e+00
5.754785468536077531e+00
5.737766550179034475e+00
5.720442949819724454e+00
5.701232853280768786e+00
5.681215902791876715e+00
5.666643383699209835e+00
5.653100547877117243e+00
5.627899178581243333e+00
5.611937747686361888e+00
5.593102117650887273e+00
5.571521334473009013e+00
5.553938826260645278e+00
5.542878932725287200e+00
5.531144125814183354e+00
5.512069065678652180e+00
5.495731612673906419e+00
5.479167742995158186e+00
5.462411475794428206e+00
5.449823846004529848e+00
5.439193697355431567e+00
5.429548808164316398e+00
5.418218402783964827e+00
5.407326307924050113e+00
5.395900994210202306e+00
5.385622358281260347e+00
5.373386523200481157e+00
5.355365304018832262e+00
5.334135956535295264e+00
5.295061044577622944e+00
5.238369820533343990e+00
5.175175380282413862e+00
5.100501503071818377e+00
5.018080229520125890e+00
4.933757498937816344e+00
4.845280405402604629e+00
4.772447868549770433e+00
4.680369058874370047e+00
4.541225924004255177e+00
4.386199225698482529e+00
4.273612328611326561e+00
4.207572436295915708e+00
4.155457501451842006e+00
4.108186034570427303e+00
4.068434489114242325e+00
4.020692678682028287e+00
3.984625862256578888e+00
3.969960768437313714e+00
3.958962162144939345e+00
3.941440369485586181e+00
3.904619265095577774e+00
3.851459545606700008e+00
3.775029058194372400e+00
3.697938634135738756e+00
3.636252129821445855e+00
3.530631216025174712e+00
3.377961570219636833e+00
2.984697847327799192e+00
