1.037916405433947098e+01
1.036885193695014706e+01
1.035812147732938016e+01
1.034671278114894832e+01
1.033436326370776470e+01
1.032118610030205375e+01
1.030435478953768857e+01
1.027860271455627661e+01
1.024704725712763320e+01
1.021803633120094545e+01
1.019995527948837477e+01
1.019608771375410683e+01
1.019685570689329168e+01
1.019770499415077758e+01
1.019858561489308180e+01
1.019948640180788324e+01
1.020008680333608631e+01
1.020107743149839408e+01
1.020211216526132780e+01
1.020317436342368289e+01
1.020425296497912804e+01
1.020537220095105013e+01
1.020655874324839196e+01
1.020778781074042207e+01
1.020908586976274890e+01
1.021040146402429016e+01
1.021166507104818599e+01
1.021337695369948584e+01
1.021302341598058483e+01
1.020716562574165565e+01
1.019735775917140153e+01
1.018810408832176506e+01
1.018448416896898401e+01
1.018556198519989131e+01
1.018678122696992361e+01
1.018611969678580387e+01
1.018513968651715551e+01
1.018635445744551404e+01
1.018763914863756170e+01
1.018897626757986608e+01
1.019035971626532344e+01
1.019178904010461295e+01
1.019330273391147301e+01
1.019487494793037818e+01
1.019667073919697131e+01
1.019420064857728825e+01
1.018902966680373012e+01
1.018835748214797299e+01
1.018991681888463319e+01
1.019157955107989721e+01
1.019325820687171458e+01
1.019506068188072945e+01
1.019696057894484298e+01
1.019897581907909867e+01
1.020114576170327680e+01
1.020342183629534816e+01
1.020173841666171199e+01
1.019956595472883798e+01
1.020234389149528553e+01
1.020001008593228065e+01
1.019689710678101768e+01
1.019971679094378558e+01
1.020296485310184309e+01
1.020706049351622191e+01
1.020500666623185460e+01
1.019408399682211375e+01
1.018057026888964778e+01
1.016617248038664378e+01
1.015062751352937731e+01
1.013580346004773070e+01
1.011499440836255381e+01
1.007484934049609748e+01
1.002606317138453207e+01
9.968698641274091443e+00
9.901561842246138667e+00
9.844991935116052417e+00
9.806997577554065870e+00
9.775717461289993082e+00
9.751078080764671085e+00
9.732054234044010599e+00
9.714527578580906209e+00
9.695798525804102397e+00
9.678965190187465595e+00
9.663148520931484242e+00
9.647091386316297701e+00
9.630574310300543672e+00
9.610446156471512680e+00
9.587926375517172417e+00
9.565802970732111277e+00
9.537128710750067739e+00
9.486652882692762745e+00
9.417260722660593331e+00
9.308641235274253134e+00
9.198767021009409461e+00
9.117549685315026409e+00
9.046608308085490435e+00
9.001755340481716772e+00
8.967745890777154116e+00
8.932297677365898636e+00
8.898620982282812619e+00
8.877502075326463071e+00
8.864926191539005629e+00
8.847514667086734619e+00
8.823388796477876994e+00
8.779990207734172714e+00
8.747225308678617139e+00
8.720734672501521345e+00
8.701059139461232661e+00
8.678301632957047929e+00
8.647701726984184489e+00
8.620222488679077699e+00
8.597656799615823076e+00
8.566969868893220763e+00
8.530713117574592275e+00
8.502291894048145338e+00
8.479926404062629430e+00
8.457354976237795086e+00
8.437220844433856115e+00
8.421381787662513219e+00
8.406317014960544398e+00
8.393066034608439807e+00
8.385611635225485472e+00
8.377413718368021733e+00
8.365107810868833482e+00
8.351479357217009181e+00
8.340862343240425858e+00
8.329058040678566144e+00
8.314309722244846768e+00
8.301863041600801907e+00
8.289026770511499720e+00
8.275233013193123099e+00
8.264430561840148570e+00
8.254635072298107445e+00
8.246355762077431706e+00
8.239947308508824619e+00
8.234185615073425168e+00
8.227868715712283176e+00
8.220793000415481444e+00
8.208392979358889008e+00
8.182109226338791785e+00
8.144499483851362243e+00
8.085376215370194686e+00
7.984050903365752738e+00
7.871661653313255513e+00
7.784748488224473739e+00
7.726588668991952069e+00
7.696741577757265418e+00
7.679636816501191454e+00
7.664822424081378038e+00
7.654080235306570223e+00
7.646320388586670624e+00
7.633134021092327970e+00
7.617032859538555911e+00
7.603174696363239171e+00
7.587484219828726673e+00
7.564235106108310625e+00
7.525745594507530001e+00
7.478388990149981375e+00
7.414115605075855875e+00
7.324829609686000609e+00
7.187591217465446825e+00
7.071712673059444398e+00
6.980860654418409084e+00
6.841544037674487377e+00
6.671836278455737457e+00
6.493608598908279461e+00
6.374781329148626163e+00
6.302906431213086691e+00
6.248578893251597322e+00
6.183918664631675277e+00
6.125968963092556230e+00
6.073656042026918556e+00
6.039996753649024441e+00
6.022098297461139893e+00
6.004764042476415931e+00
5.986528998805802360e+00
5.961437231485082755e+00
5.933468052935210402e+00
5.875342595074349639e+00
5.801048856953922694e+00
5.760335766666617729e+00
5.722290793081415750e+00
5.689404766332714303e+00
5.665530336007726930e+00
5.625781482629390595e+00
5.560505609951272632e+00
5.492550871704174220e+00
5.436191280897797462e+00
5.374042272881667692e+00
5.314179125733655695e+00
5.266452787106637778e+00
5.121684566944064265e+00
5.089459996384451124e+00
5.055596188567408333e+00
5.020597428219555347e+00
4.984584465437184697e+00
4.959581299825691403e+00
4.941013248757163190e+00
4.923225879460462195e+00
4.905525508603163054e+00
4.883152473172847507e+00
4.863172318273106143e+00
4.844629369601772595e+00
4.823832081202841238e+00
4.806026586660921751e+00
4.789759046492628514e+00
4.778359661720236851e+00
4.773262636209680387e+00
4.769533880219712252e+00
4.764997599284880536e+00
4.758697718797914256e+00
4.739723411517441143e+00
4.731689471154008508e+00
4.720875092300955700e+00
4.708398802397329774e+00
4.696096783066516345e+00
4.683719583564857736e+00
4.671949063488433751e+00
4.657679105875416781e+00
4.645427182154810097e+00
4.638931313406568613e+00
4.632647570687578487e+00
4.624733692274133112e+00
4.616235981963478174e+00
4.609818434582860114e+00
4.605354615387006412e+00
4.600449031876294725e+00
4.595838892651882723e+00
4.592383303601390132e+00
4.588932452323185807e+00
4.585794500352360359e+00
4.582721127650446924e+00
4.579084734806317947e+00
4.575215564967365367e+00
4.571149594282883477e+00
4.565019745946510277e+00
