3.975029999999999841e+00
4.147420000000000329e+00
4.153509999999999813e+00
4.021149999999999558e+00
2.241499999999999881e-01
3.635709999999999775e-01
3.940710000000000157e+00
3.486130000000000173e+00
1.930389999999999884e-01
5.791679999999999745e-02
2.054140000000000132e-01
2.285919999999999896e-01
3.717609999999999665e-02
1.316510000000000076e-02
1.501669999999999915e-02
2.456430000000000072e-02
6.733340000000000158e-02
1.442039999999999988e-02
6.114519999999999678e-02
5.685860000000000219e-02
2.089169999999999916e-02
1.213119999999999997e-02
1.573590000000000058e-02
1.007210000000000050e-02
1.659690000000000110e+00
2.983270000000000088e+00
5.141280000000000072e+00
6.199370000000000047e+00
9.617749999999999133e+00
7.770590000000000330e+00
7.355050000000000310e+00
1.119769999999999932e+01
1.257920000000000016e+01
1.102599999999999980e+01
7.753840000000000288e+00
7.683099999999999596e+00
4.153310000000000279e+00
3.420739999999999892e+00
4.461560000000000414e+00
6.605839999999999712e+00
5.346260000000000012e+00
6.933720000000000105e+00
5.872760000000000424e+00
6.292709999999999582e+00
1.515329999999999977e+01
9.841630000000000322e+00
6.871209999999999596e+00
4.560579999999999856e+00
7.252390000000000114e+00
3.299799999999999844e+00
2.777029999999999887e+00
3.418299999999999894e+00
3.092169999999999863e+00
3.583769999999999900e+00
3.291939999999999866e+00
3.262010000000000076e+00
1.938919999999999977e+00
1.101350000000000051e+00
8.301410000000000386e-03
1.327290000000000081e+00
1.471440000000000081e+00
1.416509999999999936e+00
8.778939999999999522e-01
1.978659999999999863e-01
8.262359999999999705e-01
8.628440000000000554e-01
7.732539999999999969e-01
1.009630000000000076e-02
2.121609999999999996e+00
1.962869999999999893e+00
1.914809999999999901e+00
2.601719999999999811e+00
9.700919999999999543e-01
7.104519999999999724e-01
3.720330000000000026e-01
4.271659999999999902e-01
6.618680000000000119e-01
3.677929999999999811e-01
2.112320000000000031e-01
3.982689999999999841e-01
2.790320000000000022e-01
2.411240000000000050e-01
2.499020000000000130e-01
2.483779999999999877e-01
2.153690000000000049e-01
3.472649999999999904e-01
3.470750000000000224e-01
3.591520000000000268e-01
3.588790000000000036e-01
4.636230000000000073e-01
3.819690000000000030e-01
3.771120000000000028e-01
3.168360000000000065e-01
2.862739999999999729e-01
2.234200000000000075e-01
1.681259999999999977e-01
1.121069999999999983e-01
1.489769999999999983e-01
1.367389999999999994e-01
1.194090000000000013e-01
1.199280000000000068e-01
1.142330000000000012e-01
1.645320000000000116e-01
1.058570000000000066e-01
1.513120000000000021e-01
8.849039999999999684e-02
1.274800000000000100e-01
1.741189999999999960e-01
1.806159999999999988e-01
1.200630000000000031e-01
1.101000000000000034e-01
8.609769999999999923e-02
7.807310000000000638e-02
1.096690000000000026e-01
9.697000000000000064e-02
1.365760000000000030e-01
2.259039999999999937e-01
2.522780000000000022e-01
1.409360000000000057e-01
1.866240000000000121e-01
1.383600000000000108e-01
1.611150000000000082e-01
1.117490000000000011e-01
1.899359999999999937e-01
3.383079999999999976e-01
2.429659999999999875e-01
1.306869999999999976e-01
8.469419999999999726e-02
3.917550000000000199e-02
3.038379999999999900e-02
3.090470000000000023e-02
1.783730000000000038e-02
1.552369999999999965e-02
1.482529999999999959e-02
1.754390000000000116e-02
1.353730000000000037e-02
1.272279999999999939e-02
2.307659999999999920e-02
2.435290000000000024e-02
2.750800000000000120e-02
2.485849999999999865e-02
2.698300000000000004e-02
3.815779999999999866e-02
7.165760000000000185e-02
6.957829999999999571e-02
6.115860000000000046e-02
7.050049999999999373e-02
8.341229999999999478e-02
6.939700000000000035e-02
9.704089999999999938e-02
8.454699999999999716e-02
6.028180000000000344e-02
7.745280000000000220e-02
5.409499999999999725e-02
2.976070000000000104e-02
1.424480000000000017e-02
1.523479999999999973e-02
1.640700000000000144e-02
2.240040000000000087e-02
1.708919999999999884e-02
1.763390000000000096e-02
2.936189999999999981e-02
1.277580000000000035e-02
1.201830000000000086e-02
1.060679999999999956e-02
1.602200000000000152e-02
1.590669999999999931e-02
1.537140000000000034e-02
1.032549999999999961e-02
5.139020000000000220e-03
2.636299999999999841e-03
3.090180000000000097e-03
1.149990000000000040e-03
1.508199999999999905e-03
1.655950000000000000e-03
1.793179999999999904e-03
2.418399999999999803e-03
1.294079999999999970e-03
8.107379999999999752e-04
7.877840000000000320e-04
1.021729999999999991e-03
9.603800000000000444e-04
1.050319999999999986e-03
1.286730000000000035e-03
8.457119999999999829e-04
1.181119999999999913e-03
6.488569999999999711e-04
5.124020000000000180e-04
4.143829999999999931e-04
3.220760000000000246e-04
2.391829999999999900e-04
1.868399999999999933e-04
1.880539999999999989e-04
7.883180000000000645e-05
1.114789999999999943e-04
3.727449999999999693e-05
4.743949999999999871e-05
5.689750000000000200e-05
8.456270000000000269e-05
6.115289999999999517e-05
5.560840000000000108e-05
8.354430000000000580e-05
5.290830000000000299e-05
4.489919999999999865e-05
6.254130000000000377e-05
6.088619999999999991e-05
7.364650000000000037e-05
6.418320000000000579e-05
8.159770000000000651e-05
6.625129999999999366e-05
4.925480000000000147e-05
5.124409999999999951e-05
2.603409999999999863e-05
1.513789999999999952e-05
1.605190000000000127e-05
1.515949999999999945e-05
9.978440000000000299e-06
1.009979999999999942e-06
7.039570000000000348e-07
4.143470000000000243e-07
3.144929999999999826e-07
