1.016447777184695944e+01
1.016055556137528271e+01
1.016185892669573754e+01
1.015866398081398891e+01
1.014904659264214004e+01
1.013879199076002280e+01
1.012858018706322838e+01
1.012066933390802070e+01
1.011264856283952085e+01
1.010150993390421981e+01
1.009279430712905956e+01
1.008671210705495369e+01
1.006248044897456317e+01
1.005084358095691854e+01
1.003932685489722232e+01
1.002915642387727857e+01
1.002334712962819907e+01
1.002022036272258454e+01
9.995625543501828858e+00
9.975364246334883944e+00
9.977315634066204808e+00
9.979364420687298676e+00
9.981632441068548189e+00
9.984038288060984812e+00
9.986658892587783498e+00
9.989620654021836188e+00
9.993023785635609002e+00
9.996929567030605313e+00
9.993645611365574055e+00
9.980365208669015331e+00
9.959723795916366029e+00
9.935287543901827334e+00
9.914299249367674705e+00
9.896118737528238896e+00
9.880510623370916790e+00
9.860484743362471605e+00
9.836847991785356626e+00
9.815644149131966145e+00
9.808672714041083651e+00
9.803138106181624067e+00
9.789997885654203813e+00
9.782351492147189020e+00
9.770663531108889188e+00
9.751195933246801673e+00
9.728771640109036056e+00
9.700489112275084480e+00
9.665548159740586343e+00
9.627195792913010308e+00
9.587754728924370085e+00
9.535024343194798746e+00
9.419372444579879655e+00
9.276264143720927891e+00
9.185445823151281886e+00
9.107962546702990991e+00
9.037203316834267142e+00
8.971406210313457308e+00
8.837700784775289975e+00
8.634189996684337842e+00
8.473625630198265313e+00
8.347136735668588159e+00
8.298007671367267690e+00
8.246961187855065489e+00
8.201110231338441636e+00
8.146422635563011383e+00
8.079861108316110929e+00
8.028266163475985095e+00
7.993694966466556195e+00
7.970021731160251477e+00
7.946229165077772549e+00
7.909290664856824193e+00
7.858557047140812379e+00
7.812212575219384725e+00
7.770107921303762488e+00
7.716725175598267761e+00
7.648826261202247956e+00
7.562042924490958384e+00
7.456860786176824796e+00
7.373814617696617724e+00
7.295764961229771473e+00
7.205036462058044933e+00
7.132832605810745186e+00
7.091248285868423373e+00
7.064974342823164832e+00
7.041964787263496284e+00
7.023042465568713588e+00
7.008919388595034938e+00
7.002300002582009242e+00
6.994970522748524822e+00
6.986953025561335018e+00
6.971489695392537378e+00
6.965901278320928647e+00
6.957378348268994372e+00
6.942755884308877690e+00
6.920959268912624474e+00
6.895382208928076295e+00
6.875525420832375723e+00
6.862924078044681409e+00
6.849412656687330347e+00
6.835992887366727722e+00
6.825233271578131422e+00
6.812330342736461652e+00
6.797242604546496203e+00
6.771284618405002398e+00
6.739619805734429647e+00
6.712926518202903203e+00
6.683050642327478919e+00
6.646294893880092758e+00
6.608294918871052914e+00
6.574060219728123045e+00
6.537382063122604059e+00
6.492160900433192161e+00
6.442213152722819025e+00
6.402345653207340170e+00
6.368662429059950725e+00
6.335979142340352865e+00
6.304372028490833557e+00
6.179678154771928611e+00
6.146134239840806757e+00
6.114901084093820494e+00
6.088036810043837121e+00
6.066460107217827691e+00
6.043315112258391686e+00
6.022502603214024752e+00
5.994843531110346291e+00
5.955710835120926916e+00
5.915608225451117086e+00
5.885357261600225875e+00
5.855544594766857180e+00
5.829324361118448650e+00
5.809830979785608029e+00
5.785878408150312069e+00
5.757264657622484627e+00
5.730429368957930869e+00
5.710786492525557811e+00
5.690134919968670602e+00
5.663439893441635675e+00
5.653281030388542128e+00
5.635515915585113333e+00
5.609428983018733383e+00
5.538087141973526251e+00
5.514707097546279968e+00
5.489304437233694323e+00
5.460773096669321092e+00
5.432833051680936443e+00
5.410189906396117188e+00
5.387003417182238962e+00
5.362258106719950845e+00
5.343873168351278125e+00
5.330543636393263007e+00
5.316825503686817278e+00
5.301631077368354816e+00
5.281701348449897360e+00
5.256337632126349746e+00
5.226731333500085341e+00
5.179586257613514100e+00
5.135266259894026852e+00
5.094205509372249807e+00
5.053581626005883898e+00
5.008412788625356882e+00
4.959628009380947056e+00
4.890166068455851445e+00
4.808135319395926643e+00
4.633196684015121747e+00
4.560088440309535862e+00
4.460559592526379014e+00
4.341048533399617604e+00
4.228028020060659919e+00
4.081786421778872409e+00
3.905334906009585438e+00
3.747321676602530349e+00
3.607125692437859410e+00
3.487934088403970012e+00
3.336353648968784391e+00
3.169433418970521110e+00
3.046705822148918497e+00
2.935856777548773167e+00
2.824612595921767610e+00
2.711336417971435875e+00
2.540077836511473564e+00
2.271072200933632601e+00
1.880228615257230285e+00
1.311666993472325737e+00
