1.008039918033424698e+01
1.008188354276698462e+01
1.008002007144244949e+01
1.007687336398935152e+01
1.007196296991664042e+01
1.006368980706593597e+01
1.006243155316261273e+01
1.006390353559225481e+01
1.006557224614347490e+01
1.006737218981082016e+01
1.006932392831900280e+01
1.007149907051156923e+01
1.007077277298509266e+01
1.006647501375413079e+01
1.006038427986383610e+01
1.005160781037245243e+01
1.004201998483371483e+01
1.003437975885759492e+01
1.002939595399531569e+01
1.002082516632244058e+01
1.000866829104398015e+01
9.994232661634248061e+00
9.976616802393781569e+00
9.943404481977768938e+00
9.913383581849585013e+00
9.911840219889270998e+00
9.913392064205103438e+00
9.915125346141472562e+00
9.916842271044467694e+00
9.916353917695552411e+00
9.915624048473011598e+00
9.917160878072250441e+00
9.918948831289849721e+00
9.921401880361603531e+00
9.924328399922496047e+00
9.920321636659739539e+00
9.911812020866356931e+00
9.909089393430994264e+00
9.905335446078444406e+00
9.900737350255765179e+00
9.895153929756085986e+00
9.884571080993724834e+00
9.880162233785691583e+00
9.878547645593883431e+00
9.863145536588111995e+00
9.848151538112578152e+00
9.842475061825412652e+00
9.840567130646608263e+00
9.845028547337589586e+00
9.850820775460949363e+00
9.848149689887103264e+00
9.829407347755671154e+00
9.787086948204784420e+00
9.732639790327318963e+00
9.679626826968448228e+00
9.596190097487928838e+00
9.510823727085565338e+00
9.443442928069678999e+00
9.352587670586048674e+00
9.269786043571382805e+00
9.229630655508504589e+00
9.221492482051523609e+00
9.209694593029190912e+00
9.179592001755642272e+00
9.164385575368994452e+00
9.166524837141873050e+00
9.158657953090244774e+00
9.149034267161249900e+00
9.150667423388521016e+00
9.152370913653207651e+00
9.154235240746004365e+00
9.156264374014517315e+00
9.158419791059332127e+00
9.161095359446022712e+00
9.158229770725649033e+00
9.148420632473236225e+00
9.137445898609122708e+00
9.127616575273057364e+00
9.120379771337855601e+00
9.113642582771740663e+00
9.110821945243898767e+00
9.113083935742986696e+00
9.115640461985121235e+00
9.115663755243422983e+00
9.112919884895449130e+00
9.108859189037969983e+00
9.101630238513802595e+00
9.093327110744393593e+00
9.084132821022697257e+00
9.076731443038282166e+00
9.072238865437443067e+00
9.068694097102477869e+00
9.064049710319899589e+00
9.059211144407379734e+00
9.055428027723984030e+00
9.051480532156748637e+00
9.043967117734842631e+00
9.035417729876177972e+00
9.029237635329522504e+00
9.022778799863035104e+00
9.013494493492967052e+00
8.998785318418482504e+00
8.968325546656920721e+00
8.905198787243465475e+00
8.792895738860028843e+00
8.662132375110189741e+00
8.559395460025339020e+00
8.472045203532346136e+00
8.421032717355451780e+00
8.393533087823287886e+00
8.380614586309535596e+00
8.372072045954514152e+00
8.361406717059336913e+00
8.348353548041417937e+00
8.334676872934693392e+00
8.320175376633136111e+00
8.258989076745411495e+00
8.219073445007003542e+00
8.199302551384569426e+00
8.183341033664424558e+00
8.155077813642952478e+00
8.105595332203224146e+00
8.033287011624427265e+00
7.934176651137796021e+00
7.838550646789808063e+00
7.762731815917074840e+00
7.700328954877361909e+00
7.635467661536223360e+00
7.577036586178802935e+00
7.522706296137601889e+00
7.467614024377807525e+00
7.428487919818191898e+00
7.397863566116080314e+00
7.366773986775500660e+00
7.336735833340033430e+00
7.308517460268377341e+00
7.283744344851752928e+00
7.254946662035448135e+00
7.224608157723124258e+00
7.189467854451190298e+00
7.152496266608252995e+00
7.121284014084927172e+00
7.075729399740898984e+00
7.013490283397703529e+00
6.962978909082504941e+00
6.913904409230136494e+00
6.857584555345460409e+00
6.815926239358422123e+00
6.779714066703976805e+00
6.753998771513194832e+00
6.732174144316296349e+00
6.712982028553867053e+00
6.694715732552553256e+00
6.673487223585143013e+00
6.649574336267110475e+00
6.625078774724651787e+00
6.590977739443070860e+00
6.554829436006272658e+00
6.521613977061385015e+00
6.481259125404255528e+00
6.425969275140044346e+00
6.360614237997539888e+00
6.299398330068149754e+00
6.204700463415440126e+00
6.105952769236980160e+00
6.039909606374097351e+00
5.983901748997573655e+00
5.931310368594431282e+00
5.891469994625157192e+00
5.864963532027815951e+00
5.845888976149717031e+00
5.833827037854563358e+00
5.825126097792885815e+00
5.817258544854580826e+00
5.771799799709849133e+00
5.706139760592139787e+00
5.687200663917604260e+00
5.671796519371959278e+00
5.654518257830173589e+00
5.633856117581957257e+00
5.612315413535452713e+00
5.585014925919867146e+00
5.555652986338965427e+00
5.527370793352770484e+00
5.500560290540629893e+00
5.473234348890722245e+00
5.437225605260208816e+00
5.403556313515866627e+00
5.384876474959483517e+00
5.371819372764738532e+00
5.353090691003810520e+00
5.323971545614046619e+00
5.294521336177770543e+00
5.268774483109302409e+00
5.230750268269180658e+00
5.178867640887731660e+00
5.127564777198375445e+00
5.095291425091816429e+00
5.074381197003181576e+00
5.055813936529875541e+00
5.043004476391602431e+00
5.033966284579244110e+00
5.024953370125288643e+00
5.015250748906575851e+00
5.004368670606138991e+00
4.988737720993088764e+00
4.971296263810836003e+00
4.950684614965973118e+00
4.925351805449937892e+00
4.896778564051668781e+00
4.859336477767196349e+00
4.813949082231035348e+00
4.769042613112658202e+00
4.736951566231327959e+00
4.714884430382530134e+00
4.689638229598642738e+00
4.664199935938318831e+00
4.636562111239712181e+00
4.598981904214717531e+00
4.537045488175549757e+00
4.448386276893428359e+00
4.373794416714731348e+00
4.137050125486714691e+00
4.066359474712827549e+00
4.007807500050856397e+00
3.981746596172065722e+00
3.975698277854549989e+00
3.972106060489530410e+00
3.969244863572468418e+00
3.966010250724607111e+00
3.963046534136786647e+00
3.955746902676170684e+00
3.944601593332884626e+00
3.926943559161341302e+00
3.906959093607961897e+00
3.896014462692516833e+00
