1.025110993342672394e+01
1.024953831969357587e+01
1.025066148096969343e+01
1.025293066327788871e+01
1.023179315178987459e+01
1.020166744994295627e+01
1.018398406207701612e+01
1.016402254741505651e+01
1.015773774463261603e+01
1.015057531817908476e+01
1.014488230728400886e+01
1.014300542689074369e+01
1.014309915142177410e+01
1.014302417341514584e+01
1.014277415319744868e+01
1.014322096308122134e+01
1.014480452496210461e+01
1.014679757365373369e+01
1.014728976926951454e+01
1.014549785168559026e+01
1.014375153829165122e+01
1.014238320822818906e+01
1.013823004646735981e+01
1.013210592975535285e+01
1.012844127433709751e+01
1.012574143912871527e+01
1.012142523471361777e+01
1.011491775061268683e+01
1.010822327136967225e+01
1.010461000745486615e+01
1.010140678913619006e+01
1.009684747009946548e+01
1.009164585775607748e+01
1.008392524209260444e+01
1.007166848804751247e+01
1.005689342238393635e+01
1.004085540704928547e+01
1.003427943719499460e+01
1.002967997102493847e+01
1.002181340724028402e+01
1.001202691058020378e+01
1.000101506192782885e+01
9.988644113053045004e+00
9.978633755030955399e+00
9.971930508710995511e+00
9.962496242885301001e+00
9.955132864934574499e+00
9.937948462525982407e+00
9.899495480429836292e+00
9.843311280478523884e+00
9.771896006938105117e+00
9.687775021427986744e+00
9.598845200357029483e+00
9.502990790576342661e+00
9.413990062007282944e+00
9.335297392702006647e+00
9.267685535110020467e+00
9.207222224861860482e+00
9.162137070412599726e+00
9.137730632096683792e+00
9.118770501956861452e+00
9.100687533313212896e+00
9.086804576726828842e+00
9.070137650471421509e+00
9.048395186256204425e+00
9.027920136405802154e+00
9.007841623249671414e+00
8.982315112661046541e+00
8.958093022930139426e+00
8.939286068737747115e+00
8.922146531863814900e+00
8.912774009149368126e+00
8.905160428616623491e+00
8.897663372605046916e+00
8.889669716182686088e+00
8.882745897722433170e+00
8.869659934189350281e+00
8.839846821095049378e+00
8.795026572401267728e+00
8.741121646475352946e+00
8.670236573178357276e+00
8.596087737944246854e+00
8.508483930472673151e+00
8.382578919108125248e+00
8.251764719183514174e+00
8.158468036955710545e+00
8.090571929804191598e+00
8.038023740045158405e+00
8.006897982478852427e+00
7.988563415731310791e+00
7.979167631139173267e+00
7.971118991852108593e+00
7.962851196695834410e+00
7.954844795847071381e+00
7.946174109579647649e+00
7.935565201479228392e+00
7.925508562726085060e+00
7.914760852220032561e+00
7.901538960814166401e+00
7.891446575249296380e+00
7.880634694685749508e+00
7.868354616163832027e+00
7.855847326778010675e+00
7.840851035895757271e+00
7.826003494767911128e+00
7.815508680713061374e+00
7.806700814920072951e+00
7.796014801433849506e+00
7.771415492670232794e+00
7.752005400569298210e+00
7.719679246183583032e+00
7.667475367510583339e+00
7.617460617122876698e+00
7.583575075041819602e+00
7.565756937765518941e+00
7.546476033645533654e+00
7.533048478877004683e+00
7.526234568777036671e+00
7.519925075950203208e+00
7.513334817114225572e+00
7.504915124375948210e+00
7.495770444812924538e+00
7.486331281184665620e+00
7.479058225142886762e+00
7.476644717088587910e+00
7.473686918463245732e+00
7.468821250406598722e+00
7.460818189751669216e+00
7.445358189061775711e+00
7.424865309463941188e+00
7.405086696401967039e+00
7.381254104921742609e+00
7.354816952327417390e+00
7.332337449453025791e+00
7.314259173415190496e+00
7.291193409784694879e+00
7.259675092482189562e+00
7.209297812996767085e+00
7.164082080994119472e+00
7.132301323437007845e+00
7.098387572269058587e+00
6.942439651291005376e+00
6.898842512984989739e+00
6.862456381978500275e+00
6.828688247178489767e+00
6.790584210410465005e+00
6.758762057655971489e+00
6.747753515232182586e+00
6.739550194075590639e+00
6.723915993598435392e+00
6.705612295867662276e+00
6.690916057220196222e+00
6.670399870384625451e+00
6.638853512169833770e+00
6.585969176726325536e+00
6.559280454796716064e+00
6.526920532638649242e+00
6.476425827058011286e+00
6.408907857830475230e+00
6.298147593575640357e+00
6.152493209649540162e+00
5.987957484139594833e+00
5.811901944056180547e+00
5.702930893128620227e+00
5.636141727026810599e+00
5.598980810754583537e+00
5.575635768801821435e+00
5.556306119872890470e+00
5.542292498282056279e+00
5.529574068712180157e+00
5.513913778019285949e+00
5.495194541093703755e+00
5.478253286657539967e+00
5.464078009760074295e+00
5.446039835806122831e+00
5.427867328888292597e+00
5.416245968824473067e+00
5.408502837476526715e+00
5.399083302725914635e+00
5.385574102445151112e+00
5.367955690478880548e+00
5.344260589785014837e+00
5.331633765089933696e+00
5.321695757854667974e+00
5.307521709734658089e+00
5.284714906331820394e+00
5.261812230915078104e+00
5.245645896819965515e+00
5.232378516154802206e+00
5.097576577541649279e+00
5.040819828420771032e+00
4.929049362742083495e+00
4.801977587373709611e+00
4.707701296204746200e+00
4.648136462588026596e+00
4.584734794950466430e+00
4.478426517673449681e+00
4.291260041169619122e+00
4.030292004582296528e+00
3.744964641783788739e+00
3.489521153860399849e+00
3.337449277394704872e+00
3.253795808910044940e+00
3.220217955878082794e+00
3.170815967363939336e+00
3.115384153654294774e+00
3.056550413876817363e+00
2.968372726506105952e+00
2.848422526043296710e+00
2.753623652423469181e+00
2.622477214795453371e+00
2.366641450445762462e+00
2.086644520610805298e+00
1.752166805761147472e+00
1.391215718958592529e+00
9.916110090352946438e-01
2.987614065937579388e-01
