1.050009644581483848e+01
1.049630957527942421e+01
1.049747977467103865e+01
1.049877355434720982e+01
1.050017744849246348e+01
1.050168353976528124e+01
1.050316397572480120e+01
1.050182716086838752e+01
1.049701539202195022e+01
1.049494590331675425e+01
1.049646329190927041e+01
1.049834777743562952e+01
1.050004701302944099e+01
1.049950013083621414e+01
1.049711494439997850e+01
1.049137290128919453e+01
1.048136952327850047e+01
1.047255022015136916e+01
1.046632478369820873e+01
1.046191101563679915e+01
1.045814965432697008e+01
1.045498503069212681e+01
1.044664122374219950e+01
1.043932005962519938e+01
1.043721925748014101e+01
1.043260214888164938e+01
1.042755913453920513e+01
1.042116776839113435e+01
1.041404028358973832e+01
1.040845366704081520e+01
1.040187077180776498e+01
1.039750897471778401e+01
1.039329260058849869e+01
1.038592785412533637e+01
1.037793428498815018e+01
1.036806921814002358e+01
1.035277082975452068e+01
1.032684360660477196e+01
1.028822686173759315e+01
1.025039804304397961e+01
1.022329081623355407e+01
1.018639969792675970e+01
1.014463335480152040e+01
1.010932201131824293e+01
1.007194089070149801e+01
1.003744243506038103e+01
1.000346484056513852e+01
9.974718888815214513e+00
9.961528823706430558e+00
9.961198906291690136e+00
9.955824317579645921e+00
9.948974055946189665e+00
9.951162113907013662e+00
9.953495846545076020e+00
9.955945461036270316e+00
9.958558149923636194e+00
9.961383121304169919e+00
9.964520788513212324e+00
9.968082091930904554e+00
9.972200523370325698e+00
9.977288178294474008e+00
9.971293016022547917e+00
9.951629864759947708e+00
9.936084262263820577e+00
9.924028460282322328e+00
9.903596187810451923e+00
9.873347926043694045e+00
9.818326205373605120e+00
9.735582932695773906e+00
9.662304418226186797e+00
9.588141679224577274e+00
9.501016789702692478e+00
9.433294489310952713e+00
9.383425761926988073e+00
9.335708575721973546e+00
9.274171709504695826e+00
9.201339760883662677e+00
9.138608965166579168e+00
9.109338893316975216e+00
9.080106754084413367e+00
9.050174742540781025e+00
9.029562329361247919e+00
9.012149398752137941e+00
8.994495761894018671e+00
8.966266134420404654e+00
8.920914982947785177e+00
8.864090228593960674e+00
8.815733774121383703e+00
8.781835047819024354e+00
8.748803358416463283e+00
8.715853820374491079e+00
8.690685936005609236e+00
8.668022299172291056e+00
8.650778482051011409e+00
8.628060786044578379e+00
8.605624991439080773e+00
8.591187083070456865e+00
8.577457330653357914e+00
8.562354732140139646e+00
8.547457172971379080e+00
8.532793858514537533e+00
8.514685854939123999e+00
8.493561209823230485e+00
8.472083283223357242e+00
8.452054909182622922e+00
8.432802592368890515e+00
8.409107686843077190e+00
8.381649268331816671e+00
8.352556815124225764e+00
8.315852839267023455e+00
8.279632728324454405e+00
8.214422590010803660e+00
8.181045696494836150e+00
8.144773408132286008e+00
8.110404506501023292e+00
8.054735589503572157e+00
7.933363764627106463e+00
7.785131865525819705e+00
7.660131868277894718e+00
7.560065717562520327e+00
7.489049586511829837e+00
7.451107607888280526e+00
7.423236040742879460e+00
7.400353180654242635e+00
7.381093410590080950e+00
7.366815046163847747e+00
7.353581585689175526e+00
7.341238602698547666e+00
7.335213102255668360e+00
7.328359213547802398e+00
7.320632257693323375e+00
7.314768604877388114e+00
7.309251058781992327e+00
7.303837302493451311e+00
7.299263170981439508e+00
7.294126594155064147e+00
7.289093735116706441e+00
7.285194870707630166e+00
7.281378846348872891e+00
7.277902464582602704e+00
7.275067067202159343e+00
7.272776538915779021e+00
7.270539094260548119e+00
7.266457489935429948e+00
7.259376438334662396e+00
7.254030579043213578e+00
7.245510200224855701e+00
7.231301345194432351e+00
7.216424553876002790e+00
7.204057548336576744e+00
7.193642102555112494e+00
7.184921290585799980e+00
7.174327341462779728e+00
7.163683050093082372e+00
7.157483967354419718e+00
7.151216578856455897e+00
7.139919996273372149e+00
7.122667964687559028e+00
7.100184379015447078e+00
7.074531204155029229e+00
7.049008580193180329e+00
7.029022391771257539e+00
7.013582896066975714e+00
6.998470765689533302e+00
6.982156310753967254e+00
6.967233841518156723e+00
6.957969606579313293e+00
6.950949200622238422e+00
6.946209994758833162e+00
6.941570560237759757e+00
6.936169789848166012e+00
6.930262680586048774e+00
6.923258529420662555e+00
6.915258917301909669e+00
6.895273888009792351e+00
6.864241639987037402e+00
6.812100130972839729e+00
6.774703781655680324e+00
6.725976934826094045e+00
6.671789121931510635e+00
6.608508918186468684e+00
6.459876275589648387e+00
6.383682544880050713e+00
6.317053680343400757e+00
6.279251611080857387e+00
6.258912519995010193e+00
6.246958728482335133e+00
6.237219404171169934e+00
6.230006737844535181e+00
6.223843652659943437e+00
6.220115936664590173e+00
6.218777004517597184e+00
6.218002156209085918e+00
6.216814878810711598e+00
6.114821075898885461e+00
6.109281491843623790e+00
6.048853372471461931e+00
6.029769195172667295e+00
6.016686600514431049e+00
6.000325598777142666e+00
5.977425439799087137e+00
5.952700442272695014e+00
5.930622041678449641e+00
5.912830811417607357e+00
5.894063389344061044e+00
5.872406867049802415e+00
5.847226442762928578e+00
5.809363059282454778e+00
5.760343307941547586e+00
5.708571304857310125e+00
5.651677226278085442e+00
5.604199043881320286e+00
5.569775241662074272e+00
5.531173526219739678e+00
5.496450830425403389e+00
5.460252684440082938e+00
5.404690067918922480e+00
5.353287115467540325e+00
5.316969959714524130e+00
5.296908590160817276e+00
5.278614147179335525e+00
5.253807913566116206e+00
5.226617946739870568e+00
5.198717554128336360e+00
5.173946346925452744e+00
5.151853832609038619e+00
5.114070281374355709e+00
5.058612002372036009e+00
4.959939119343752978e+00
4.754358275435766501e+00
4.164671023521889559e+00
3.924219307920556510e+00
3.910106570925038216e+00
3.908740158947779708e+00
3.910525156726959661e+00
6.134390410020498230e-01
