1.021711529550768383e+01
1.020591316897344214e+01
1.020652635234882766e+01
1.020714136671763939e+01
1.020770167377916238e+01
1.020830696235366197e+01
1.020898388553086100e+01
1.020970799143178809e+01
1.021049241686903564e+01
1.021129678738398283e+01
1.021215829519841556e+01
1.021303405289263111e+01
1.021392397097310223e+01
1.021483325537017883e+01
1.021578292070470795e+01
1.021677533482291800e+01
1.021780231011406670e+01
1.021888720956697583e+01
1.022002174380734552e+01
1.022121334649086855e+01
1.022237826594495580e+01
1.022356342918239136e+01
1.022301283450175724e+01
1.021957928740724242e+01
1.021782598089985150e+01
1.019598539635796897e+01
1.004022642176727587e+01
1.004115178232539130e+01
1.004213430034559451e+01
1.004308707216632968e+01
1.004406915046891413e+01
1.004512730656802688e+01
1.004622193722163637e+01
1.004735665505571696e+01
1.004849618407000200e+01
1.004964435256930066e+01
1.005091697446285615e+01
1.005224364253214731e+01
1.005366223466094233e+01
1.005527127376618424e+01
1.005264008453120184e+01
1.004917536665310251e+01
1.005045322818659237e+01
1.005184683831373604e+01
1.005329745714805334e+01
1.005479684401452012e+01
1.005636355083867173e+01
1.005799683276312528e+01
1.005966942279651732e+01
1.006144116918779474e+01
1.006310057178731832e+01
1.006505286457888992e+01
1.006725316935513526e+01
1.006981604257199514e+01
1.007285256389485895e+01
1.007688791736240397e+01
1.006397100696476166e+01
1.003045398827814516e+01
1.001357868682861252e+01
1.001640231891085975e+01
1.001973923267470568e+01
1.002415715445967237e+01
1.001011754858542169e+01
9.972842234178537879e+00
9.933838934100849727e+00
9.900660383256198571e+00
9.888748254973398488e+00
9.875307293896049998e+00
9.858232121879796139e+00
9.859640778945060191e+00
9.861141755451406254e+00
9.862692974021625147e+00
9.864283194666226606e+00
9.865933259552372547e+00
9.867637165442236125e+00
9.869412442529686302e+00
9.871290318704568634e+00
9.873256644772917312e+00
9.875320604513383671e+00
9.877531440848731137e+00
9.879904050749033217e+00
9.882348621603872729e+00
9.880599821077204581e+00
9.880705005086349857e+00
9.879744255317431723e+00
9.879979059865702240e+00
9.878281028525995211e+00
9.875523685506619742e+00
9.870707571106532185e+00
9.856339723516690299e+00
9.830950323213018649e+00
9.796503563807087644e+00
9.756196267009221046e+00
9.712152840490958283e+00
9.663409728014528355e+00
9.611523635309861646e+00
9.565000827128157468e+00
9.538231793387071278e+00
9.522393367209904369e+00
9.511783127609524158e+00
9.504371622683558840e+00
9.481240484032868565e+00
9.473646060580950490e+00
9.466014498579685466e+00
9.457076116008121147e+00
9.449546276501544995e+00
9.445784732628162317e+00
9.439790435789634060e+00
9.432784957053875985e+00
9.424804893607895195e+00
9.412957559510756411e+00
9.398542391455910305e+00
9.382177395577439682e+00
9.365083453406960246e+00
9.345446270305735936e+00
9.319541177220992623e+00
9.285523554238899635e+00
9.250105146697622516e+00
9.207154844120497117e+00
9.140149649389954334e+00
9.036632887021040617e+00
8.920182828910153461e+00
8.800053447810411100e+00
8.708894880769467051e+00
8.615941639091012405e+00
8.511286966008269061e+00
8.410319929376578685e+00
8.320223163975320801e+00
8.228354154704673462e+00
8.122425600056109474e+00
8.020440012106190508e+00
7.926080967930086096e+00
7.839350442841173106e+00
7.774600896887427837e+00
7.729145343235820143e+00
7.686907841788582552e+00
7.632199068362614192e+00
7.563398015664174245e+00
7.499197538343691072e+00
7.446844605823899954e+00
7.413634997198555787e+00
7.398592696874231933e+00
7.386675501139108313e+00
7.374027589051010523e+00
7.359917023430033289e+00
7.341131698953613061e+00
7.320632257693323375e+00
7.302138202932556332e+00
7.287571089669087954e+00
7.277457929721047769e+00
7.269249018466462431e+00
7.261843126753464439e+00
7.255937913292883401e+00
7.250727315490201441e+00
7.245991115135856475e+00
7.241511616108009086e+00
7.236376008546377747e+00
7.230643033171956446e+00
7.223280427593939734e+00
7.214565704604470220e+00
7.205112296756235324e+00
7.183617140368168563e+00
7.155053502317328729e+00
7.124233521550864090e+00
7.093327110744393593e+00
7.066538360825997955e+00
7.030737314449045705e+00
6.989304286835541724e+00
6.951049350922325232e+00
6.915876084215955899e+00
6.893058445608645890e+00
6.870351810228938483e+00
6.846049962178618387e+00
6.826170725813173412e+00
6.800428368918328914e+00
6.763802224074592750e+00
6.724091460155583455e+00
6.688973017003986499e+00
6.661426474322921898e+00
6.627088188119423684e+00
6.578531482409488262e+00
6.534688471220432504e+00
6.490493638876831284e+00
6.460574631465431317e+00
6.438626193542854814e+00
6.426171174883701376e+00
6.416187673256996682e+00
6.305873498818383105e+00
5.592305582685900944e+00
5.459400027528537258e+00
5.084125664779945986e+00
4.821544314403547027e+00
4.745248162323263408e+00
4.706608555058718224e+00
4.672337115998991486e+00
4.603799111156116730e+00
4.516767992952619437e+00
4.461450502623303116e+00
4.431558348828679605e+00
4.404606250895984232e+00
4.364819180829670131e+00
4.307258501598146161e+00
4.255277330570740979e+00
4.227997191521094322e+00
4.206550645749979722e+00
4.194597585242509474e+00
4.186690820759549680e+00
4.182574416021153318e+00
4.179287457481867918e+00
4.175775557013192696e+00
4.169962301144717109e+00
4.163548964901809590e+00
4.156464343571387055e+00
4.144742289072813612e+00
4.127033490431892382e+00
4.101210746562480303e+00
4.058786521437278694e+00
4.002196310069995100e+00
3.951984106859787182e+00
3.904455864480528948e+00
3.833338388939397490e+00
3.760775204416251238e+00
3.707424535295210877e+00
3.663101354895552664e+00
3.628321481434623408e+00
3.598366945209010570e+00
3.582252046745142415e+00
3.572638135204763810e+00
3.559978403316071294e+00
3.541217180997804803e+00
3.517350315644450998e+00
3.481727764587990492e+00
3.416114376297014754e+00
3.244836023425545335e+00
2.770062202912664695e+00
