8.706160000000000287e-02
2.387529999999999861e-02
1.929180000000000131e-02
2.096929999999999905e-01
8.886529999999999430e-02
3.317680000000000073e-01
3.982320000000000304e-02
1.820209999999999884e-02
6.564570000000000127e-02
1.951790000000000122e-02
2.979820000000000038e-02
1.457299999999999915e-02
1.292109999999999960e-02
1.242689999999999940e-02
1.645840000000000150e-02
1.220369999999999962e-02
1.413479999999999945e-02
1.506440000000000036e-02
3.235360000000000319e-02
7.682329999999999715e-02
1.139610000000000067e-01
1.191710000000000047e+00
1.680099999999999927e+00
1.489800000000000013e+00
2.199269999999999836e+00
3.413229999999999986e+00
2.839589999999999836e+00
3.557580000000000187e+00
4.354029999999999845e+00
3.367300000000000182e+00
1.329210000000000003e+00
1.015030000000000099e+00
2.760470000000000201e+00
8.646979999999999666e-01
7.047620000000000273e-02
2.174590000000000134e-01
2.571969999999999867e+00
4.820140000000000313e+00
7.940109999999999779e+00
5.920989999999999753e+00
6.990230000000000388e+00
7.336400000000000254e+00
1.042099999999999937e+01
1.915390000000000015e+01
2.009039999999999893e+01
2.651460000000000150e+01
1.981439999999999912e+01
1.536100000000000065e+01
1.462320000000000064e+01
7.292159999999999975e+00
7.536229999999999762e+00
7.608939999999999593e+00
8.226499999999999702e+00
4.538120000000000154e+00
6.694259999999999877e+00
6.743439999999999657e+00
1.804700000000000060e+01
2.981109999999999971e+01
2.934799999999999898e+01
4.837120000000000175e+01
5.541550000000000153e+01
4.824920000000000186e+01
4.766049999999999898e+01
3.189669999999999916e+01
2.273509999999999920e+01
3.672140000000000271e+01
1.489289999999999914e+01
6.524619999999999642e+00
3.099180000000000046e+00
3.305340000000000167e+00
1.832580000000000098e+00
1.505260000000000042e+00
1.026820000000000066e+00
7.886469999999999869e-01
3.300790000000000113e-01
4.674180000000000001e-01
6.275979999999999892e-01
6.680530000000000079e-01
9.427699999999999969e-01
1.068009999999999904e+00
1.121709999999999985e+00
1.165419999999999900e+00
1.602719999999999922e+00
1.326389999999999958e+00
8.047360000000000069e-01
9.009179999999999966e-01
7.838199999999999612e-01
8.001110000000000166e-01
7.265650000000000164e-01
1.028219999999999912e+00
9.968979999999999508e-01
6.416129999999999889e-01
6.170430000000000081e-01
5.194490000000000496e-01
9.746519999999999628e-01
9.269150000000000444e-01
8.318140000000000533e-01
8.241659999999999542e-01
2.041479999999999961e+00
2.749880000000000102e+00
2.687300000000000022e+00
3.523600000000000065e+00
2.718199999999999950e+00
1.360430000000000028e+00
1.400300000000000100e+00
1.003430000000000044e+00
5.499439999999999884e-01
4.241719999999999935e-01
3.410000000000000253e-01
3.546409999999999840e-01
3.954170000000000185e-01
4.065650000000000097e-01
2.942409999999999748e-01
2.678820000000000090e-01
3.817389999999999950e-01
3.974260000000000015e-01
2.616620000000000057e-01
2.437840000000000007e-01
2.452519999999999978e-01
3.725410000000000110e-01
5.778889999999999860e-01
3.478580000000000005e-01
6.736980000000000190e-01
9.069439999999999724e-01
9.287670000000000092e-01
7.741670000000000496e-01
5.850849999999999662e-01
5.730659999999999643e-01
5.054870000000000196e-01
3.052349999999999786e-01
1.913569999999999993e-01
2.834530000000000105e-01
3.450710000000000166e-01
4.112169999999999992e-01
4.784840000000000204e-01
5.794620000000000326e-01
6.998360000000000136e-01
8.705089999999999772e-01
1.281139999999999946e+00
1.445959999999999912e+00
1.398870000000000058e+00
1.310000000000000053e+00
7.306240000000000512e-01
5.910379999999999523e-01
3.976299999999999835e-01
2.166349999999999942e-01
2.195539999999999992e-01
8.485170000000000212e-02
7.767720000000000180e-02
1.053530000000000022e-01
8.725299999999999723e-02
6.408640000000000170e-02
7.562580000000000691e-02
5.539979999999999905e-02
4.172340000000000076e-02
7.638419999999999932e-02
5.943620000000000153e-02
5.322459999999999691e-02
7.689699999999999314e-02
1.486679999999999946e-01
1.743879999999999875e-01
1.736779999999999990e-01
1.494020000000000070e-01
1.472150000000000125e-01
1.557489999999999986e-01
1.934089999999999976e-01
1.221409999999999996e-01
1.214770000000000016e-01
8.790180000000000216e-02
7.020360000000000489e-02
1.052860000000000046e-01
5.850840000000000207e-02
9.251910000000000689e-02
1.103340000000000015e-01
1.165640000000000009e-01
9.125429999999999653e-02
1.832920000000000105e-01
1.184560000000000057e-01
7.846419999999999784e-02
6.101220000000000254e-02
3.287530000000000313e-02
2.834700000000000067e-02
2.906130000000000171e-02
2.474919999999999898e-02
2.293629999999999974e-02
2.663930000000000117e-02
2.398000000000000131e-02
1.715240000000000167e-02
1.316220000000000064e-02
8.277929999999999316e-03
6.690500000000000266e-03
7.957270000000000662e-03
1.307380000000000000e-02
1.369860000000000001e-02
1.372839999999999998e-02
1.256099999999999925e-02
1.587759999999999866e-02
1.114180000000000031e-02
7.572950000000000167e-03
9.373680000000000553e-03
6.490759999999999932e-03
2.598039999999999811e-03
2.517450000000000070e-03
2.552399999999999808e-03
2.608300000000000028e-03
2.387509999999999806e-03
2.722210000000000081e-03
2.273700000000000027e-03
1.855290000000000107e-03
2.542949999999999985e-03
2.575299999999999985e-03
2.049739999999999982e-03
2.287630000000000132e-03
2.243960000000000139e-03
1.956620000000000061e-03
2.471590000000000072e-03
3.590910000000000109e-03
3.763269999999999983e-03
4.746039999999999981e-03
4.555049999999999724e-03
4.283989999999999673e-03
4.620939999999999596e-03
4.500709999999999780e-03
4.513920000000000259e-03
6.915919999999999880e-03
3.797950000000000024e-03
8.558319999999999469e-03
3.978070000000000217e-03
7.498529999999999779e-03
1.877600000000000102e-02
1.383060000000000019e-02
1.011500000000000073e-02
4.950300000000000360e-03
5.685990000000000141e-03
6.468319999999999625e-03
4.068460000000000305e-03
