5.361089999999999911e+00
5.384019999999999584e+00
5.559770000000000323e+00
5.755539999999999878e+00
5.983329999999999593e+00
6.344680000000000319e+00
8.482110000000000483e+00
1.157419999999999938e+01
1.019170000000000087e+01
8.033939999999999415e+00
2.436370000000000147e+00
5.681250000000000189e-02
4.026840000000000280e-02
2.097210000000000046e-02
3.482500000000000179e-02
1.741660000000000083e-02
9.119189999999999241e-03
9.248140000000000180e-03
1.237839999999999947e-02
1.159849999999999944e-02
2.225550000000000098e-02
1.166099999999999949e-02
1.095390000000000079e-02
2.135039999999999855e-02
1.500079999999999990e-02
7.402530000000000221e-02
2.419040000000000079e-02
1.778450000000000170e-02
1.740839999999999943e+00
3.675930000000000142e+00
3.983519999999999950e+00
2.854439999999999866e+00
7.835259999999999447e-02
5.244759999999999700e-02
4.965789999999999788e-02
1.374419999999999975e+00
3.674720000000000070e-02
1.594069999999999862e-02
1.408120000000000031e-02
1.031579999999999997e-02
1.568889999999999868e-02
2.058159999999999851e-02
1.166790000000000015e-02
1.785609999999999975e-02
3.136110000000000286e-02
3.488179999999999836e+00
1.586989999999999901e+00
4.004309999999999814e-02
1.316100000000000082e-02
7.899369999999999309e-03
7.131560000000000329e-03
1.778429999999999941e-02
1.032899999999999964e-02
1.898259999999999878e-02
1.824989999999999946e-02
3.871440000000000298e-02
3.916929999999999801e+00
2.025110000000000104e-02
2.800640000000000074e-02
5.122679999999999900e+00
6.849500000000000033e-02
1.761880000000000113e-01
2.334119999999999945e-02
3.585549999999999848e-02
7.297719999999999985e+00
8.873379999999999157e+00
9.860179999999999723e+00
9.632110000000000838e+00
1.103519999999999968e+01
9.013109999999999289e+00
1.746999999999999886e+01
2.446010000000000062e+01
2.019660000000000011e+01
2.333599999999999852e+01
2.186670000000000158e+01
1.213790000000000013e+01
9.667229999999999990e+00
7.438159999999999883e+00
5.791590000000000238e+00
4.573229999999999684e+00
5.023979999999999890e+00
4.780619999999999870e+00
4.026729999999999698e+00
4.329600000000000115e+00
4.003210000000000157e+00
4.531839999999999868e+00
5.248190000000000133e+00
5.160319999999999574e+00
5.000670000000000393e+00
7.372460000000000235e+00
1.099830000000000041e+01
1.007269999999999932e+01
7.414299999999999891e+00
6.792229999999999990e+00
6.071600000000000108e+00
3.359399999999999942e+00
2.167429999999999968e+00
1.894479999999999942e+00
2.047400000000000109e+00
1.394879999999999898e+00
7.952949999999999742e-01
6.850190000000000445e-01
1.239069999999999894e+00
1.139369999999999994e+00
1.437419999999999920e+00
1.235880000000000090e+00
8.621159999999999934e-01
7.496650000000000258e-01
1.041330000000000089e+00
1.119350000000000067e+00
7.259419999999999762e-01
8.170779999999999710e-01
1.080540000000000056e+00
9.295149999999999801e-01
5.907010000000000316e-01
6.081320000000000059e-01
5.453459999999999974e-01
4.576470000000000260e-01
3.391509999999999803e-01
4.166989999999999861e-01
2.341050000000000075e-01
1.958860000000000046e-01
2.808249999999999913e-01
3.546400000000000108e-01
3.153819999999999957e-01
2.342200000000000115e-01
3.710490000000000177e-01
3.237630000000000230e-01
2.571820000000000217e-01
3.429740000000000011e-01
2.771210000000000062e-01
1.870469999999999910e-01
2.295850000000000113e-01
2.056350000000000122e-01
1.729400000000000104e-01
2.006900000000000073e-01
2.114439999999999931e-01
2.581729999999999858e-01
4.412619999999999876e-01
7.568639999999999812e-01
7.603079999999999838e-01
1.322940000000000005e+00
1.482539999999999969e+00
9.114389999999999992e-01
5.797750000000000403e-01
2.906980000000000119e-01
1.449360000000000093e-01
1.209289999999999948e-01
1.123949999999999949e-01
6.952250000000000096e-02
8.388950000000000573e-02
1.389130000000000087e-01
1.144359999999999961e-01
1.159239999999999993e-01
1.404970000000000108e-01
2.057700000000000085e-01
2.911630000000000051e-01
2.535859999999999781e-01
3.990529999999999911e-01
3.380259999999999931e-01
4.082890000000000130e-01
1.390959999999999974e-01
2.285679999999999934e-01
1.886140000000000039e-01
1.690720000000000001e-01
7.780739999999999879e-02
4.267390000000000072e-02
1.945720000000000088e-02
2.402599999999999875e-02
2.038649999999999837e-02
1.474160000000000054e-02
1.362279999999999915e-02
3.463959999999999869e-03
5.133200000000000089e-03
4.444990000000000226e-03
5.564839999999999717e-03
7.049879999999999688e-03
6.117550000000000245e-03
9.008719999999999575e-03
7.477000000000000139e-03
5.360469999999999992e-03
6.133989999999999755e-03
3.273139999999999904e-03
3.909669999999999639e-03
6.606830000000000168e-03
7.901299999999999990e-03
5.016849999999999782e-03
4.628219999999999730e-03
4.645169999999999681e-03
3.254860000000000045e-03
2.522659999999999920e-03
1.434020000000000043e-03
1.285740000000000060e-03
1.391309999999999986e-03
1.167929999999999966e-03
1.013140000000000047e-03
6.401119999999999727e-04
6.039889999999999799e-04
5.675600000000000480e-04
5.751789999999999898e-04
6.771830000000000384e-04
4.981480000000000153e-04
5.779999999999999548e-04
5.140929999999999719e-04
4.455679999999999732e-04
4.097330000000000156e-04
1.979229999999999954e-04
1.273520000000000099e-04
1.454899999999999911e-04
1.730489999999999893e-04
2.344179999999999907e-04
2.239700000000000122e-04
2.572289999999999863e-04
3.500639999999999741e-04
3.213059999999999896e-04
3.340330000000000187e-04
3.146110000000000139e-04
2.992299999999999929e-04
4.100670000000000161e-04
1.858940000000000061e-04
1.687880000000000109e-04
1.799620000000000093e-04
2.380919999999999966e-04
1.966009999999999969e-04
1.459569999999999986e-04
1.151939999999999952e-04
1.682420000000000063e-04
9.896020000000000164e-05
1.228310000000000035e-04
1.004299999999999990e-04
1.133630000000000054e-04
1.008970000000000065e-04
1.449130000000000134e-04
1.158239999999999942e-04
1.673950000000000058e-04
2.352959999999999915e-04
