6.032659999999999911e+00
6.280689999999999884e+00
6.545770000000000088e+00
6.726549999999999585e+00
6.762550000000000061e+00
7.087579999999999991e+00
8.250750000000000028e+00
1.078439999999999976e+01
1.018360000000000021e+01
8.108169999999999433e+00
2.860079999999999956e+00
6.681890000000000052e-02
3.236519999999999675e-02
2.918240000000000070e-02
5.559689999999999771e-02
2.703159999999999938e-02
1.968620000000000092e-02
1.747249999999999845e-02
2.345720000000000097e-02
2.549639999999999893e-02
5.474190000000000306e-02
3.098630000000000134e-02
2.065849999999999978e-02
1.998669999999999961e-02
1.079029999999999920e-02
2.303579999999999864e-02
1.149069999999999953e-02
6.839630000000000189e-03
4.171520000000000089e-02
2.128880000000000106e+00
2.327929999999999833e+00
7.408510000000000095e-02
2.845659999999999856e-02
3.467499999999999749e-02
9.447690000000000254e-02
3.083180000000000032e+00
1.431140000000000079e+00
3.185290000000000343e-02
2.462630000000000027e-02
1.669500000000000151e-02
2.821680000000000021e-02
3.270699999999999996e-02
1.738860000000000058e-02
2.069100000000000106e-02
5.917000000000000037e-02
4.454740000000000144e+00
3.531460000000000043e+00
4.322229999999999822e-02
1.496040000000000043e-02
9.770440000000000028e-03
9.301929999999999921e-03
2.336289999999999895e-02
1.206839999999999996e-02
2.627060000000000159e-02
1.887899999999999995e-02
3.542689999999999728e-02
5.310290000000000177e+00
4.628639999999999838e-02
3.445300000000000029e+00
1.321570000000000000e+01
1.115399999999999991e+01
1.404059999999999953e+01
1.036379999999999946e+01
1.338579999999999970e+01
1.335950000000000060e+01
1.576019999999999932e+01
8.883850000000000691e+00
4.489519999999999733e+00
8.651640000000000441e+00
1.319260000000000055e+01
8.168509999999999494e+00
5.988999999999999879e+00
5.196749999999999758e+00
6.811040000000000205e+00
4.206999999999999851e+00
2.949059999999999876e-02
2.844479999999999897e+00
1.754750000000000060e-02
2.614970000000000017e+00
5.144029999999999880e+00
4.615569999999999951e+00
7.734689999999999621e+00
7.712959999999999816e+00
1.037700000000000067e+01
7.918759999999999799e+00
9.413679999999999382e+00
6.085219999999999629e+00
9.126279999999999504e+00
1.592869999999999919e+01
1.306770000000000032e+01
8.623100000000000875e+00
5.965410000000000323e+00
2.754980000000000206e+00
1.572889999999999899e+00
5.664540000000000131e-01
3.922959999999999781e-01
2.376739999999999964e-01
3.937419999999999809e-01
4.220220000000000082e-01
1.124970000000000026e+00
1.946379999999999999e+00
2.589290000000000092e+00
4.697639999999999816e+00
3.938239999999999963e+00
3.272289999999999921e+00
3.425720000000000098e+00
2.845950000000000202e+00
1.652239999999999931e+00
8.999709999999999654e-01
6.684679999999999511e-01
5.312740000000000240e-01
5.353860000000000285e-01
7.943580000000000085e-01
7.742019999999999458e-01
4.437349999999999905e-01
6.622909999999999631e-01
8.718679999999999763e-01
1.275209999999999955e+00
1.178290000000000060e+00
1.214229999999999920e+00
8.685770000000000435e-01
4.654719999999999969e-01
4.248319999999999874e-01
2.752820000000000267e-01
2.831159999999999788e-01
3.473330000000000028e-01
4.895720000000000072e-01
1.079539999999999944e+00
9.735169999999999657e-01
5.773150000000000226e-01
6.818210000000000104e-01
4.569320000000000048e-01
4.672149999999999914e-01
5.650889999999999525e-01
4.987530000000000019e-01
7.570189999999999975e-01
1.138900000000000023e+00
9.797000000000000153e-01
1.094000000000000083e+00
1.165189999999999948e+00
7.921030000000000015e-01
7.877899999999999903e-01
6.761200000000000543e-01
9.213200000000000278e-01
1.187019999999999964e+00
1.619210000000000038e+00
1.492150000000000087e+00
1.697510000000000074e+00
1.702749999999999986e+00
1.477929999999999966e+00
8.623650000000000482e-01
6.488199999999999523e-01
6.208019999999999650e-01
8.096609999999999641e-01
8.555129999999999679e-01
1.046540000000000026e+00
6.446779999999999733e-01
6.145639999999999992e-01
6.125469999999999526e-01
7.548759999999999915e-01
8.997509999999999675e-01
8.668749999999999512e-01
6.990510000000000126e-04
6.329529999999999879e-01
6.974280000000000453e-04
7.569510000000000405e-01
1.104610000000000092e+00
1.028610000000000024e+00
1.594919999999999893e+00
2.802999999999999936e+00
1.518899999999999917e+00
2.610479999999999912e+00
3.854220000000000201e+00
4.567190000000000083e+00
5.655929999999999680e+00
6.679640000000000022e+00
3.763999999999999790e+00
4.342869999999999564e+00
3.191969999999999974e+00
1.034829999999999917e+00
6.934019999999999628e-01
1.635689999999999922e-01
1.515680000000000083e-01
7.568270000000000552e-02
6.290619999999999545e-02
3.042970000000000050e-02
1.878470000000000140e-02
1.750499999999999973e-02
1.754930000000000032e-02
1.435400000000000044e-02
2.058070000000000038e-02
1.315299999999999976e-02
1.193639999999999979e-02
6.206869999999999749e-03
6.258989999999999866e-03
1.809489999999999970e-03
1.235680000000000068e-03
1.281210000000000074e-03
1.162999999999999971e-03
1.042959999999999894e-03
7.236379999999999722e-04
2.970219999999999761e-04
7.650590000000000081e-04
7.078940000000000362e-04
5.157579999999999500e-04
9.157699999999999955e-04
9.293870000000000516e-04
7.142840000000000343e-04
4.904370000000000344e-04
4.424680000000000063e-04
6.203079999999999705e-04
4.400620000000000161e-04
2.293549999999999886e-04
1.520650000000000018e-04
6.828999999999999838e-05
5.769490000000000219e-05
5.035079999999999911e-05
5.562340000000000009e-05
4.396329999999999970e-05
2.457739999999999952e-05
