2.676909999999999901e+00
2.722649999999999793e+00
2.857950000000000212e+00
2.933499999999999996e+00
3.037380000000000191e+00
3.208810000000000162e+00
4.026340000000000252e+00
3.915459999999999940e+00
3.277289999999999814e+00
2.127159999999999940e+00
1.828989999999999894e+00
8.898169999999999691e-01
6.439510000000000511e-01
6.194150000000000489e-01
1.951000000000000068e+00
1.345369999999999955e+00
5.176300000000000345e+00
2.043309999999999960e+00
8.135980000000000434e-01
7.691280000000000339e-01
3.585280000000000151e-03
2.542220000000000035e-01
5.070459999999999724e-03
2.534219999999999789e-03
5.277399999999999869e-01
1.026189999999999936e+00
1.074449999999999905e+00
9.243959999999999955e-01
7.473649999999999460e-01
8.370830000000000215e-01
1.037260000000000071e+00
1.507660000000000000e+00
1.269269999999999898e+00
7.325770000000000337e-01
6.725499999999999812e-01
4.705460000000000198e-01
5.791539999999999466e-01
7.001840000000000286e-01
3.541770000000000196e-01
2.990929999999999978e-01
4.418440000000000145e-01
5.990410000000000457e-01
4.020020000000000260e-01
1.383820000000000050e-01
1.072169999999999894e-03
5.222910000000000313e-04
5.953549999999999945e-04
7.231150000000000425e-03
1.088659999999999975e-03
9.745120000000000171e-02
2.204760000000000053e-01
4.448239999999999972e-01
6.111370000000000413e-01
3.980580000000000229e-01
4.547789999999999888e-01
7.099360000000000115e-01
4.364689999999999959e-01
4.650340000000000029e-01
2.675489999999999813e-01
2.917779999999999818e-01
4.556279999999999775e-01
3.509349999999999969e-01
6.046859999999999458e-01
4.700329999999999786e-01
3.716780000000000084e-01
2.376560000000000061e-01
2.654270000000000240e-01
4.228149999999999964e-01
5.589659999999999629e-01
7.736870000000000136e-01
5.388140000000000152e-01
4.539650000000000074e-01
4.844019999999999992e-01
2.999800000000000244e-01
3.758569999999999967e-01
4.557550000000000212e-01
4.285289999999999933e-01
4.629409999999999914e-01
3.069919999999999871e-01
5.412759999999999794e-01
3.051440000000000263e-01
2.992110000000000047e-01
5.258920000000000261e-01
3.877240000000000131e-01
2.940260000000000096e-01
2.714520000000000266e-01
3.113890000000000269e-01
3.880000000000000115e-01
4.405629999999999824e-01
3.973570000000000157e-01
4.891440000000000232e-01
5.032710000000000239e-01
3.454909999999999926e-01
1.950469999999999982e-01
1.308999999999999886e-01
8.860419999999999408e-02
3.402589999999999781e-02
1.008039999999999978e-02
7.749210000000000299e-03
1.336170000000000066e-02
1.565530000000000047e-02
1.441289999999999932e-02
1.624259999999999940e-02
1.901310000000000153e-02
1.963240000000000124e-02
3.200940000000000035e-02
2.554309999999999914e-02
2.800690000000000124e-02
5.022990000000000094e-02
6.694529999999999925e-02
5.484719999999999873e-02
4.368029999999999829e-02
3.785299999999999776e-02
2.602619999999999933e-02
1.317360000000000059e-02
1.170670000000000044e-02
8.078750000000000861e-03
5.555520000000000423e-03
2.497049999999999791e-03
1.596980000000000014e-03
1.322519999999999989e-03
1.170140000000000069e-03
1.705579999999999943e-03
1.940520000000000049e-03
2.351069999999999809e-03
2.379759999999999862e-03
2.351400000000000018e-03
5.488520000000000204e-03
4.823580000000000055e-03
4.475729999999999813e-03
6.548570000000000085e-03
6.014300000000000201e-03
4.865770000000000164e-03
3.929249999999999583e-03
2.388640000000000034e-03
2.053590000000000103e-03
1.038679999999999942e-03
4.810440000000000245e-04
3.556699999999999879e-04
2.327650000000000118e-04
2.667349999999999864e-04
3.341470000000000247e-04
3.653829999999999947e-04
3.022279999999999802e-04
2.515929999999999881e-04
4.255269999999999799e-04
6.310149999999999613e-04
7.843039999999999907e-04
1.720320000000000009e-03
1.676549999999999959e-03
1.938480000000000021e-03
2.140330000000000184e-03
1.869629999999999946e-03
1.808010000000000086e-03
1.213689999999999908e-03
1.194650000000000009e-03
6.109359999999999661e-04
8.294339999999999873e-04
4.507800000000000175e-04
5.986280000000000290e-04
6.696539999999999958e-04
8.318629999999999601e-04
7.968979999999999857e-04
9.539200000000000283e-04
6.063530000000000135e-04
7.760420000000000079e-04
8.776850000000000103e-04
7.643720000000000332e-04
1.046400000000000064e-03
1.321860000000000005e-03
1.074630000000000030e-03
6.630359999999999856e-04
2.617529999999999857e-04
3.846769999999999899e-04
3.930200000000000013e-04
4.688720000000000062e-04
3.374219999999999824e-04
2.137890000000000092e-04
1.910260000000000105e-04
2.920229999999999788e-04
2.424600000000000062e-04
4.128660000000000142e-04
5.273769999999999890e-04
4.193630000000000166e-04
3.034259999999999778e-04
4.001310000000000218e-04
4.862360000000000250e-04
2.472560000000000057e-04
3.806889999999999732e-04
5.383470000000000009e-04
6.680059999999999601e-04
5.702269999999999735e-04
2.399360000000000013e-04
4.763009999999999922e-04
3.131349999999999759e-04
2.483680000000000046e-04
3.737990000000000171e-04
