1.008291815080832166e+01
9.965096761295992422e+00
9.862887752826562604e+00
9.843844845121582310e+00
9.823362706809977141e+00
9.800731508713715456e+00
9.772023760693169692e+00
9.736523186224786741e+00
9.701142980178493858e+00
9.672848445994503663e+00
9.651950262124307400e+00
9.637726825592883628e+00
9.631587833472094573e+00
9.628004537105065097e+00
9.616763197757254744e+00
9.600055446223144884e+00
9.560304844785473932e+00
9.504368903465449492e+00
9.481766436974581325e+00
9.470147246984806699e+00
9.465177554170573160e+00
9.465677239004381960e+00
9.466113992116083509e+00
9.469537791348754396e+00
9.469310867208914573e+00
9.460350497326770025e+00
9.446010288843019964e+00
9.432072533142200399e+00
9.421113423633668660e+00
9.326393216789737650e+00
9.246508428631583953e+00
9.216406083870177568e+00
9.178827363170855236e+00
9.150071464140635769e+00
9.130102082983027501e+00
9.113742862429349501e+00
9.099089902826428045e+00
9.079325986752815325e+00
9.062160645866807585e+00
9.052878545157630796e+00
9.042106709701045020e+00
9.024699068125464407e+00
9.006337660374551746e+00
8.996736203889852845e+00
8.995716781654394367e+00
8.997943095299778093e+00
9.000373332744356247e+00
9.002921638279469008e+00
9.005828038103910416e+00
9.007619774517403144e+00
9.005712326239292409e+00
8.997694300978775317e+00
8.981914150503541805e+00
8.966060030741035192e+00
8.953607009662636784e+00
8.934478756047226966e+00
8.913963181639422473e+00
8.898414154875052162e+00
8.885922386517673743e+00
8.877813479041883227e+00
8.865697834958009338e+00
8.851751696069678488e+00
8.834476020246256667e+00
8.812713535218728467e+00
8.795957835942893155e+00
8.784321957564245054e+00
8.776065981599961319e+00
8.764176879884493232e+00
8.744497953042156269e+00
8.714035379373148871e+00
8.680775931190709116e+00
8.655558114022561256e+00
8.630889385447677142e+00
8.609829099575110334e+00
8.592519836669879396e+00
8.569298984427669907e+00
8.542709682634919588e+00
8.514397649425495374e+00
8.489160838092223216e+00
8.460163881357956939e+00
8.427857599778658226e+00
8.406405613454580816e+00
8.373651146427871339e+00
8.331858339999104857e+00
8.285986890498833191e+00
8.244813779987275382e+00
8.214486202319301711e+00
8.173154205219987034e+00
8.114917750612686831e+00
8.050511223559350782e+00
7.970555138843365306e+00
7.855204071898936213e+00
7.721719956048529454e+00
7.610213930517206293e+00
7.528682786420322515e+00
7.437566661992280004e+00
7.371941116886354450e+00
7.339254622555994700e+00
7.240726424253265847e+00
7.234327427998448634e+00
7.223835871115466212e+00
7.212810623011421285e+00
7.201820286930002091e+00
7.188613541230843396e+00
7.173783376997407757e+00
7.151942606261572521e+00
7.125351120514752168e+00
7.101269224661555413e+00
7.061229996984635271e+00
6.987021941162400829e+00
6.889781682812522234e+00
6.793535458622565137e+00
6.694945482272218307e+00
6.598132550215281888e+00
6.527524213984531087e+00
6.478823244993622943e+00
6.436078325274675827e+00
6.404997828404950688e+00
6.386709373500542242e+00
6.227300396945110172e+00
6.219888268945713783e+00
6.214396082132068955e+00
6.207965414285902206e+00
6.197432190042252209e+00
6.185729090714549905e+00
6.172850945264750422e+00
6.160498543522345827e+00
6.136517637659388846e+00
6.099777293672108414e+00
6.065198653041929511e+00
6.019938385620963395e+00
5.959529341459268714e+00
5.899798623060764413e+00
5.845327535022066812e+00
5.802237878982841934e+00
5.770396868161268067e+00
5.747116480477316713e+00
5.736505659830847037e+00
5.731815119452792651e+00
5.729326809646861030e+00
5.727833128440453336e+00
5.725706681847187340e+00
5.722933219362688284e+00
5.720584290377119352e+00
5.719477132394294117e+00
5.717707940568071301e+00
5.713728205980107333e+00
5.707590613004455804e+00
5.693746289542789718e+00
5.607913738993332231e+00
5.579542381916314575e+00
5.544490965270319371e+00
5.506937758291367224e+00
5.469860291093282534e+00
5.437358887213678216e+00
5.410750247250601497e+00
5.390452878526379443e+00
5.374975512392669685e+00
5.361028625813672122e+00
5.350664663563665435e+00
5.337277518450521896e+00
5.320451639450763714e+00
5.301214531607679525e+00
5.279532346646876206e+00
5.259694199356746758e+00
5.242675571778563359e+00
5.220745979906487477e+00
5.198137271831586581e+00
5.172091867626748218e+00
5.133688969505628030e+00
5.090131027034272115e+00
5.056306331790552555e+00
5.038842616321120182e+00
5.027997507562517399e+00
5.013936326525449516e+00
4.997561989113163960e+00
4.981733460802970193e+00
4.971793352938756350e+00
4.965685601460731569e+00
4.958115023712233338e+00
4.927915199318229078e+00
4.915901912252548023e+00
4.896192101111031647e+00
4.875263886874785513e+00
4.859939470896725844e+00
4.845303350724634583e+00
4.825086469272017453e+00
4.808509405606852916e+00
4.795676372352842165e+00
4.746171639211994808e+00
4.711798796056755556e+00
4.672951746450048738e+00
4.647612772375572021e+00
4.626100052887681890e+00
4.600449031876294725e+00
4.584991212153492590e+00
3.146025654197783794e+00
