1.030643360612239334e+01
1.029672221508588947e+01
1.028632620678025411e+01
1.027544496305906385e+01
1.027006130327499811e+01
1.027127921440411740e+01
1.026703554986607081e+01
1.025569212032111643e+01
1.024937693192438104e+01
1.025044927960170860e+01
1.025158469065862299e+01
1.025246708958599484e+01
1.025363599582250274e+01
1.025522424747984296e+01
1.025692690722965494e+01
1.025869473795074782e+01
1.026047685832742218e+01
1.026236564634583992e+01
1.026438803652732368e+01
1.025858221433166406e+01
1.024852498502406917e+01
1.025116108607183207e+01
1.025410074341602851e+01
1.025748897954525951e+01
1.025922105697480191e+01
1.025725607202336143e+01
1.025091257391011368e+01
1.024020467117071753e+01
1.022303362433801510e+01
1.020224848978419097e+01
1.018468859228229739e+01
1.016153270339021120e+01
1.012725061904319546e+01
1.008943878904592673e+01
1.005746450189224817e+01
1.003041349801791249e+01
1.000906827619221851e+01
9.997384636729885088e+00
9.985559391865644230e+00
9.966276929867046164e+00
9.943618158464063939e+00
9.919822556755626408e+00
9.893210085229791062e+00
9.868312272994334222e+00
9.814590499676757673e+00
9.734682242237282068e+00
9.674032160586298446e+00
9.629647070819501664e+00
9.579394843401669135e+00
9.526420699972073081e+00
9.496432829872981429e+00
9.464356884041002616e+00
9.427310797916838681e+00
9.385749227675278306e+00
9.335070574049273873e+00
9.282823694720478969e+00
9.235816197901394631e+00
9.207402753714337251e+00
9.199362928762937486e+00
9.190765775649609282e+00
9.164409369882271506e+00
9.135250356273392214e+00
9.110892600802218411e+00
9.100649644726377829e+00
9.090684728988470908e+00
9.074212834596789179e+00
9.057977832177657618e+00
9.053792712198921677e+00
9.032453552495024240e+00
8.976559050406962115e+00
8.921334736593111714e+00
8.844634338297980847e+00
8.738291305458398384e+00
8.698238035937977841e+00
8.671897296946109890e+00
8.653800825418501930e+00
8.626068206375506975e+00
8.596914729076665651e+00
8.581660714937106249e+00
8.565811232542996478e+00
8.546424203374135331e+00
8.532271419618874475e+00
8.519117584310885505e+00
8.505543379461151687e+00
8.493264213416702901e+00
8.477684025113857658e+00
8.456264280894355778e+00
8.433597041529088401e+00
8.409496920000631093e+00
8.379793031977037288e+00
8.346214056252106772e+00
8.314488702046228141e+00
8.283493451943533259e+00
8.255258028379296675e+00
8.230308391606028451e+00
8.210938879500977450e+00
8.197793136622196997e+00
8.185995193864714636e+00
8.172252552423687533e+00
8.160096204904249362e+00
8.147240265385281788e+00
8.132634251077371701e+00
8.107904963014821220e+00
8.088380642846878743e+00
8.074626303801929694e+00
8.060595863590554799e+00
8.049907692789679103e+00
8.032948989142667529e+00
8.011045759539657141e+00
7.991964191871847589e+00
7.978001464851686819e+00
7.964205870549400323e+00
7.955514093995653013e+00
7.945249905652359779e+00
7.933636582548536431e+00
7.920493780124542305e+00
7.896644695380183876e+00
7.860437433649425820e+00
7.828683736972688045e+00
7.801446931487981296e+00
7.773526814290764086e+00
7.747411030972522816e+00
7.723107440096879550e+00
7.695847520528033670e+00
7.637266520850386264e+00
7.506653830565550578e+00
7.435364912868519305e+00
7.392501740617541728e+00
7.366997899930427529e+00
7.353727784290088110e+00
7.328293959463045404e+00
7.297110223678950902e+00
7.291359969083022641e+00
7.286663013656332843e+00
7.281496973503661430e+00
7.276528436838991531e+00
7.273538306925585673e+00
7.268634127021412539e+00
7.260953398104103229e+00
7.252394231978668948e+00
7.243449812760456297e+00
7.233612827618433272e+00
7.221033247988382975e+00
7.199343718689393157e+00
7.164034454783761774e+00
7.132147578403494670e+00
7.098041178617221725e+00
7.054861917467395216e+00
7.008161397915896984e+00
6.949663672318157737e+00
6.871570600623032377e+00
6.802388502851881569e+00
6.726449269416653109e+00
6.636292269334803429e+00
6.569109272256639542e+00
6.532187260940661488e+00
6.508628013264535106e+00
6.481822291009736503e+00
6.446033615559889185e+00
6.405882279740202634e+00
6.369375440588720849e+00
6.312179472879464903e+00
6.251993296511725973e+00
6.215336122442601585e+00
6.181254605430408944e+00
5.961345145221432773e+00
5.862914550412564374e+00
5.737900776396217317e+00
5.597879392997884729e+00
5.486487153065906952e+00
5.421180941853744883e+00
5.369251119205756595e+00
5.271969321426966282e+00
5.242953663274962040e+00
5.204776356801890991e+00
5.158856823814145010e+00
5.093596768608227521e+00
5.025473814613999224e+00
4.981414919731673940e+00
4.950362419983190598e+00
4.912234282520770101e+00
4.865786577806197499e+00
4.806049666092155448e+00
4.733924760980537272e+00
4.655676165732352878e+00
4.567452213142099815e+00
4.466728268029165783e+00
4.391903245377143605e+00
4.322985871375120581e+00
4.260781904015763288e+00
4.208653614362857454e+00
4.107528787606369747e+00
3.924901329128165361e+00
3.872274594588165364e+00
3.833192388419286001e+00
3.800307328858740341e+00
3.783762124811931304e+00
3.761821130128090829e+00
3.728573714743148582e+00
3.690989493324140724e+00
3.660411032773637885e+00
3.620419243438103063e+00
3.576927309882411699e+00
3.545841304087789858e+00
3.478214300154522487e+00
3.426906338385258266e+00
3.363337403959187455e+00
3.286817857150990285e+00
3.188436285639147272e+00
3.057293256875281973e+00
2.920093571923563225e+00
2.752751205387692579e+00
2.556894426616811877e+00
2.406975959324141989e+00
2.250829704911995854e+00
2.001456783431274644e+00
1.569662952860730210e+00
9.626794352775577268e-01
7.071646453043374247e-01
3.909951273963190865e-01
-1.237740742140087530e-01
