1.022017872055510423e+01
1.020376697496057439e+01
1.018587631686242823e+01
1.016618729104724750e+01
1.014358307287406369e+01
1.013196173050821436e+01
1.013508174208012491e+01
1.012772662567338422e+01
1.010547612112182136e+01
1.008339152369988412e+01
1.007446169508754430e+01
1.007664408401117839e+01
1.007911971663758521e+01
1.008184038056472787e+01
1.008482284430072262e+01
1.008826015511530905e+01
1.009254520760560681e+01
1.008879500714719768e+01
1.007278278561856588e+01
1.005902921396886640e+01
1.005020956301390811e+01
1.002832312973498219e+01
9.990788015094091534e+00
9.956028126853519566e+00
9.918293561141494408e+00
9.878624612314062858e+00
9.843675570050438139e+00
9.801896728225848676e+00
9.761501599960999087e+00
9.734810226938169109e+00
9.725966323832942351e+00
9.720082364425794097e+00
9.713367041417649617e+00
9.705592621096544192e+00
9.699742361319838579e+00
9.692696255506636049e+00
9.679654978699334222e+00
9.663761213714289866e+00
9.648815537219732619e+00
9.637380641853400931e+00
9.630874145137534370e+00
9.625389629141880121e+00
9.623890951556314022e+00
9.625825685368560869e+00
9.626464580419437311e+00
9.625503827684200431e+00
9.621238616222225204e+00
9.607996213563259502e+00
9.569015556658159838e+00
9.515168867373837713e+00
9.446566678213857315e+00
9.334930007475705338e+00
9.203943514675165360e+00
9.090790451622453361e+00
8.992867969246093551e+00
8.914204012482123574e+00
8.854315760170260674e+00
8.799775315600006920e+00
8.763260982714028202e+00
8.741149234265591872e+00
8.725132959758218121e+00
8.705712366775745892e+00
8.682194732987083441e+00
8.663342790990490982e+00
8.651401111281387557e+00
8.645272893524515112e+00
8.638642979975875491e+00
8.630235603764942809e+00
8.622658454990940413e+00
8.617254129911160021e+00
8.613269782739170211e+00
8.608205007704325951e+00
8.602328085405007485e+00
8.593829702622288735e+00
8.578669002235182361e+00
8.561570025571617393e+00
8.535481471996922309e+00
8.502106060448612723e+00
8.481474160290279229e+00
8.470918879454911732e+00
8.463268708575942156e+00
8.453983035699156545e+00
8.440554893260562963e+00
8.425834080110726987e+00
8.414460243420810670e+00
8.392885048187647357e+00
8.369245551744153744e+00
8.342695016500863758e+00
8.309491767231932613e+00
8.257539386379503910e+00
8.162868962964497044e+00
8.018937548763515721e+00
7.847458518463664490e+00
7.718867736982471861e+00
7.639425723633744170e+00
7.577989000597116664e+00
7.521685838696111404e+00
7.482095728879148311e+00
7.444366492078716924e+00
7.408587601018427726e+00
7.380601930961516288e+00
7.368582513693565872e+00
7.362838585902107269e+00
7.355926359835902595e+00
7.346098583370990198e+00
7.335995170628517137e+00
7.325332958543564033e+00
7.261752809662908703e+00
7.244821194593282776e+00
7.225611631541164925e+00
7.203650147697043593e+00
7.181974999285951178e+00
7.157831363083480447e+00
7.131310635860366176e+00
7.105530621676493297e+00
7.078945939468640702e+00
7.047609709797364452e+00
7.019153692189003202e+00
6.999654598571620312e+00
6.985049502797946452e+00
6.975528307672398398e+00
6.964078518517250238e+00
6.950816927943328061e+00
6.940436292424216447e+00
6.934817489974576254e+00
6.929404108355670999e+00
6.924226547101291374e+00
6.918616343701027738e+00
6.880212593072361216e+00
6.864911965746353317e+00
6.851602589426616596e+00
6.841284995707418659e+00
6.828709508946396056e+00
6.813954414628948797e+00
6.802667703462493165e+00
6.787097584326635236e+00
6.769477763525212133e+00
6.757635887468023128e+00
6.749733997264927510e+00
6.740154178096190662e+00
6.734051366702136221e+00
6.728331863802705648e+00
6.723611628815061358e+00
6.719594767434279525e+00
6.715383196259791632e+00
6.712167164785086904e+00
6.710108052654662814e+00
6.708790445604159380e+00
6.707433905471809510e+00
6.704529715200192364e+00
6.699426641981671260e+00
6.693610007743423296e+00
6.684984421289345669e+00
6.672151448416267172e+00
6.659206684961106681e+00
6.644894310248362856e+00
6.626790855347951315e+00
6.591006697234839784e+00
6.561350673479887874e+00
6.529023333463754852e+00
6.505825323740409338e+00
6.480002628752127514e+00
6.440502921270868875e+00
6.388406735032425843e+00
6.323938588496058166e+00
6.250132003754639953e+00
6.175276917721490122e+00
6.113067198699351223e+00
6.066903358010805825e+00
6.025228013049918729e+00
5.980643200172014673e+00
5.934373699912687705e+00
5.901960439439401185e+00
5.876449364090187366e+00
5.857427186432329513e+00
5.837164036325473759e+00
5.812079379150053349e+00
5.789700549625801607e+00
5.771088233029593617e+00
5.758428148915967881e+00
5.743917214566329754e+00
5.728031391531985150e+00
5.717835204157498019e+00
5.708657105685346345e+00
5.697677359312409706e+00
5.685148544088651335e+00
5.667846908071431322e+00
5.643400360590869802e+00
5.612575133368926217e+00
5.489114369378919278e+00
5.432178507971381798e+00
5.369182448857343637e+00
5.307761240252545143e+00
5.245714962439605777e+00
5.167969763354911983e+00
4.954924298881985933e+00
4.859713371587572439e+00
4.804812510096092559e+00
4.756272395983652146e+00
4.695622624203724449e+00
4.633467445591245237e+00
4.536369028678040927e+00
4.382683290433642576e+00
4.232409035258970498e+00
4.084172178250150331e+00
3.917719715663988023e+00
3.716464953703873864e+00
3.484455018500121071e+00
3.276358388413283418e+00
3.122192933807319992e+00
3.078152197585553029e+00
3.024998472673027461e+00
2.962150475679242945e+00
2.853496832498364721e+00
2.670197595450661598e+00
2.229605059841375247e+00
