4.896480000000000388e+00
1.363709999999999922e-01
2.550769999999999982e-01
5.313019999999999854e+00
5.499290000000000234e+00
4.321139999999999981e-01
4.819460000000000299e+00
4.529349999999999987e+00
3.208070000000000199e+00
2.221330000000000027e+00
3.471299999999999830e+00
4.383840000000000181e+00
4.479659999999999975e+00
3.193680000000000074e+00
2.711359999999999992e+00
2.939929999999999932e+00
1.253109999999999946e+00
2.344240000000000101e+00
2.613030000000000186e+00
1.008119999999999905e+00
1.675000000000000044e+00
1.419580000000000064e+00
1.127859999999999974e-01
2.211590000000000167e+00
2.529879999999999907e+00
3.133329999999999949e+00
4.910020000000000273e+00
6.391250000000000320e+00
5.429920000000000080e+00
5.764710000000000001e+00
4.107549999999999812e+00
3.515589999999999993e+00
4.177909999999999957e-02
7.037119999999999487e-02
8.848369999999999846e-02
4.411860000000000087e-02
3.352759999999999768e-02
3.368409999999999904e+00
3.674819999999999975e+00
4.395059999999999939e-02
1.256029999999999994e-02
8.076939999999999467e-03
5.553920000000000384e-03
8.102510000000000268e-03
7.186289999999999692e-03
1.725679999999999922e-02
1.128179999999999981e-02
2.502079999999999860e-01
2.357530000000000125e+00
3.403490000000000126e+00
1.219969999999999999e+01
1.640630000000000166e+01
2.525509999999999877e+01
2.678940000000000055e+01
2.731449999999999889e+01
1.787290000000000134e+01
2.357880000000000109e+01
2.209420000000000073e+01
2.160140000000000171e+01
1.439630000000000010e+01
7.629579999999999806e+00
9.448880000000000834e+00
3.083579999999999988e+00
5.542189999999999790e-03
5.534110000000000071e-03
4.009369999999999948e-03
2.765029999999999918e-03
4.187849999999999906e-03
6.836740000000000005e-03
2.074640000000000040e+00
4.814129999999999798e-01
5.245999999999999552e-01
9.190199999999999481e-01
1.098419999999999952e-02
4.970079999999999984e-03
4.793549999999999721e-03
2.384040000000000159e+00
1.975400000000000045e+00
1.684790000000000010e+00
3.318499999999999783e+00
2.389580000000000037e+00
2.951950000000000074e+00
4.525269999999999904e+00
5.981709999999999638e+00
4.028760000000000119e+00
4.745009999999999728e+00
2.668280000000000207e+00
1.967209999999999903e+00
1.181599999999999984e+00
1.506820000000000048e+00
1.226439999999999975e+00
1.876009999999999955e+00
1.487840000000000051e+00
2.129550000000000054e+00
4.313500000000000334e+00
3.092379999999999907e+00
3.826060000000000016e+00
3.557659999999999823e+00
6.768570000000000420e+00
6.458260000000000112e+00
8.164999999999999147e+00
5.804429999999999978e+00
4.063570000000000348e+00
1.721810000000000063e+00
2.001619999999999955e+00
8.322399999999999798e-01
7.749939999999999607e-01
6.758680000000000243e-01
8.118159999999999821e-01
1.329660000000000064e+00
8.929730000000000167e-01
9.894739999999999647e-01
1.013160000000000061e+00
9.600919999999999455e-01
8.725629999999999775e-01
1.055940000000000101e+00
1.247260000000000035e+00
9.180420000000000247e-01
7.593269999999999742e-01
4.747770000000000046e-01
3.912359999999999727e-01
3.693110000000000004e-01
2.984180000000000166e-01
2.697820000000000218e-01
2.362049999999999983e-01
2.605859999999999843e-01
1.384869999999999990e-01
1.820759999999999879e-01
1.379920000000000035e-01
1.507989999999999886e-01
2.030839999999999868e-01
2.659989999999999855e-01
2.226640000000000008e-01
2.532300000000000106e-01
3.498649999999999816e-01
2.698610000000000175e-01
3.568890000000000118e-01
4.502140000000000031e-01
4.847730000000000095e-01
4.548019999999999841e-01
3.490949999999999886e-01
5.757550000000000168e-01
2.300800000000000067e-01
1.500110000000000054e-01
1.708079999999999876e-01
1.218629999999999991e-01
1.045520000000000060e-01
1.018199999999999938e-01
7.483190000000000675e-02
8.147580000000000100e-02
8.703930000000000000e-02
7.662929999999999742e-02
1.007689999999999975e-01
1.050490000000000035e-01
8.551509999999999667e-02
7.188329999999999720e-02
6.552320000000000366e-02
7.163629999999999998e-02
9.779340000000000255e-02
1.018570000000000031e-01
9.914720000000000477e-02
1.664390000000000036e-01
1.854740000000000000e-01
1.595779999999999976e-01
2.001829999999999998e-01
2.246150000000000091e-01
2.461849999999999872e-01
3.508749999999999925e-01
2.541490000000000138e-01
2.286370000000000069e-01
3.608739999999999726e-01
4.655119999999999814e-01
4.347090000000000121e-01
4.559429999999999872e-01
3.976299999999999835e-01
3.696670000000000234e-01
2.225320000000000076e-01
2.123829999999999885e-01
1.652270000000000127e-01
2.008959999999999912e-01
1.350729999999999986e-01
1.080300000000000010e-01
9.398420000000000385e-02
7.513140000000000096e-02
1.013939999999999980e-01
1.080519999999999953e-01
1.059419999999999945e-01
1.044240000000000029e-01
9.048680000000000612e-02
1.682809999999999861e-01
9.147450000000000025e-02
7.207339999999999580e-02
7.828319999999999723e-02
6.770650000000000279e-02
6.404350000000000320e-02
5.377119999999999816e-02
3.976670000000000205e-02
4.069119999999999682e-02
3.803859999999999880e-02
3.072429999999999953e-02
3.659860000000000196e-02
2.471699999999999939e-02
3.564189999999999720e-02
5.824959999999999860e-02
5.313389999999999780e-02
4.590579999999999661e-02
2.654410000000000103e-02
3.997060000000000196e-02
3.609489999999999921e-02
2.847210000000000019e-02
4.412699999999999956e-02
4.848109999999999919e-02
3.403590000000000088e-02
2.709359999999999893e-02
2.246420000000000014e-02
1.521089999999999942e-02
8.757829999999999435e-03
1.417269999999999988e-02
7.503469999999999931e-03
1.356629999999999989e-02
8.768609999999999599e-03
1.311709999999999959e-02
