1.049812162907118029e+01
1.048918759055065131e+01
1.048468128136449629e+01
1.048075122053593411e+01
1.047067945266426570e+01
1.045997869110145295e+01
1.044963419270626304e+01
1.044023666415927032e+01
1.043111598478476765e+01
1.042427221736405762e+01
1.042132417746386253e+01
1.041932779699675748e+01
1.041524219324687373e+01
1.040956119452184936e+01
1.040564682966272869e+01
1.040410129606754275e+01
1.040038945773123302e+01
1.039700614079135477e+01
1.039625515645513509e+01
1.039439739062276935e+01
1.039405923758343775e+01
1.039337336297813508e+01
1.038988340700666591e+01
1.038871027920919765e+01
1.038777589199715123e+01
1.038400017100048345e+01
1.037972057378402546e+01
1.037391744449319653e+01
1.036601742643237323e+01
1.035587277489266533e+01
1.034573630819063617e+01
1.034082271801223740e+01
1.034125443805259792e+01
1.034262793515735801e+01
1.034419374984397955e+01
1.034579899362482536e+01
1.034754662056144170e+01
1.034955725125964676e+01
1.034910455249351813e+01
1.034469872634882215e+01
1.034264371993508291e+01
1.034456909968846361e+01
1.034663067761103150e+01
1.034880897515992793e+01
1.035117184963870507e+01
1.035369893320101831e+01
1.035645037816594893e+01
1.035947120497726281e+01
1.036280656668887978e+01
1.036661531174687312e+01
1.037130989089185107e+01
1.037073693319014112e+01
1.036014828926582965e+01
1.033868752461969720e+01
1.030195405913183571e+01
1.025495873465784946e+01
1.021120066200025711e+01
1.016368007087187486e+01
1.010224155819703284e+01
1.003103662984084465e+01
9.959080524786049438e+00
9.914210362257611209e+00
9.887181099196213907e+00
9.872771427443444381e+00
9.874568204137686322e+00
9.876488612696100233e+00
9.878541901261813862e+00
9.880770732157865055e+00
9.883253631411838214e+00
9.886207495395447964e+00
9.881618005952523376e+00
9.876043972495967438e+00
9.874990033255636845e+00
9.865079681910209786e+00
9.851926403466119808e+00
9.842275278556179785e+00
9.840106094456757546e+00
9.833711137007355774e+00
9.818626342296353116e+00
9.807392945887167812e+00
9.790679861777812576e+00
9.771824771572791946e+00
9.758612928334335024e+00
9.739012701326158705e+00
9.718526599882180150e+00
9.706162827893059841e+00
9.698790169192067268e+00
9.696194699726666144e+00
9.696965022927320987e+00
9.698404184491877800e+00
9.697355775558799351e+00
9.693962494188703261e+00
9.687039100511130485e+00
9.680125115235103550e+00
9.670499117660243726e+00
9.651870886420555351e+00
9.616726460432582613e+00
9.568926508104405926e+00
9.518515255919778539e+00
9.465348641974109967e+00
9.413477469862401747e+00
9.353975824569138453e+00
9.297066398268137632e+00
9.254891123649498397e+00
9.222557807657000950e+00
9.197955602421252763e+00
9.174513354735525539e+00
9.150811682287891102e+00
9.128467121929709549e+00
9.106041232032186628e+00
9.081030294000552061e+00
9.049543621447323716e+00
9.021152072233173058e+00
8.992882538019799199e+00
8.966247828484522842e+00
8.930885384287963191e+00
8.881319022553119780e+00
8.837171618569016118e+00
8.813936417523580147e+00
8.796073148580422441e+00
8.782546433622650639e+00
8.772851047200690644e+00
8.763238509984770275e+00
8.755158059532407222e+00
8.748129858671372716e+00
8.742950466175491542e+00
8.736985786553217892e+00
8.730529536390610801e+00
8.726286172187235124e+00
8.719322998842010009e+00
8.709158828443369416e+00
8.698704134748698635e+00
8.685850074846056756e+00
8.670773552775067117e+00
8.654267050586469168e+00
8.633719869598118990e+00
8.612237997582290916e+00
8.590540910873103897e+00
8.566674315511983551e+00
8.546316820987883034e+00
8.531625785927355210e+00
8.520507113701418334e+00
8.510072927616430860e+00
8.495562374961854957e+00
8.476206826648395420e+00
8.322345428622009322e+00
8.288658280502664510e+00
8.245125084498953427e+00
8.207505109872125004e+00
8.172710907677256387e+00
8.137506024558978979e+00
8.106554640818622204e+00
8.079810516935165055e+00
8.059843517544580394e+00
8.047344972045607392e+00
8.034223246939784957e+00
8.014591935269903544e+00
7.971148232786634757e+00
7.947475874836143817e+00
7.919054545651385446e+00
7.885564182648765907e+00
7.850777300057384167e+00
7.817906325416038804e+00
7.779771039672570332e+00
7.722300671099690206e+00
7.649892461893766260e+00
7.589215481271749830e+00
7.496169659703097565e+00
7.438760627760665045e+00
7.384622188451543501e+00
7.310215219170849821e+00
7.236408767896319816e+00
7.132471020375096060e+00
7.036852371779289683e+00
6.929541532730183917e+00
6.804897592406052631e+00
6.720663619305730307e+00
6.633250243540133262e+00
6.531653876924823798e+00
6.437277970905886271e+00
6.355386380647983557e+00
6.290595491125600347e+00
6.215730069144582259e+00
6.173457253562059321e+00
6.142908556954854937e+00
6.097580046555223454e+00
6.046272692398859228e+00
6.012026910580203776e+00
5.970500293646201051e+00
5.917575348152245063e+00
5.882000564167515044e+00
5.864965310066252435e+00
5.855054933349863155e+00
5.845550091347373467e+00
5.838698635140651128e+00
5.831220726041809854e+00
5.823042981116835826e+00
5.817579250896716125e+00
5.812738935684031993e+00
5.807612138934503676e+00
5.801448303527717343e+00
5.795991182502909567e+00
5.790824705356362401e+00
5.785707009008745239e+00
5.779361966639387838e+00
5.772403129305147651e+00
5.763769304726722886e+00
5.749199684573073732e+00
5.730522266951235011e+00
5.712433342157542171e+00
5.695549091973418854e+00
5.678180463014248502e+00
5.664184879859277544e+00
5.654635630557580228e+00
5.649002681443592522e+00
5.643078429807613539e+00
5.633424013870428126e+00
5.621267702569373803e+00
5.612486104064996262e+00
5.606437260803184941e+00
