1.133000000000000007e+00
6.357990000000000030e-01
6.266279999999999628e-01
2.427569999999999784e+00
1.895559999999999912e+00
4.028410000000000046e-01
2.021230000000000082e+00
2.781309999999999949e+00
1.047760000000000025e+00
2.681799999999999740e-01
2.933909999999999990e-02
5.755980000000000540e-01
5.335270000000000290e-02
6.104409999999999697e-02
3.733710000000000084e-01
8.802730000000000277e-02
7.998490000000000322e-01
7.910800000000000054e-01
9.478590000000000071e-01
1.182239999999999958e+00
1.410120000000000040e+00
1.432399999999999896e+00
2.681789999999999896e+00
1.092009999999999925e+00
6.398220000000000018e-01
9.862159999999999815e-01
1.229319999999999968e+00
1.677410000000000068e+00
4.265170000000000350e+00
7.198080000000000034e+00
5.172550000000000203e+00
4.755110000000000170e+00
6.059379999999999988e+00
6.649149999999999672e+00
3.659879999999999800e+00
5.227730000000000210e+00
3.437510000000000066e+00
3.691429999999999989e+00
2.310950000000000060e+00
1.899980000000000002e+00
1.408490000000000020e+00
7.317230000000000123e-01
7.897549999999999848e-01
1.169649999999999943e-03
1.311190000000000055e-03
5.776569999999999969e-03
2.312500000000000111e-01
5.968999999999999861e-01
7.246230000000000171e-01
1.264129999999999976e+00
1.736250000000000071e+00
2.116810000000000080e+00
2.577710000000000168e+00
3.405679999999999819e+00
3.259160000000000057e+00
2.906909999999999883e+00
1.030480000000000063e+00
6.548669999999999769e-01
3.777989999999999959e-01
1.806929999999999925e-01
6.770370000000000554e-02
1.012949999999999962e-01
1.064260000000000067e-01
8.761109999999999731e-02
1.248940000000000050e-01
1.498069999999999957e-01
2.244049999999999934e-01
3.629499999999999948e-01
2.727609999999999757e-01
2.163569999999999938e-01
1.733280000000000098e-01
1.991189999999999904e-01
1.814119999999999899e-01
1.319140000000000035e-01
9.629970000000000196e-02
7.869719999999999493e-02
5.614790000000000059e-02
5.701869999999999855e-02
7.586880000000000013e-02
1.076170000000000043e-01
1.302079999999999904e-01
1.091049999999999937e-01
8.031570000000000376e-02
1.454290000000000027e-01
8.337590000000000279e-02
7.504070000000000185e-02
4.857569999999999943e-02
5.727000000000000146e-02
5.444709999999999828e-02
6.357240000000000113e-02
4.572500000000000175e-02
6.400920000000000221e-02
4.577130000000000087e-02
2.832269999999999927e-02
2.030430000000000082e-02
3.655760000000000259e-02
4.687630000000000269e-02
5.431049999999999767e-02
7.736329999999999596e-02
9.350300000000000278e-02
1.046850000000000003e-01
1.088770000000000016e-01
1.389239999999999919e-01
9.751010000000000233e-02
7.557060000000000166e-02
9.677520000000000566e-02
1.088200000000000001e-01
9.489780000000000437e-02
8.644219999999999682e-02
8.298350000000000171e-02
8.954380000000000672e-02
7.436230000000000617e-02
8.240450000000000552e-02
6.844690000000000496e-02
7.922120000000000550e-02
5.264159999999999673e-02
2.494230000000000058e-02
1.388050000000000048e-02
9.828850000000000087e-03
6.982649999999999968e-03
7.023109999999999943e-03
8.565889999999999616e-03
4.403820000000000130e-03
4.853780000000000247e-03
3.306599999999999817e-03
3.188419999999999969e-03
1.458450000000000024e-03
1.957609999999999819e-03
2.403109999999999968e-03
1.180379999999999971e-03
1.350800000000000091e-03
1.160229999999999942e-03
1.786250000000000077e-03
2.357399999999999947e-03
3.741690000000000207e-03
5.953009999999999899e-03
6.709610000000000400e-03
1.243529999999999983e-02
7.764349999999999724e-03
1.067659999999999963e-02
1.046629999999999956e-02
9.419379999999999767e-03
8.861459999999999823e-03
7.496870000000000096e-03
4.444949999999999596e-03
3.877279999999999876e-03
2.629289999999999839e-03
3.461730000000000102e-03
2.964829999999999896e-03
2.947379999999999878e-03
2.621379999999999977e-03
4.884770000000000084e-03
2.792830000000000052e-03
1.447109999999999933e-03
1.688559999999999974e-03
1.692810000000000105e-03
1.555189999999999914e-03
1.152599999999999935e-03
1.610700000000000066e-03
1.465380000000000068e-03
1.209840000000000004e-03
1.301939999999999912e-03
1.512480000000000074e-03
1.566329999999999893e-03
1.213459999999999973e-03
1.018060000000000102e-03
1.582990000000000048e-03
1.664949999999999894e-03
1.592969999999999976e-03
1.461620000000000063e-03
1.770579999999999897e-03
2.480909999999999799e-03
2.994820000000000034e-03
3.676889999999999933e-03
3.155760000000000075e-03
3.876140000000000141e-03
4.765219999999999699e-03
4.365390000000000242e-03
3.748019999999999911e-03
4.506249999999999839e-03
3.829719999999999999e-03
4.163339999999999749e-03
2.863329999999999868e-03
1.336589999999999914e-03
1.152040000000000008e-03
1.183400000000000033e-03
1.020089999999999972e-03
9.752159999999999952e-04
1.002279999999999924e-03
1.152610000000000093e-03
1.177209999999999932e-03
7.462420000000000424e-04
5.534739999999999799e-04
6.702599999999999964e-04
8.015090000000000539e-04
5.987110000000000348e-04
6.035009999999999940e-04
9.522000000000000516e-04
1.334880000000000094e-03
6.705599999999999495e-04
5.323209999999999878e-04
5.472969999999999745e-04
6.926449999999999795e-04
6.431030000000000123e-04
5.457110000000000476e-04
7.856890000000000054e-04
5.687030000000000470e-04
3.104059999999999957e-04
2.057189999999999865e-04
4.064599999999999810e-04
2.028049999999999937e-04
1.874500000000000027e-04
2.632670000000000257e-04
1.624899999999999977e-04
2.170270000000000077e-04
1.911100000000000049e-04
1.972289999999999916e-04
3.938540000000000140e-04
3.567949999999999746e-04
5.495359999999999915e-04
5.346440000000000263e-04
5.333599999999999756e-04
5.454389999999999933e-04
7.016649999999999710e-04
5.212370000000000024e-03
7.770090000000000330e-03
2.245500000000000100e-03
2.184129999999999839e-03
2.262389999999999974e-03
