4.129940000000000389e+00
8.696679999999999688e-02
7.866470000000000407e-02
1.016549999999999954e-01
9.653749999999999831e-02
3.797099999999999920e+00
3.447769999999999779e+00
3.036010000000000097e+00
2.724380000000000024e+00
3.793480000000000185e+00
3.822490000000000165e+00
4.463440000000000296e+00
5.119010000000000282e+00
4.517719999999999736e+00
5.768440000000000012e+00
8.475329999999999586e+00
3.776120000000000143e+00
3.592439999999999856e+00
3.934419999999999806e+00
3.266859999999999875e+00
3.659640000000000004e+00
1.681720000000000104e+00
5.869649999999999590e-01
9.295280000000000209e-01
7.483180000000000387e-01
1.221929999999999961e+00
1.786599999999999966e+00
2.721429999999999794e+00
5.630860000000000198e+00
5.836369999999999614e+00
3.682030000000000136e+00
3.388700000000000045e+00
1.297989999999999977e+00
2.704769999999999897e+00
3.883100000000000218e+00
3.895529999999999937e+00
2.950009999999999799e+00
6.288380000000000081e+00
5.352039999999999687e+00
1.573679999999999968e+00
1.996099999999999958e-02
9.171540000000000595e-03
5.345980000000000176e-03
1.168499999999999921e-02
8.560339999999999616e-03
1.190949999999999953e+00
1.384930000000000015e-02
1.862249999999999961e+00
1.602389999999999981e+00
1.518119999999999914e+00
3.361349999999999838e+00
4.487059999999999604e+00
6.942470000000000141e+00
7.085429999999999673e+00
6.079299999999999926e+00
4.751350000000000406e+00
3.340450000000000141e+00
1.845120000000000093e+00
2.243700000000000028e+00
2.446829999999999838e+00
2.318589999999999929e+00
3.062219999999999942e+00
3.313019999999999854e+00
4.892949999999999910e+00
3.444430000000000103e+00
5.474450000000000038e+00
3.295189999999999841e+00
4.484950000000000436e+00
7.510010000000000296e+00
8.595530000000000115e+00
3.750960000000000072e+00
2.296279999999999877e+00
1.256490000000000107e+00
6.611759999999999859e-01
4.557490000000000152e-01
1.997450000000000059e-01
2.513340000000000019e-01
4.550339999999999940e-01
5.320059999999999789e-01
3.091610000000000191e-01
4.464040000000000230e-01
3.758130000000000082e-01
4.800679999999999947e-01
3.527930000000000232e-01
6.185910000000000020e-01
7.878739999999999633e-01
4.818370000000000153e-01
2.778530000000000166e-01
2.149969999999999937e-01
1.089019999999999988e-01
7.108939999999999704e-02
7.646319999999999506e-02
6.557530000000000303e-02
7.683289999999999564e-02
6.482910000000000061e-02
6.110499999999999959e-02
3.759730000000000016e-02
2.810170000000000029e-02
4.016630000000000200e-02
2.569609999999999950e-02
1.961979999999999974e-02
1.532279999999999927e-02
1.566829999999999959e-02
2.001259999999999845e-02
3.032299999999999926e-02
2.470630000000000048e-02
2.023120000000000127e-02
2.021540000000000142e-02
2.634689999999999949e-02
2.747180000000000108e-02
4.137559999999999849e-02
3.570829999999999838e-02
2.123519999999999922e-02
2.444690000000000057e-02
1.955319999999999975e-02
1.468500000000000014e-02
1.065980000000000052e-02
2.033779999999999963e-02
2.064219999999999944e-02
2.730979999999999866e-02
1.959580000000000002e-02
1.992450000000000124e-02
3.622910000000000019e-02
2.461189999999999906e-02
3.233919999999999850e-02
2.851120000000000043e-02
4.781719999999999721e-02
5.632319999999999688e-02
7.680480000000000640e-02
6.415619999999999656e-02
5.418749999999999956e-02
4.137509999999999799e-02
6.837640000000000384e-02
4.396429999999999783e-02
5.835390000000000021e-02
6.759310000000000318e-02
1.011589999999999989e-01
1.836639999999999939e-01
1.373820000000000041e-01
1.260139999999999871e-01
1.242179999999999951e-01
1.161670000000000064e-01
9.456420000000000103e-02
8.877999999999999781e-02
8.467679999999999652e-02
5.486680000000000029e-02
4.632259999999999850e-02
3.313390000000000085e-02
2.531780000000000141e-02
2.593950000000000075e-02
1.866109999999999991e-02
1.660729999999999845e-02
1.483379999999999942e-02
1.750219999999999901e-02
9.525950000000000042e-03
1.172130000000000047e-02
8.217270000000000477e-03
8.623300000000000409e-03
1.007429999999999957e-02
1.140429999999999916e-02
8.265279999999999849e-03
6.754229999999999956e-03
7.881169999999999842e-03
5.308779999999999923e-03
6.005889999999999840e-03
6.665479999999999669e-03
5.570259999999999621e-03
3.792540000000000060e-03
2.251459999999999833e-03
3.546039999999999869e-03
2.046629999999999804e-03
2.100760000000000127e-03
3.277260000000000156e-03
2.703099999999999947e-03
2.543909999999999921e-03
2.716169999999999956e-03
2.715500000000000032e-03
2.615740000000000079e-03
2.849560000000000114e-03
1.037689999999999967e-03
9.798859999999999081e-04
8.268320000000000010e-04
5.213099999999999809e-04
3.360990000000000223e-04
2.137730000000000012e-04
1.675950000000000107e-04
9.319899999999999994e-05
1.021099999999999964e-04
3.203929999999999663e-05
6.925620000000000278e-05
8.054880000000000373e-05
1.001590000000000011e-04
1.343460000000000043e-04
1.691519999999999959e-04
1.929959999999999933e-04
2.890829999999999832e-04
1.937519999999999976e-04
1.731609999999999909e-04
2.090439999999999996e-04
1.309249999999999975e-04
4.096630000000000112e-05
4.488270000000000313e-06
2.738900000000000153e-06
9.207429999999999485e-07
2.958350000000000017e-07
2.290429999999999950e-07
2.144239999999999883e-07
3.109359999999999991e-07
2.573810000000000202e-07
