3.673280000000000101e+00
1.260550000000000004e-01
1.189560000000000062e-01
8.235570000000000390e-02
2.178009999999999946e-01
4.410560000000000258e+00
4.646099999999999675e+00
2.778779999999999806e+00
2.142689999999999984e+00
1.510839999999999961e-01
1.712029999999999941e+00
2.750100000000000211e+00
2.277699999999999836e+00
4.600349999999999717e+00
5.874060000000000059e+00
6.149840000000000195e+00
5.315059999999999896e+00
4.563369999999999926e+00
4.769919999999999938e+00
3.837899999999999867e+00
2.346830000000000194e+00
4.006249999999999645e+00
5.630410000000000359e+00
5.658890000000000420e+00
5.349960000000000271e+00
5.180649999999999977e+00
2.792969999999999953e+00
2.589199999999999946e+00
2.291589999999999794e+00
7.737709999999999866e-01
2.509300000000000086e+00
2.409580000000000055e+00
2.637610000000000010e+00
3.211149999999999949e+00
8.366009999999999280e+00
1.169860000000000078e+01
1.382019999999999982e+01
1.061299999999999955e+01
1.105889999999999951e+01
1.647719999999999985e+01
9.296250000000000568e+00
9.416460000000000719e+00
6.409220000000000361e+00
4.461739999999999817e+00
3.602529999999999788e+00
1.138830000000000051e-02
2.282910000000000217e+00
8.389640000000000430e-01
1.049650000000000062e-02
1.174029999999999907e+00
3.003109999999999946e+00
4.599879999999999747e+00
4.519730000000000025e+00
2.927080000000000126e+00
1.633410000000000029e+00
4.284130000000000216e+00
4.816980000000000040e+00
6.260970000000000368e+00
8.381669999999999732e+00
5.429339999999999833e+00
5.473060000000000258e+00
4.593919999999999781e+00
4.339039999999999786e+00
8.564610000000000056e+00
1.066000000000000014e+01
6.951340000000000074e+00
2.175139999999999851e+00
1.399199999999999999e+00
8.454380000000000228e-01
6.543299999999999672e-01
3.037380000000000080e-01
1.590600000000000069e-01
1.948900000000000077e-01
1.010420000000000068e-01
1.010260000000000047e-01
8.234600000000000253e-02
1.350979999999999959e-01
1.819510000000000016e-01
2.390930000000000000e-01
1.972490000000000077e-01
1.478760000000000074e-01
1.045019999999999977e-01
1.682009999999999894e-01
1.161770000000000025e-01
1.401380000000000126e-01
1.248500000000000026e-01
1.483309999999999906e-01
1.988340000000000107e-01
1.139170000000000044e-01
9.503069999999999573e-02
1.004319999999999935e-01
1.043990000000000057e-01
1.073140000000000066e-01
1.377599999999999936e-01
1.812590000000000034e-01
1.817290000000000016e-01
1.873390000000000055e-01
1.669769999999999865e-01
1.686989999999999879e-01
1.783720000000000028e-01
1.365820000000000090e-01
1.202379999999999977e-01
8.338059999999999916e-02
7.405860000000000221e-02
3.638770000000000199e-02
4.377910000000000135e-02
2.975099999999999967e-02
3.064410000000000051e-02
3.668029999999999902e-02
5.705500000000000155e-02
5.074789999999999857e-02
5.082199999999999912e-02
5.893179999999999946e-02
3.888590000000000102e-02
4.088540000000000230e-02
4.517979999999999913e-02
4.216469999999999940e-02
3.960079999999999850e-02
2.496400000000000008e-02
3.740040000000000031e-02
1.950259999999999841e-02
1.752269999999999869e-02
2.418740000000000126e-02
2.019450000000000064e-02
1.697190000000000157e-02
1.740629999999999955e-02
1.848819999999999977e-02
2.199529999999999888e-02
3.062569999999999876e-02
3.238719999999999793e-02
4.510480000000000045e-02
4.918759999999999799e-02
4.071520000000000000e-02
3.544920000000000015e-02
3.461299999999999794e-02
4.710820000000000285e-02
6.670829999999999815e-02
7.850269999999999471e-02
6.998160000000000491e-02
1.155339999999999978e-01
1.063079999999999997e-01
1.002389999999999948e-01
1.179719999999999935e-01
1.131579999999999947e-01
9.116029999999999966e-02
9.222729999999999817e-02
5.830660000000000009e-02
4.260320000000000079e-02
5.408110000000000001e-02
5.670839999999999909e-02
4.651519999999999960e-02
3.591819999999999735e-02
3.269940000000000346e-02
3.291349999999999831e-02
2.223850000000000132e-02
2.620530000000000082e-02
2.377800000000000052e-02
3.513680000000000275e-02
2.335479999999999848e-02
2.191660000000000136e-02
2.113200000000000148e-02
1.962360000000000146e-02
2.805049999999999905e-02
2.813730000000000050e-02
2.829189999999999830e-02
2.579359999999999986e-02
2.360879999999999923e-02
4.476920000000000205e-02
3.167570000000000108e-02
2.225509999999999988e-02
2.048379999999999992e-02
1.552120000000000062e-02
1.007429999999999957e-02
7.644800000000000206e-03
5.540670000000000144e-03
6.403550000000000041e-03
5.200510000000000202e-03
3.404289999999999920e-03
3.694929999999999916e-03
2.371729999999999845e-03
3.353430000000000126e-03
4.997879999999999684e-03
5.285159999999999685e-03
3.762090000000000052e-03
2.641759999999999942e-03
3.318230000000000138e-03
3.868969999999999788e-03
3.305499999999999845e-03
4.705649999999999590e-03
3.815879999999999793e-03
3.107379999999999864e-03
2.839250000000000194e-03
2.340539999999999895e-03
1.441110000000000004e-03
7.249459999999999672e-04
5.541850000000000075e-04
1.849750000000000103e-04
2.300559999999999942e-04
1.485050000000000020e-04
1.230989999999999949e-04
9.336280000000000674e-05
7.383540000000000123e-05
8.795209999999999432e-05
1.364209999999999869e-04
8.832289999999999423e-05
1.029660000000000032e-04
1.095410000000000003e-04
6.792419999999999589e-05
7.127359999999999468e-05
1.156459999999999970e-04
9.506470000000000480e-05
5.000530000000000046e-05
2.523879999999999966e-05
2.675149999999999959e-05
3.605739999999999802e-05
4.557509999999999670e-05
5.476210000000000208e-05
2.743729999999999902e-05
2.673530000000000134e-05
2.817769999999999959e-05
2.814069999999999977e-05
5.447869999999999731e-05
5.528150000000000257e-05
5.308390000000000179e-05
4.686590000000000304e-06
2.519139999999999991e-06
7.580989999999999647e-07
3.048409999999999965e-07
