1.045288688973554692e+01
1.045312867710438098e+01
1.045246420376873964e+01
1.045200582925425969e+01
1.045175267280345466e+01
1.044566335046550165e+01
1.043515448728596162e+01
1.043007182898362473e+01
1.042749422364034118e+01
1.042469220374457528e+01
1.042047395048893321e+01
1.041305823590737312e+01
1.040691810761493485e+01
1.040277535166991640e+01
1.039545220664531477e+01
1.038590642283011611e+01
1.038043918648433639e+01
1.037624107012268304e+01
1.037155547669796007e+01
1.036535880051015290e+01
1.035908762471497369e+01
1.035540745625432102e+01
1.035242179669734419e+01
1.034803407491042115e+01
1.034621014241985648e+01
1.034791908499839330e+01
1.034328449193648858e+01
1.033704173860178344e+01
1.033253742738073377e+01
1.033129162157605840e+01
1.033000973217989760e+01
1.033023108771928023e+01
1.033047870972519533e+01
1.032865069799357727e+01
1.032624776396237998e+01
1.032198760922194047e+01
1.031302733495718371e+01
1.030114723934691057e+01
1.029161967410333567e+01
1.028847950607269901e+01
1.029050428620311841e+01
1.029277646966595405e+01
1.029330508700851432e+01
1.029368511679918186e+01
1.029640848585208701e+01
1.029960098986172312e+01
1.030089751564277023e+01
1.029791582291260710e+01
1.028777934303973929e+01
1.027197164316827838e+01
1.025466406682239651e+01
1.023397534284346122e+01
1.022097580957128216e+01
1.021730229217340025e+01
1.020322876515765564e+01
1.019321089188929186e+01
1.018000251112723653e+01
1.015116445425878311e+01
1.012785929642980776e+01
1.009536116606621725e+01
1.005208188264450087e+01
1.000891513391358245e+01
9.970261310858633763e+00
9.943646344040137919e+00
9.923851502187828189e+00
9.899154876616183429e+00
9.884509892807535891e+00
9.872905294521672204e+00
9.858963463083854961e+00
9.839760152868478826e+00
9.812567119367477275e+00
9.780508129314744892e+00
9.751442318753699823e+00
9.733112966869230220e+00
9.719684215010067518e+00
9.707459459471399654e+00
9.695949866670535044e+00
9.679575967602600528e+00
9.663007951029555898e+00
9.651486386577046162e+00
9.642570360441080624e+00
9.635594316981366703e+00
9.626573365967043827e+00
9.614153429942900786e+00
9.600722478314310138e+00
9.589738543218544464e+00
9.583244128726317257e+00
9.577667550132835217e+00
9.570798538017076140e+00
9.562724564610814326e+00
9.553755631087467393e+00
9.541831261285819821e+00
9.530944661819695796e+00
9.522330754357721361e+00
9.513428035359641655e+00
9.503763453709424880e+00
9.496162732018294861e+00
9.491194948784880125e+00
9.485548241867999053e+00
9.477432387622382493e+00
9.468332558239774599e+00
9.460466339478761810e+00
9.454649764637554910e+00
9.448706319905079809e+00
9.442895050731065609e+00
9.433071842775918370e+00
9.418357646489086576e+00
9.406351093443442224e+00
9.393268017749447196e+00
9.374495392026888752e+00
9.346833953248278704e+00
9.303360237232354280e+00
9.249726529656175700e+00
9.201689287091570080e+00
9.166359057808781685e+00
9.126806523629408474e+00
9.072584407178474919e+00
9.027113026164991894e+00
8.995227907435946690e+00
8.969701464934594526e+00
8.958582993669789829e+00
8.951307884716223739e+00
8.942084482125563838e+00
8.932416937382326338e+00
8.923107178765080860e+00
8.913575454626084138e+00
8.903950123473467926e+00
8.893034556152336734e+00
8.849581552894768777e+00
8.837042070385964010e+00
8.829769986945100513e+00
8.825014998863926152e+00
8.820691981123520264e+00
8.813867755049313857e+00
8.800730134407579897e+00
8.781824282028990680e+00
8.760659923298952378e+00
8.738234970299732396e+00
8.717464954871559257e+00
8.695270607123145368e+00
8.668709187301002927e+00
8.639961363651538662e+00
8.619198759517917807e+00
8.607452878545265307e+00
8.588699626256268260e+00
8.579540094879957834e+00
8.570849872924370061e+00
8.548128886168807838e+00
8.514173061886914695e+00
8.487299614502857636e+00
8.460776103020478445e+00
8.437487370370842399e+00
8.415525886616027407e+00
8.389240528466404001e+00
8.365326966573404022e+00
8.334907914305645704e+00
8.281928318980348536e+00
8.217699721797952606e+00
8.159948987962073019e+00
8.114033542564413892e+00
8.078884376709744686e+00
8.035677835581699568e+00
7.973071946137162413e+00
7.902134574723834071e+00
7.837712144043446294e+00
7.801142231321786191e+00
7.771501495289536265e+00
7.737627514799851447e+00
7.692198958569375300e+00
7.636448777998599446e+00
7.606931409647873288e+00
7.571924179157664803e+00
7.535296652364728232e+00
7.502291894048144449e+00
7.463985509225949500e+00
7.382416913927871249e+00
7.341960503580871489e+00
7.284128314493750089e+00
7.222443325864766450e+00
7.148071800305560330e+00
7.031408464251624579e+00
6.885089135280195727e+00
6.777132359380298787e+00
6.727278486318062356e+00
6.702247818589147421e+00
6.660255330492470094e+00
6.593976843274666599e+00
6.395543049343732633e+00
6.348495676994473591e+00
5.617742413281412439e+00
5.509840721537651476e+00
5.373164041449152606e+00
5.242166103310480274e+00
5.163212079477104588e+00
5.093302588088626237e+00
5.019548292033290338e+00
4.957555091973858907e+00
4.902175377583191995e+00
4.838384335878161302e+00
4.791365683617866189e+00
4.759334631908181734e+00
4.734347704119451272e+00
4.707700444903163195e+00
4.683143437310227419e+00
4.659596776403168050e+00
4.641169601020966873e+00
4.614040431838804857e+00
4.574416750098795781e+00
4.529976728763990046e+00
4.488904494168912684e+00
4.455644140206067583e+00
4.399991972115252281e+00
4.296000079059089316e+00
4.155029189630708331e+00
3.974737301461380046e+00
3.599508631789694935e+00
2.855151333631173571e+00
2.713922102999496211e+00
2.593058889325217553e+00
2.446753018048552608e+00
2.329322608689482710e+00
2.264827264091305636e+00
2.222508376039671329e+00
2.196165127114807269e+00
2.173669843947006353e+00
2.130995964601718029e+00
2.018667218120466345e+00
1.781350322867092828e+00
1.263766219092438137e+00
