1.823229999999999906e+00
5.762730000000000352e-01
6.447549999999999670e-01
5.857149999999999856e-01
1.521359999999999957e+01
2.506790000000000074e+00
8.857060000000000599e+00
1.986199999999999966e+00
2.232779999999999987e+00
2.263809999999999878e+00
1.293390000000000040e+00
3.664209999999999967e-01
4.273540000000000116e-01
4.740130000000000177e-01
5.242799999999999683e-01
1.233179999999999971e-01
4.136709999999999693e-02
3.152739999999999709e-02
9.823039999999999550e-01
1.218089999999999895e+00
9.943650000000000544e-01
1.169180000000000108e+00
2.588379999999999903e+00
2.013040000000000163e+00
1.322740000000000027e+00
1.672730000000000050e+00
2.260359999999999925e+00
2.800219999999999931e+00
2.221699999999999786e+00
1.234459999999999891e+00
2.253099999999999881e+00
1.947999999999999954e+00
2.793649999999999967e+00
3.299780000000000157e+00
3.291799999999999837e+00
6.378659999999999997e+00
3.075250000000000039e+00
1.891000000000000014e+00
2.390429999999999833e+00
3.590450000000000141e+00
3.236019999999999897e+00
4.241159999999999819e+00
3.673820000000000086e+00
3.141119999999999912e+00
2.310350000000000126e+00
2.747380000000000155e+00
3.723739999999999828e+00
7.902630000000000265e+00
1.233450000000000024e+01
1.263109999999999999e+01
1.456380000000000052e+01
1.173750000000000071e+01
1.131060000000000088e+01
8.621299999999999741e+00
6.525710000000000122e+00
4.672780000000000378e+00
3.626450000000000173e+00
2.835339999999999971e+00
1.487300000000000066e+00
8.818709999999999605e-01
1.014580000000000037e+00
7.303450000000000220e-01
6.928220000000000489e-01
9.404080000000000217e-01
9.936340000000000172e-01
7.722970000000000113e-01
9.451199999999999601e-01
1.041730000000000045e+00
7.368820000000000370e-01
6.587020000000000097e-01
4.592189999999999883e-01
3.324559999999999738e-01
3.830740000000000256e-01
3.375600000000000267e-01
3.114879999999999871e-01
4.722040000000000126e-01
7.268710000000000448e-01
1.417969999999999953e+00
1.324340000000000073e+00
1.639250000000000096e+00
1.656309999999999949e+00
1.288100000000000023e+00
1.652460000000000040e+00
1.541940000000000088e+00
8.959139999999999882e-01
4.788029999999999786e-01
3.834779999999999855e-01
2.001439999999999886e-01
1.309389999999999998e-01
6.466979999999999951e-02
4.972139999999999893e-02
5.368860000000000299e-02
5.152810000000000029e-02
5.103329999999999672e-02
5.920709999999999862e-02
6.858050000000000257e-02
5.196189999999999837e-02
7.718379999999999685e-02
5.338350000000000040e-02
5.840200000000000252e-02
6.902830000000000077e-02
6.976899999999999769e-02
7.022490000000000676e-02
8.904149999999999565e-02
6.011339999999999739e-02
5.512000000000000233e-02
5.039369999999999961e-02
7.386810000000000598e-02
7.090960000000000318e-02
8.140129999999999588e-02
2.039849999999999997e-01
1.738929999999999920e-01
1.513480000000000103e-01
5.388369999999999965e-02
6.180970000000000214e-02
5.573430000000000051e-02
2.692419999999999883e-02
2.320399999999999893e-02
2.522500000000000089e-02
2.528999999999999998e-02
3.531739999999999879e-02
2.788790000000000019e-02
3.707560000000000022e-02
1.481799999999999957e-02
1.519590000000000003e-02
1.998640000000000139e-02
2.769160000000000024e-02
3.912220000000000281e-02
6.777299999999999991e-02
6.048039999999999666e-02
6.206969999999999849e-02
7.665210000000000079e-02
6.670059999999999878e-02
5.355300000000000338e-02
4.606079999999999897e-02
7.356440000000000201e-02
7.374809999999999699e-02
6.610789999999999722e-02
5.600589999999999735e-02
6.131029999999999813e-02
5.489220000000000210e-02
5.495450000000000335e-02
4.037609999999999810e-02
3.532319999999999904e-02
3.118539999999999854e-02
3.759839999999999710e-02
1.528080000000000063e-02
6.679290000000000053e-03
1.247129999999999940e-02
1.744470000000000048e-02
1.548970000000000034e-02
1.247979999999999923e-02
2.399439999999999906e-02
2.328790000000000027e-02
2.234919999999999962e-02
1.509540000000000014e-02
2.767779999999999893e-02
3.069250000000000103e-02
3.711509999999999809e-02
5.041079999999999867e-02
3.422100000000000142e-02
3.364770000000000261e-02
1.473679999999999955e-02
7.458550000000000423e-03
3.936779999999999967e-03
2.048560000000000051e-03
1.744419999999999998e-03
1.357160000000000050e-03
9.832079999999999553e-04
1.202560000000000087e-03
1.336259999999999922e-03
1.525150000000000073e-03
1.015110000000000057e-03
1.185340000000000005e-03
1.425290000000000064e-03
1.090320000000000091e-03
6.318110000000000262e-04
6.882169999999999737e-04
8.548909999999999842e-04
1.164370000000000075e-03
1.266350000000000071e-03
9.336569999999999548e-04
8.385849999999999815e-04
6.261980000000000107e-04
1.276000000000000007e-03
1.516930000000000101e-03
1.211580000000000079e-03
8.427320000000000080e-04
1.008449999999999928e-03
1.203180000000000091e-03
3.216290000000000121e-03
3.452090000000000106e-03
2.273620000000000068e-03
1.120909999999999919e-03
8.317030000000000430e-04
1.045219999999999917e-03
1.473820000000000035e-03
1.595880000000000042e-03
9.632030000000000409e-04
5.485969999999999519e-04
1.813770000000000085e-04
9.871219999999999994e-05
2.160269999999999901e-05
2.847099999999999897e-05
3.627480000000000038e-05
2.830630000000000036e-05
3.374380000000000039e-05
4.315730000000000098e-05
3.808870000000000007e-05
1.390719999999999959e-05
4.335719999999999884e-05
2.531759999999999965e-05
1.604169999999999923e-05
8.691630000000000333e-06
3.515930000000000064e-06
2.281560000000000056e-06
7.704569999999999487e-07
