1.057770429937306744e+01
1.057200912468540110e+01
1.056607198893769883e+01
1.055986833843551942e+01
1.055334407015489973e+01
1.054633410270472815e+01
1.053980349738467659e+01
1.053507121786818068e+01
1.053245370749378829e+01
1.053018560582311380e+01
1.052724698593855379e+01
1.052381147608971901e+01
1.051875207851924188e+01
1.051154247309648682e+01
1.050022137582960191e+01
1.048917069445284689e+01
1.048298071541423226e+01
1.048012916096026359e+01
1.047406029812242423e+01
1.046383030278425075e+01
1.045572626851226872e+01
1.045031070600500556e+01
1.044553415012691744e+01
1.044179721818600015e+01
1.043729859806312099e+01
1.043388978820871138e+01
1.043198420102643453e+01
1.042977811087625817e+01
1.042905588210071421e+01
1.043098560251569573e+01
1.042980716877302250e+01
1.042824335407982339e+01
1.042774569934972106e+01
1.042465953454923344e+01
1.042403671659424980e+01
1.042584222558099505e+01
1.042796947138272934e+01
1.042957626627778644e+01
1.043175445340889773e+01
1.043393296364147460e+01
1.043480993444101834e+01
1.043358583964922381e+01
1.043062483527208784e+01
1.042763214770565838e+01
1.042720850037201785e+01
1.042529287874050858e+01
1.041978728221793560e+01
1.041169039931098261e+01
1.040019940130289200e+01
1.038304839267145852e+01
1.036139726878874434e+01
1.033762695643427421e+01
1.030203422544159153e+01
1.025020035967899013e+01
1.020000460559911737e+01
1.015482551742978679e+01
1.010645608620838054e+01
1.006575145674359462e+01
1.000584517798065676e+01
9.927309783460840364e+00
9.872775502267735703e+00
9.831434622256805866e+00
9.774056880895086508e+00
9.716364826827893708e+00
9.690268751800058311e+00
9.666569456375889047e+00
9.643331254465559610e+00
9.623820735346981792e+00
9.603712590770456359e+00
9.585179757272632273e+00
9.571130940624179573e+00
9.562051258141019972e+00
9.560610735629232693e+00
9.558029004112697180e+00
9.542979704756024972e+00
9.511151794144094396e+00
9.469599659177694306e+00
9.440543869418817735e+00
9.418796634870529871e+00
9.395412020159163546e+00
9.383087941973599300e+00
9.381791727663509661e+00
9.375019466358219589e+00
9.356415973001286801e+00
9.338763180476638226e+00
9.319720094433627366e+00
9.309708929380693831e+00
9.310085512062002522e+00
9.310534006424143527e+00
9.308822565972230123e+00
9.307739858969553026e+00
9.302393708493422508e+00
9.300184470356505528e+00
9.292007832148858171e+00
9.277375388640065168e+00
9.264671459991131286e+00
9.249775402019517756e+00
9.231619936319674480e+00
9.214258215075210146e+00
9.190631398024908805e+00
9.154798151198924927e+00
9.107264253065462611e+00
9.041511112959323526e+00
8.961760802535591708e+00
8.882995574464908728e+00
8.812835844864828516e+00
8.753367006847472709e+00
8.701993436989923225e+00
8.654947187837112921e+00
8.618153779617880872e+00
8.595100326411801106e+00
8.578201257052102235e+00
8.558580182746842624e+00
8.540387043154344937e+00
8.523153132695608036e+00
8.503240318895016969e+00
8.478010647091537066e+00
8.454512535710183130e+00
8.434658308400926785e+00
8.416480737454421046e+00
8.402684291101124359e+00
8.381881867655925689e+00
8.354640412192807730e+00
8.330139716078777568e+00
8.311908484732581925e+00
8.296573057417601760e+00
8.285825003915213927e+00
8.277093254856284332e+00
8.269860707513055686e+00
8.264975934063279794e+00
8.259012997962583924e+00
8.251643086465566768e+00
8.246587203279917233e+00
8.241633629574819153e+00
8.234547652694329756e+00
8.226213120724107597e+00
8.216996734792997970e+00
8.202398397351002401e+00
8.133241825997259866e+00
8.065602119712773188e+00
8.018001071073834751e+00
7.969584564798544157e+00
7.928703539207908157e+00
7.907447371324030527e+00
7.889185688356951331e+00
7.873677425486111048e+00
7.862155837516841217e+00
7.852156592250040923e+00
7.844623779750588000e+00
7.839218398685598110e+00
7.835591655207841733e+00
7.829274818900422872e+00
7.822362291149381086e+00
7.816194884360776918e+00
7.811301475076216860e+00
7.807386178909411889e+00
7.802939204414681917e+00
7.796123848663684797e+00
7.788472412291001845e+00
7.782963257350903774e+00
7.778570142475737192e+00
7.773140372019146760e+00
7.759012509950733438e+00
7.747393161569208431e+00
7.732311718672256085e+00
7.718739115775247406e+00
7.703232034818380924e+00
7.682969543098115750e+00
7.664433238442146745e+00
7.650852235535646528e+00
7.637920807944921897e+00
7.622803392709578851e+00
7.604363233902078356e+00
7.585043154905942053e+00
7.570509082271906109e+00
7.551606120732497374e+00
7.532607891341669415e+00
7.518754709156175053e+00
7.504711390940410176e+00
7.487910082882366147e+00
7.465582105255236023e+00
7.439078359693962028e+00
7.411144752379670742e+00
7.391545514887643442e+00
7.379096933784164314e+00
7.364695423496224080e+00
7.349914414117542094e+00
7.339147229266765216e+00
7.327791991015928375e+00
7.314949498688061880e+00
7.291335544382936185e+00
7.261034357889765367e+00
7.233151006528673044e+00
7.201689287091570968e+00
7.165739786244409437e+00
7.132275703044141935e+00
7.093607271370756528e+00
7.058509534597038559e+00
7.020816887028907161e+00
6.984474654758328960e+00
6.951571605519010433e+00
6.922743099226814856e+00
6.894353175550540946e+00
6.866422038114097681e+00
6.840224693372931597e+00
6.811057297205041827e+00
6.773108885247235200e+00
6.737475716796025083e+00
6.703740919661636433e+00
6.523267698910906631e+00
6.480373493832060738e+00
6.425614094645247576e+00
6.335100689539595820e+00
6.233901850226513552e+00
6.162053346959277533e+00
6.097295495379133179e+00
6.046116503665743380e+00
6.023811947903903175e+00
6.010520440828826416e+00
5.990158527416801881e+00
5.963937444343197392e+00
5.936653458273470463e+00
5.911027567366450519e+00
5.882416377761948922e+00
5.705017381793844322e+00
5.644437604671978193e+00
5.582949238100233913e+00
5.487056318605282534e+00
5.428717783203831360e+00
5.346939462698991008e+00
5.225913771011136078e+00
5.080994255058237208e+00
4.935755075487957555e+00
4.807245401861451661e+00
4.697794081491805329e+00
4.655048107539639268e+00
