1.011490108409382138e+01
1.011577354949373664e+01
1.011666086544656196e+01
1.011749335895195578e+01
1.011835071648316742e+01
1.011919318266028256e+01
1.012001425207806804e+01
1.012087322803472667e+01
1.012172722703397554e+01
1.012268433579902016e+01
1.012356419312116174e+01
1.012432160017335470e+01
1.012356092557484821e+01
1.011180336414017589e+01
1.011007768174835242e+01
1.011118519429155072e+01
1.011233348262488363e+01
1.011351552862303116e+01
1.011472771437180995e+01
1.011597642945481823e+01
1.011724477304548309e+01
1.011849289401139274e+01
1.011977040155106522e+01
1.012113617586387804e+01
1.012256645001998479e+01
1.012400835054849679e+01
1.012553006009218493e+01
1.012713396641766117e+01
1.012880300071853235e+01
1.013055568452315747e+01
1.013241019324797954e+01
1.013438113341029378e+01
1.013655252291552777e+01
1.013660643098202918e+01
1.013627970892417629e+01
1.013864368284469819e+01
1.013744273385484895e+01
1.013200018832249150e+01
1.012446835819336499e+01
1.011250781056777903e+01
1.011024280952867471e+01
1.010826050497647266e+01
1.010599019800330112e+01
1.008705698981520982e+01
1.006724572949352137e+01
1.005410339790001117e+01
1.005390397089516519e+01
1.005765469497323394e+01
1.006077336326170624e+01
1.006464514479193717e+01
1.006475365807584943e+01
1.004567496676910565e+01
1.001091025423999170e+01
9.979623026877815661e+00
9.943731384165829468e+00
9.884700227749902979e+00
9.805052739623151936e+00
9.729687087330086470e+00
9.670097350941746939e+00
9.600536204813472807e+00
9.534029915640145347e+00
9.488735393388919803e+00
9.446512314031666691e+00
9.405732152408670999e+00
9.371071558379258093e+00
9.329460933935360245e+00
9.290571023392237393e+00
9.264862666320144768e+00
9.236821827615287361e+00
9.206418365232817536e+00
9.177804785065029947e+00
9.154770783243522558e+00
9.143826390839560503e+00
9.137338284023954316e+00
9.133717698702575660e+00
9.130697137006094977e+00
9.126111917169522414e+00
9.120116364998121838e+00
9.115107703734897981e+00
9.109180176614527724e+00
9.103143228131385101e+00
9.096791868840643502e+00
9.085322694136534594e+00
9.071764216559023097e+00
9.050410693323865274e+00
9.025510672852581351e+00
9.009760995406230322e+00
8.996805334537979704e+00
8.983102382574973177e+00
8.964250670717726521e+00
8.940442768145276276e+00
8.902613087051317819e+00
8.859741565458074675e+00
8.816718430207881596e+00
8.777972429012001143e+00
8.739481362488225713e+00
8.695914004528003005e+00
8.660407235821100613e+00
8.625996286305001703e+00
8.602812839347098617e+00
8.588273948356450305e+00
8.572893664728725938e+00
8.555610698011063775e+00
8.536807080723896490e+00
8.515567876124102042e+00
8.493763274345091929e+00
8.466082810027220518e+00
8.428691889185108366e+00
8.390438739207489505e+00
8.352257789298244361e+00
8.321426501149487009e+00
8.303036138470115901e+00
8.289147299367586541e+00
8.280364357051771762e+00
8.274301050427967041e+00
8.271090812922810898e+00
8.267366530339888442e+00
8.261835997139685972e+00
8.252056498794003048e+00
8.234081758382682636e+00
8.179861890772723854e+00
8.145165317350654632e+00
8.088550686286534841e+00
7.974466556925112748e+00
7.932128119525328813e+00
7.898694472813176937e+00
7.866828835431709521e+00
7.832900878142413426e+00
7.799383287442505974e+00
7.761451957709809335e+00
7.726835565425619556e+00
7.693488636982722007e+00
7.664040879737180845e+00
7.629722463860864501e+00
7.590968828964828496e+00
7.552657267373799499e+00
7.507850476699813314e+00
7.480416597131984702e+00
7.448794406293305137e+00
7.398183145509941383e+00
7.349157035327879228e+00
7.313078027359342315e+00
7.277836042413296624e+00
7.249134737765170478e+00
7.083975356436337023e+00
7.051869963069839820e+00
7.009068276192218505e+00
6.949584663574264631e+00
6.889373985507654119e+00
6.843324362829140917e+00
6.799596225373512937e+00
6.755196216792059616e+00
6.724793436758951692e+00
6.705206644292120544e+00
6.689862697560925220e+00
6.680160491022490987e+00
6.672602085934679295e+00
6.666328871531730371e+00
6.660081523609490795e+00
6.654371016035212527e+00
6.648505402097268480e+00
6.640473486426583527e+00
6.629533956711498810e+00
6.610357754806006625e+00
6.587029250018532345e+00
6.568660425369982292e+00
6.552804443993455408e+00
6.533506419681406108e+00
6.514224900089796932e+00
6.498150593668466257e+00
6.480586095284800230e+00
6.456841067546882584e+00
6.429417954482389952e+00
6.395183060978988365e+00
6.354584748793029370e+00
6.324430625292387198e+00
6.303470375738013054e+00
6.275463388594727299e+00
6.239186823296624773e+00
6.189378005842030461e+00
6.139860203621959833e+00
6.115077716659580886e+00
6.092123869244250756e+00
6.059419512716770484e+00
6.024346079934480791e+00
5.992342283598743435e+00
5.953520981565405989e+00
5.897325179195457956e+00
5.881393787701798992e+00
5.869409509318451512e+00
5.855788007928499184e+00
5.839822329653795663e+00
5.822998592415721042e+00
5.805306435581988111e+00
5.787158559731153673e+00
5.771100003943288925e+00
5.759506181527615176e+00
5.752588481869260306e+00
5.743758197901461138e+00
5.735130023777735175e+00
5.729718647988192082e+00
5.723695329883745408e+00
5.715198318008523515e+00
5.703555314546000510e+00
5.690971799012958243e+00
5.675628053447550059e+00
5.653972346586251696e+00
5.608086167962158086e+00
5.539799738110961158e+00
5.459505570556876464e+00
5.350377899492580802e+00
5.201028227093124734e+00
5.000702987794189092e+00
4.784215616306722652e+00
4.561732084201275406e+00
4.329169992968878056e+00
4.121359556412423686e+00
3.987760977262715834e+00
3.936803677986961958e+00
3.879386650438140460e+00
3.775806255016533441e+00
3.641149755859880432e+00
3.520083771685304175e+00
3.369173168247676209e+00
3.175540804016768082e+00
2.990967637911847721e+00
2.856193998373446785e+00
2.727618512283734198e+00
2.586666055598008995e+00
2.202872309873420864e+00
