5.381219999999999892e+00
4.125449999999999950e-01
5.983209999999999695e+00
6.283210000000000406e+00
6.501549999999999940e+00
6.812870000000000203e+00
6.563159999999999883e+00
5.794669999999999987e+00
3.569780000000000175e+00
7.749580000000000357e-01
1.755030000000000090e+00
2.295570000000000110e+00
2.779970000000000052e+00
1.326600000000000001e+00
1.268440000000000012e+00
3.160079999999999778e+00
9.676709999999999479e-01
2.198739999999999917e+00
3.084839999999999804e+00
2.744540000000000202e+00
4.431199999999999584e+00
5.031550000000000189e+00
4.157479999999999620e+00
4.663090000000000401e+00
5.379430000000000156e+00
7.030199999999999783e+00
5.690290000000000070e+00
2.559649999999999981e+00
4.636470000000000091e+00
6.786810000000000009e+00
7.506260000000000154e+00
7.603209999999999802e+00
1.286870000000000047e+01
8.871639999999999304e+00
8.501289999999999125e+00
7.651410000000000267e+00
7.196829999999999894e-02
5.536509999999999820e+00
4.472330000000000361e+00
4.097669999999999924e+00
4.903970000000000162e+00
7.964690000000000047e+00
9.009420000000000428e+00
9.790770000000000195e+00
4.585239999999999760e+00
4.045589999999999797e+00
7.414460000000000051e+00
1.527449999999999974e+00
1.971769999999999912e-01
2.372509999999999897e-02
1.651959999999999887e-02
1.393469999999999952e-02
8.262729999999999381e-03
2.667009999999999867e-02
1.020590000000000039e-02
9.369650000000000201e-03
7.389429999999999783e-03
1.912619999999999945e-02
1.275719999999999979e-02
7.797229999999999613e-03
1.546100000000000078e-02
2.541989999999999875e-02
8.390640000000000598e-02
1.292999999999999972e+01
2.656259999999999977e+01
1.774699999999999989e+01
3.001800000000000068e+01
3.418950000000000244e+01
3.457430000000000092e+01
4.348499999999999943e+01
4.553659999999999997e+01
1.414840000000000053e+01
4.718860000000000277e+00
2.441720000000000113e+00
1.189340000000000064e+00
1.487049999999999983e+00
1.550799999999999956e+00
1.411149999999999904e+00
6.785099999999999465e-01
5.158589999999999565e-01
4.973540000000000183e-01
5.458330000000000126e-01
6.222299999999999498e-01
3.486250000000000182e-01
5.129139999999999810e-01
9.010000000000000231e-01
9.888780000000000348e-01
1.234099999999999975e+00
1.601380000000000026e+00
1.460569999999999924e+00
8.097400000000000153e-01
1.177040000000000086e+00
1.040189999999999948e+00
9.806880000000000042e-01
8.216430000000000122e-01
6.026869999999999727e-01
5.655350000000000099e-01
7.959420000000000384e-01
1.030019999999999936e+00
1.285590000000000011e+00
1.023209999999999953e+00
1.135350000000000081e+00
1.184010000000000007e+00
1.270939999999999959e+00
7.508479999999999599e-01
1.179159999999999986e+00
9.824239999999999640e-01
1.175759999999999916e+00
1.277539999999999898e+00
7.035249999999999559e-01
8.055449999999999555e-01
4.919000000000000039e-01
3.420839999999999992e-01
6.810599999999999987e-01
5.174260000000000526e-01
5.794939999999999536e-01
9.313050000000000495e-01
1.165580000000000060e+00
1.025609999999999911e+00
1.022010000000000085e+00
2.375179999999999847e+00
2.409079999999999888e+00
2.050320000000000142e+00
3.133999999999999897e+00
2.375109999999999832e+00
1.438050000000000050e+00
1.425289999999999946e+00
1.183140000000000081e+00
1.066610000000000058e+00
9.454360000000000541e-01
8.171349999999999447e-01
9.622840000000000282e-01
1.279050000000000020e+00
7.056259999999999755e-01
3.320659999999999723e-01
4.260269999999999890e-01
2.934189999999999854e-01
3.918079999999999896e-01
4.144510000000000138e-01
6.615480000000000249e-01
6.262839999999999518e-01
5.433329999999999549e-01
3.849350000000000271e-01
2.912870000000000181e-01
1.297339999999999882e-01
1.008629999999999943e-01
9.304089999999999583e-02
9.648070000000000257e-02
1.234920000000000045e-01
1.417740000000000111e-01
9.814649999999999763e-02
9.382680000000000187e-02
1.332720000000000016e-01
1.824800000000000033e-01
3.297939999999999761e-01
3.019809999999999994e-01
1.880459999999999909e-01
1.001640000000000030e-01
1.362349999999999950e-01
1.041730000000000017e-01
1.294939999999999980e-01
1.635419999999999929e-01
1.186050000000000021e-01
1.095450000000000035e-01
1.120730000000000059e-01
7.123469999999999802e-02
5.628480000000000288e-02
8.318780000000000618e-02
9.043790000000000162e-02
1.676010000000000000e-01
1.137760000000000021e-01
1.352970000000000006e-01
2.222850000000000104e-01
2.018840000000000079e-01
1.778990000000000016e-01
1.742900000000000005e-01
1.543279999999999930e-01
1.804469999999999963e-01
7.207579999999999543e-02
5.523460000000000175e-02
3.679600000000000232e-02
3.046099999999999849e-02
8.680079999999999740e-03
2.329159999999999824e-03
1.398160000000000071e-03
1.538099999999999927e-03
1.323249999999999990e-03
7.767779999999999954e-04
5.691539999999999924e-04
5.634190000000000075e-04
6.065359999999999675e-04
7.431249999999999705e-04
6.235729999999999875e-04
8.217530000000000450e-04
7.918429999999999740e-04
9.420849999999999494e-04
5.901889999999999697e-04
7.172360000000000020e-04
5.201599999999999800e-04
1.217989999999999958e-03
4.815110000000000050e-04
3.279739999999999739e-04
2.553869999999999860e-04
5.442279999999999671e-05
4.258139999999999858e-05
4.799060000000000093e-05
5.529159999999999761e-05
4.325370000000000229e-05
2.848169999999999871e-05
2.150409999999999965e-05
1.727929999999999904e-05
1.384549999999999983e-05
7.674389999999999887e-06
9.809630000000000471e-06
1.408610000000000054e-05
1.581840000000000088e-05
1.974170000000000108e-05
1.887089999999999918e-05
2.373870000000000025e-05
4.488480000000000096e-05
5.211950000000000133e-05
7.743799999999999956e-05
1.306609999999999879e-04
1.582250000000000106e-04
2.263009999999999870e-04
2.230260000000000022e-04
2.325910000000000098e-04
2.708650000000000163e-04
2.615420000000000245e-04
2.431830000000000059e-04
1.200949999999999945e-04
1.146519999999999994e-04
8.083459999999999344e-05
1.021089999999999943e-04
6.107079999999999811e-05
6.520800000000000316e-05
