1.010701992423656925e+01
1.009931109195784238e+01
1.009204657951834250e+01
1.008417933372650666e+01
1.007553966226427100e+01
1.006632965319566786e+01
1.004528776429292414e+01
1.003154580078917490e+01
1.002054772403181637e+01
1.001563634140763526e+01
1.001349028339770442e+01
1.001199733929320246e+01
1.001032116190735799e+01
1.000742342920493400e+01
1.000378785298246243e+01
9.996993856513693544e+00
9.988132032714485575e+00
9.982055841955505215e+00
9.972733113102600910e+00
9.960219070673595354e+00
9.945863800340582372e+00
9.881655079242252171e+00
9.829891441945457942e+00
9.817462237164313876e+00
9.810133008788762154e+00
9.805462796254275304e+00
9.799576934328127820e+00
9.791774132180469437e+00
9.780033451522401222e+00
9.770859372503187146e+00
9.766348144313482749e+00
9.759634610448992831e+00
9.748649219927846943e+00
9.719359465482495963e+00
9.676678066175787407e+00
9.643428987050183920e+00
9.612338741664789410e+00
9.545425881621936171e+00
9.440710771923153999e+00
9.326823144470237636e+00
9.192288612568120243e+00
9.074048069062632393e+00
8.976112359055221646e+00
8.896621002387629318e+00
8.850448338031483786e+00
8.828419486027240026e+00
8.813444874960477904e+00
8.804041926710821642e+00
8.794292116836336604e+00
8.767060088020508957e+00
8.714375869645820671e+00
8.641687239280674504e+00
8.579716161448859069e+00
8.534159421617220076e+00
8.496639099180747223e+00
8.478201303875742667e+00
8.469035156967542832e+00
8.456293138427458445e+00
8.436884280481628196e+00
8.420996477004493386e+00
8.407808849846514221e+00
8.399862278544429017e+00
8.397277639027649343e+00
8.395279203580091831e+00
8.393341762092529024e+00
8.387533973942742804e+00
8.380075503475806542e+00
8.375817189904759985e+00
8.369839012456756322e+00
8.362486244652188816e+00
8.345499197069727870e+00
8.340676073223795228e+00
8.337415330431577232e+00
8.335481971771868004e+00
8.332987545679090502e+00
8.328202179314791564e+00
8.321633636507046461e+00
8.312602553640152436e+00
8.296186764225836896e+00
8.270413288108686700e+00
8.237478387991817641e+00
8.198456385540847435e+00
8.150839300866834947e+00
8.068631063714317264e+00
8.002191989011338435e+00
7.954238166472791249e+00
7.917074677453965315e+00
7.871036156877227796e+00
7.824826520481399150e+00
7.782523503872591064e+00
7.741730534845416400e+00
7.699259148186747836e+00
7.658884833679872273e+00
7.624168607391141883e+00
7.591263891328241975e+00
7.559797738665891664e+00
7.507079652576053697e+00
7.433888189036175653e+00
7.369681453534436599e+00
7.321192319241902169e+00
7.269223318010514134e+00
7.217499736453390824e+00
7.156552179874093866e+00
7.084504783246227788e+00
7.014197007494802349e+00
6.923986038304340340e+00
6.850381535045944048e+00
6.803442775499526363e+00
6.780249605898733378e+00
6.763605419026256449e+00
6.753931427051822922e+00
6.747359751581935683e+00
6.733049531692678613e+00
6.719270779911706626e+00
6.702599395912385738e+00
6.687177459610883723e+00
6.669631095638787421e+00
6.650964782501218586e+00
6.632996535262377868e+00
6.610788942113321909e+00
6.543960077731224345e+00
6.516388601190060470e+00
6.492750613799870507e+00
6.471819586110372668e+00
6.455799258414968378e+00
6.446287018466768437e+00
6.438583482198874108e+00
6.432253959133823251e+00
6.428638477895095349e+00
6.425508135962269662e+00
6.422863854593178878e+00
6.419374098105923743e+00
6.414403380205089711e+00
6.408951895850260705e+00
6.405986314830387940e+00
6.404073891894582538e+00
6.401652082978171343e+00
6.398897873793710112e+00
6.395490642413681925e+00
6.391289812582299668e+00
6.388310834882686251e+00
6.385531203866832151e+00
6.381752060139062266e+00
6.377848780160492836e+00
6.374777664479156059e+00
6.371957715713578274e+00
6.368647562198208156e+00
6.364509721346960802e+00
6.360333971029922928e+00
6.357065388287824526e+00
6.351796306897023570e+00
6.346010490190979070e+00
6.341276210721687789e+00
6.336365659878633316e+00
6.310134422570701673e+00
6.300904031998614485e+00
6.285986890498833191e+00
6.267633947281129991e+00
6.249178783114195390e+00
6.237400457649894037e+00
6.217676044129354374e+00
6.190748980720174544e+00
6.166729013979252549e+00
6.140517470457171001e+00
6.104790874622127106e+00
6.025002572672384815e+00
5.917865609331784960e+00
5.827012384558696745e+00
5.726775280239250421e+00
5.613140678973600473e+00
5.501079811943640152e+00
5.403340187722101895e+00
5.280293755060751160e+00
5.138463752071418256e+00
5.008012199038634371e+00
4.896402745670462409e+00
4.804337785296221242e+00
4.721662253998101910e+00
4.650028591258749344e+00
4.591893429464602328e+00
4.545432066417397721e+00
4.496881236754487254e+00
4.455790135347958980e+00
4.424044895844752467e+00
4.389373432631773930e+00
4.145786670174154587e+00
4.063832304436378884e+00
3.941106266577662609e+00
3.774961251573096810e+00
3.564584404479332669e+00
3.244014732636288478e+00
2.576731694173893139e+00
