1.034822500784260058e+01
1.033568652212429662e+01
1.032192552960960796e+01
1.030634137759502877e+01
1.029787645334199553e+01
1.029961623999841258e+01
1.029405157465884457e+01
1.027966466308405202e+01
1.026941253119810504e+01
1.026709660069761476e+01
1.026705433565141234e+01
1.026423680168287156e+01
1.026061034218113122e+01
1.025971569358588020e+01
1.026018829768537266e+01
1.025582708270323451e+01
1.025088820231676401e+01
1.024845881577978091e+01
1.024492004391245459e+01
1.024372493133382456e+01
1.024101573942629173e+01
1.023277763834227372e+01
1.022639882026666669e+01
1.021960024225613317e+01
1.020899998989655977e+01
1.019912411462332535e+01
1.018845317024136854e+01
1.017340190474634554e+01
1.015262463944761961e+01
1.012899665884603273e+01
1.011057624359489893e+01
1.010057385763487225e+01
1.009690306424075601e+01
1.009833909378690642e+01
1.009980490473969361e+01
1.010135864652646376e+01
1.010300278672860763e+01
1.010452125261832812e+01
1.010599700288699054e+01
1.010775927606683666e+01
1.010970675789446815e+01
1.011176979055393943e+01
1.011395671500839377e+01
1.011628887871555094e+01
1.011878702064501034e+01
1.012148761990109769e+01
1.012444879332249315e+01
1.012774280720399567e+01
1.013152242891306898e+01
1.013619719652674789e+01
1.013520264191689613e+01
1.012208147201449826e+01
1.009516586310865449e+01
1.005614226205905304e+01
1.001443652783167160e+01
9.981651015966626517e+00
9.951312742900650932e+00
9.916672356906355290e+00
9.888732544041609174e+00
9.861298382055375455e+00
9.849394841985418481e+00
9.839607499371851418e+00
9.828180877561557338e+00
9.820678198924531088e+00
9.781181439729255800e+00
9.705138142504583953e+00
9.605367545564211795e+00
9.511252173311705249e+00
9.261476988621375028e+00
9.263479836480346563e+00
9.266288156007707499e+00
9.257133565372456019e+00
9.245781551029516265e+00
9.248162155646530991e+00
9.251024665627204158e+00
9.248132723758843099e+00
9.235846476391895266e+00
9.226370454641548591e+00
9.222669658441018825e+00
9.212398039695660401e+00
9.198706560722895276e+00
9.187904084373174740e+00
9.180679147657766492e+00
9.176632342304596790e+00
9.168403189546241450e+00
9.155815622415429900e+00
9.142849174377076338e+00
9.131820689379146927e+00
9.123384441556114055e+00
9.117334280364282506e+00
9.111527984085201481e+00
9.101558059747219431e+00
9.088646306471225955e+00
9.079242766741614901e+00
9.073465396362907498e+00
9.069175814892583176e+00
9.064045962864483386e+00
9.055393623165002737e+00
9.046456142412591106e+00
9.036533084541041205e+00
9.024337867492143062e+00
9.012563068857344817e+00
9.002701577384472742e+00
8.994647478033829913e+00
8.987192840461116106e+00
8.978538399800713776e+00
8.966373138299220003e+00
8.953054780304906757e+00
8.942742506072034914e+00
8.932122026394763381e+00
8.921509080673777348e+00
8.910100160863610341e+00
8.895989631660045305e+00
8.881868331777821979e+00
8.865490105803603527e+00
8.846995478414360292e+00
8.824363426314203451e+00
8.800365789917622195e+00
8.779433419860596999e+00
8.753857948454692561e+00
8.726046308008097441e+00
8.693957222185037637e+00
8.640228936125758707e+00
8.588238082742135404e+00
8.538459364588449674e+00
8.493364629293658652e+00
8.432990123689359407e+00
8.355261822091913260e+00
8.293755783341023147e+00
8.239544717419002851e+00
8.192101689044196888e+00
8.153470339820568569e+00
8.119697879036934296e+00
8.093320104412610405e+00
8.073395716489120133e+00
8.055087685015685395e+00
8.041104375870659737e+00
8.030356805310841395e+00
8.022176712688604994e+00
8.016084372044931072e+00
8.007777640052383461e+00
7.998789673505283027e+00
7.992311783140199744e+00
7.988705183377859953e+00
7.984858870721838642e+00
7.979380360380758042e+00
7.973893200370842038e+00
7.965391751495353390e+00
7.942927782754536814e+00
7.924004663097629297e+00
7.907874432921582653e+00
7.891517944645161542e+00
7.872787726511219830e+00
7.855700225377770352e+00
7.842692221863362789e+00
7.833046338800414787e+00
7.825276783081259957e+00
7.817651294518242366e+00
7.811130430803801872e+00
7.802731319666032839e+00
7.794736840759543206e+00
7.466700095636668699e+00
7.447773362752482917e+00
7.427859221312066218e+00
7.408760467362002444e+00
7.387994569541032064e+00
7.350498053434381340e+00
7.321929668526517609e+00
7.282545079377838348e+00
7.242098958021952804e+00
7.207685521196800948e+00
7.182180606808741707e+00
7.159976031550069564e+00
7.130388453986675756e+00
7.102485159325363284e+00
7.071918810363806429e+00
7.037442435060381030e+00
7.025355027895077598e+00
7.007905597021912847e+00
6.989968791948657945e+00
6.967384148912561415e+00
6.924037254564070487e+00
6.857574306998939662e+00
6.786914606730178434e+00
6.716664304318698875e+00
6.630477709237432293e+00
6.554140130498186778e+00
6.484776589544785530e+00
6.398575350836473774e+00
6.298355207516380005e+00
6.192971454712139057e+00
6.111013697879469575e+00
6.045013776272973871e+00
5.997555001227365956e+00
5.963405763428844431e+00
5.921047306417916545e+00
5.876609222240950281e+00
5.846364332013527232e+00
5.815109999100196880e+00
5.780351881469303343e+00
5.747622300346479918e+00
5.697246783954953209e+00
5.630004562219780517e+00
5.547747638032735296e+00
5.464413531795562662e+00
5.416921626171472326e+00
5.359723575458547273e+00
5.253786124942267044e+00
5.103954159127256140e+00
4.938512720370293430e+00
4.639662761113297229e+00
4.360771335620755806e+00
4.069889996506938168e+00
3.893419960410984704e+00
3.695279367228395895e+00
3.223132362471588408e+00
