1.126190000000000024e+00
5.078949999999999854e-01
1.186520000000000019e+00
2.914140000000000175e+00
2.947940000000000005e+00
1.420730000000000048e+00
3.287980000000000125e+00
9.154649999999999732e-01
3.393990000000000062e+00
1.359200000000000053e+01
1.164799999999999969e+01
1.094139999999999979e+01
1.067880000000000074e+01
1.341089999999999982e+01
1.222690000000000055e+01
1.901259999999999906e+01
1.323339999999999961e+01
1.542179999999999929e+01
1.486880000000000024e+01
1.044219999999999970e+01
6.381719999999999615e+00
4.489790000000000170e+00
4.958169999999999966e+00
7.765839999999999854e+00
1.632430000000000092e+01
9.421409999999999840e+00
6.971720000000000361e+00
9.433669999999999334e+00
6.472559999999999647e+00
4.437319999999999709e+00
6.988000000000000433e+00
1.039639999999999986e+01
1.369100000000000072e+01
9.366419999999999746e+00
1.676709999999999923e+01
1.462279999999999980e+01
1.459019999999999939e+01
1.816130000000000067e+01
7.330659999999999954e+00
6.604960000000000164e+00
6.293420000000000236e+00
5.390159999999999840e+00
3.635759999999999881e+00
5.261440000000000339e+00
8.051819999999999311e+00
6.083660000000000068e+00
1.315019999999999989e+01
2.109669999999999845e+01
2.086820000000000164e+01
1.695789999999999864e+01
1.554460000000000086e+01
1.155139999999999922e+01
1.307259999999999955e+01
1.509459999999999968e-01
5.451280000000000014e-02
1.402729999999999949e-02
1.895350000000000160e-02
1.027029999999999957e-02
1.871010000000000034e-02
6.721679999999999322e-02
5.375099999999999767e+00
8.607260000000000133e+00
4.837620000000000253e+00
1.068769999999999953e+01
7.170539999999999914e+00
1.721330000000000027e+01
2.067360000000000042e+01
1.729980000000000118e+01
2.306019999999999825e+01
1.783549999999999969e+01
9.449339999999999407e+00
7.771580000000000155e+00
8.231999999999999318e+00
5.653550000000000075e+00
3.909359999999999946e+00
5.955910000000000259e+00
4.574230000000000018e+00
6.125740000000000407e+00
4.975570000000000270e+00
5.554579999999999629e+00
5.204629999999999868e+00
3.127099999999999991e+00
3.698339999999999961e+00
2.768780000000000019e+00
2.621189999999999909e+00
2.780269999999999797e+00
4.039109999999999978e+00
3.696029999999999927e+00
2.315310000000000201e+00
2.575629999999999864e+00
1.994180000000000064e+00
1.229780000000000095e+00
1.274659999999999904e+00
9.511709999999999887e-01
2.145290000000000141e+00
2.174189999999999845e+00
3.068459999999999965e+00
2.729499999999999815e+00
1.951300000000000034e+00
1.990690000000000071e+00
1.449740000000000029e+00
2.032739999999999991e+00
1.583720000000000017e+00
8.061840000000000117e-01
7.855240000000000000e-01
1.289120000000000044e+00
1.021539999999999893e+00
1.074240000000000084e+00
1.041770000000000085e+00
7.473670000000000035e-01
5.920800000000000507e-01
8.304989999999999872e-01
1.036100000000000021e+00
2.195809999999999818e+00
3.541549999999999976e+00
6.217259999999999565e+00
5.159299999999999997e+00
6.193419999999999703e+00
3.935400000000000009e+00
4.910820000000000185e+00
3.044319999999999915e+00
1.144069999999999920e+00
5.496349999999999847e-01
4.071219999999999839e-01
3.193639999999999812e-01
3.267030000000000212e-01
1.956680000000000086e-01
2.075410000000000033e-01
1.300109999999999877e-01
8.845970000000000222e-02
6.102309999999999679e-02
4.393539999999999945e-02
6.645249999999999768e-02
5.627650000000000013e-02
3.106729999999999908e-02
3.394819999999999782e-02
2.245849999999999930e-02
1.108460000000000001e-02
1.040050000000000002e-02
1.101760000000000066e-02
2.137249999999999914e-02
2.886210000000000164e-02
2.577549999999999980e-02
2.046680000000000027e-02
2.327649999999999858e-02
2.169630000000000170e-02
1.700290000000000135e-02
1.665430000000000035e-02
1.642240000000000019e-02
1.767989999999999839e-02
3.314140000000000141e-02
3.453889999999999738e-02
4.207229999999999998e-02
8.024879999999999514e-02
6.755379999999999718e-02
7.136610000000000176e-02
1.145189999999999958e-01
1.782209999999999905e-01
1.609899999999999942e-01
1.294810000000000128e-01
6.961259999999999670e-02
4.308809999999999724e-02
2.731820000000000082e-02
2.026000000000000023e-02
1.998290000000000136e-02
1.017479999999999947e-02
1.128949999999999919e-02
6.261680000000000371e-03
4.822929999999999578e-03
3.534030000000000071e-03
3.689640000000000107e-03
4.859439999999999593e-03
7.279260000000000071e-03
8.834540000000000101e-03
9.213310000000000596e-03
5.927220000000000405e-03
5.668519999999999809e-03
7.521439999999999897e-03
1.385620000000000081e-02
2.179609999999999881e-02
2.187050000000000105e-02
2.741999999999999993e-02
1.440499999999999940e-02
9.284699999999999898e-03
7.881900000000000711e-03
8.371170000000000694e-03
5.539819999999999987e-03
5.343030000000000349e-03
4.166040000000000194e-03
4.113030000000000158e-03
3.946210000000000342e-03
3.158139999999999819e-03
3.560830000000000072e-03
3.992980000000000140e-03
1.291890000000000052e-02
1.516999999999999946e-02
1.707790000000000002e-02
2.021109999999999920e-02
2.445999999999999910e-02
2.266790000000000124e-02
2.834439999999999876e-02
2.669540000000000107e-02
2.120850000000000166e-02
1.909059999999999924e-02
1.702189999999999953e-02
1.749749999999999917e-02
1.633520000000000111e-02
1.063479999999999981e-02
5.535080000000000382e-03
2.955059999999999805e-03
1.850880000000000060e-03
8.231020000000000350e-04
4.322609999999999734e-04
2.976219999999999907e-04
4.298540000000000217e-04
5.275489999999999867e-04
7.563020000000000376e-04
7.703410000000000162e-04
1.458810000000000055e-03
2.448969999999999966e-03
2.530950000000000127e-03
2.093810000000000202e-03
3.710289999999999877e-04
7.569939999999999829e-04
2.648980000000000106e-04
5.907529999999999596e-04
2.967250000000000161e-04
2.416720000000000131e-04
