1.030757090981787272e+01
1.029839890307053096e+01
1.028833643352407634e+01
1.027704506735081225e+01
1.026469270929641908e+01
1.025118544235682094e+01
1.023562186067346502e+01
1.021836217295443205e+01
1.020337017778184929e+01
1.019399509825902328e+01
1.018863323183151692e+01
1.018457503565442579e+01
1.018021192234894201e+01
1.017695031194786104e+01
1.017527401698122169e+01
1.017112943692618465e+01
1.016646859767507216e+01
1.016370390406931179e+01
1.015910980037206457e+01
1.015397026824638083e+01
1.014656211315755741e+01
1.013522172828856327e+01
1.012521442608216127e+01
1.011437409238393670e+01
1.010012230590994520e+01
1.008463703916670973e+01
1.006503417021043134e+01
1.004076447809345574e+01
1.001419280420430979e+01
9.990775150362591006e+00
9.976937964972012907e+00
9.969913760800332980e+00
9.967092383314128057e+00
9.969321773948760068e+00
9.968909095175289892e+00
9.968172760886679029e+00
9.969039236237536628e+00
9.970481235642658646e+00
9.966185864206227762e+00
9.947876613601058793e+00
9.918021944539894719e+00
9.876824966284798890e+00
9.868304627259826489e+00
9.870464187256366984e+00
9.872828471504652370e+00
9.875402774074199641e+00
9.878537305741449615e+00
9.877084409388290354e+00
9.868794270587489592e+00
9.856537372012011744e+00
9.833066112584122109e+00
9.816591246729055698e+00
9.819640653996865254e+00
9.823297475782457155e+00
9.828075719247125974e+00
9.809311186694801066e+00
9.772442001370430731e+00
9.755043567634267276e+00
9.737888864504142816e+00
9.719594767434278637e+00
9.712371024108660933e+00
9.709286925272698099e+00
9.709763351286520461e+00
9.713673630602489339e+00
9.712462813795777805e+00
9.703853447097381846e+00
9.692387716298471290e+00
9.677163307883823506e+00
9.655947658851728121e+00
9.630283425205501402e+00
9.602907124558923257e+00
9.572196411591708198e+00
9.536804557193802268e+00
9.497736630275774417e+00
9.463187994418243321e+00
9.439271098608701394e+00
9.419359216144872704e+00
9.394185418732522663e+00
9.368688444843462193e+00
9.338787069062007618e+00
9.297618275511059238e+00
9.248071400919201324e+00
9.201536403987969237e+00
9.156000637020630606e+00
9.111638828762554709e+00
9.079673167757437824e+00
9.029253875797781603e+00
8.958413836988817991e+00
8.893601992174083648e+00
8.850220920685661241e+00
8.822177236082850982e+00
8.808878449223009000e+00
8.768493805687874953e+00
8.761891019507570988e+00
8.756914393464096946e+00
8.750614062890518241e+00
8.741706919905844586e+00
8.734997336673108848e+00
8.728450371360469973e+00
8.718145304952281904e+00
8.677232714343464437e+00
8.632930809747792367e+00
8.599746651629059713e+00
8.523710057364759507e+00
8.420107642427481665e+00
8.330320410295009026e+00
8.254504572978657251e+00
8.189361157158222326e+00
8.142636580700752802e+00
8.093687784113019035e+00
8.046943664614056857e+00
8.007367924220320177e+00
7.975730886148544307e+00
7.950493857678379683e+00
7.930756534451548490e+00
7.918815866798301073e+00
7.906319954389807059e+00
7.892045045749179089e+00
7.881107213217134699e+00
7.872795293727615551e+00
7.866076935968091099e+00
7.858477643412150826e+00
7.846986212575891351e+00
7.834033926752343113e+00
7.824920119971388033e+00
7.817759007181384945e+00
7.810922403862440966e+00
7.803868680908257360e+00
7.795451070068311061e+00
7.784973709954400967e+00
7.776539201159526904e+00
7.768840774031311014e+00
7.760235455255383386e+00
7.753134745972265485e+00
7.748070906810236913e+00
7.743010901986167482e+00
7.736687262695062905e+00
7.728703512049255764e+00
7.720927944464067494e+00
7.716135282299249276e+00
7.711256211095394164e+00
7.707393867849127389e+00
7.705824384625026724e+00
7.703953065378382981e+00
7.702259887233630309e+00
7.698555489645322325e+00
7.692737671225669871e+00
7.686958742737001415e+00
7.683274937983922470e+00
7.681395927232269827e+00
7.677326760661564720e+00
7.670628939666591428e+00
7.657301628413643257e+00
7.642140904722095840e+00
7.620703287480775856e+00
7.541990879779469026e+00
7.470156073390828766e+00
7.399107558599260948e+00
7.311518642795836520e+00
7.203051934600595452e+00
7.084472606796334837e+00
6.973503771399482964e+00
6.856031284738468123e+00
6.757638922804894754e+00
6.646480186691958281e+00
6.519867354029683426e+00
6.404821747709447344e+00
6.293225503786864294e+00
6.190379327856404323e+00
6.110023748872541738e+00
6.038528763741101812e+00
5.962444158589650378e+00
5.895382208928076295e+00
5.844582164152375192e+00
5.793046140242928743e+00
5.747077606652614357e+00
5.690267865632181454e+00
5.606586638981726267e+00
5.522893945321205145e+00
5.475896265925391582e+00
5.437579347308377997e+00
5.409853692563475924e+00
5.385048302649916074e+00
5.360487382789446364e+00
5.335892980155125365e+00
5.293282982020857119e+00
5.272957261326323142e+00
5.250110029922434585e+00
5.225678791813288093e+00
5.208844289340738065e+00
5.188501006383120284e+00
5.162438938825712142e+00
5.140115051895715048e+00
5.118965382453219526e+00
5.096708453603054245e+00
5.074403152505961856e+00
5.054111066340912117e+00
5.041072768692391293e+00
5.031299371937025811e+00
5.020597428219555347e+00
5.010622165020867769e+00
5.002800834337806535e+00
4.996529183675396446e+00
4.989955902926753950e+00
4.980288411677839200e+00
4.967296592986436110e+00
4.954212590344457823e+00
4.935060145711901214e+00
4.906165817193047118e+00
4.878736591761315466e+00
4.850445273899206988e+00
4.813559640234863046e+00
4.772445668366806615e+00
4.738906549007836588e+00
4.716311416386951727e+00
4.703176124291091220e+00
4.693794637322778129e+00
4.678569362401708176e+00
4.662423485086934605e+00
4.649477977031023279e+00
4.637301561190627197e+00
4.627386341698366046e+00
