1.184870000000000090e+00
2.973899999999999988e+00
1.095830000000000082e+00
3.747149999999999787e-02
2.595099999999999837e-02
4.518230000000000163e-02
1.179659999999999931e+00
2.144050000000000011e+00
6.525059999999999860e+00
5.278680000000000178e-02
2.093659999999999966e-02
2.157730000000000065e-02
2.720969999999999986e-02
2.022900000000000045e-02
1.229290000000000070e-02
9.839999999999999789e-03
6.023360000000000172e-03
4.968539999999999589e-03
4.118310000000000026e-03
4.979520000000000300e-03
5.189299999999999989e-03
9.637939999999999355e-03
1.591069999999999984e-02
4.700619999999999798e-02
3.383929999999999882e+00
2.045710000000000139e+00
2.388879999999999892e+00
1.912109999999999851e-02
1.666990000000000138e-02
7.407150000000000123e-01
2.367350000000000065e+00
4.185749999999999638e+00
5.533030000000000115e+00
4.482840000000000380e+00
2.427999999999999936e+00
2.970540000000000180e+00
3.683600000000000207e+00
7.102579999999999449e-01
8.464939999999999964e-02
1.767910000000000093e+00
4.378829999999999778e+00
1.177270000000000039e+01
1.449510000000000076e+01
1.736260000000000048e+01
1.656850000000000023e+01
1.262049999999999983e+01
1.113710000000000022e+01
4.584419999999999717e+00
4.306569999999999787e+00
4.255560000000000009e+00
3.486779999999999990e+00
2.684390000000000054e+00
1.408490000000000020e+00
2.700429999999999775e-01
4.562789999999999901e-01
4.102520000000000056e-01
2.004710000000000103e-01
2.242639999999999911e-01
4.183640000000000080e-04
1.684690000000000076e-01
4.990519999999999678e-02
1.147920000000000051e-01
1.351360000000000061e-01
1.947939999999999949e-01
3.081980000000000275e-01
3.937519999999999909e-01
3.924270000000000258e-01
3.830779999999999741e-01
6.455969999999999764e-01
8.028210000000000068e-01
8.509889999999999954e-01
4.695320000000000049e-01
2.224470000000000058e-01
1.503110000000000002e-01
1.189930000000000015e-01
6.081550000000000150e-02
4.851869999999999794e-02
5.340269999999999739e-02
5.644389999999999824e-02
5.206519999999999898e-02
4.226479999999999820e-02
5.734729999999999689e-02
3.125990000000000019e-02
2.409789999999999849e-02
7.598570000000000324e-02
7.799749999999999739e-02
7.797419999999999352e-02
1.511520000000000086e-01
9.395470000000000210e-02
8.004730000000000179e-02
6.262170000000000236e-02
7.893909999999999816e-02
1.256240000000000134e-01
2.049989999999999868e-01
1.865769999999999929e-01
2.059840000000000004e-01
1.979390000000000038e-01
2.832979999999999943e-01
2.288620000000000099e-01
2.797259999999999747e-01
1.732499999999999873e-01
7.847450000000000259e-02
6.586140000000000050e-02
4.564030000000000170e-02
4.937380000000000241e-02
5.762599999999999667e-02
6.333590000000000053e-02
5.869869999999999949e-02
4.156209999999999766e-02
3.087339999999999876e-02
1.617680000000000159e-02
9.041739999999999500e-03
7.859859999999999763e-03
9.782759999999999720e-03
8.728349999999999304e-03
1.218729999999999987e-02
1.219109999999999985e-02
1.296510000000000024e-02
1.130779999999999980e-02
1.065119999999999956e-02
6.592159999999999687e-03
6.476209999999999606e-03
7.888420000000000154e-03
1.080479999999999982e-02
1.270169999999999980e-02
1.673389999999999947e-02
1.135650000000000028e-02
8.508329999999999713e-03
9.951599999999999682e-03
1.241740000000000031e-02
7.202880000000000046e-03
8.308410000000000448e-03
1.681989999999999874e-02
1.917810000000000001e-02
1.845689999999999831e-02
1.931120000000000059e-02
2.536029999999999882e-02
1.503969999999999960e-02
1.401020000000000043e-02
2.454689999999999997e-02
3.390579999999999983e-02
3.701480000000000048e-02
2.863840000000000136e-02
2.056420000000000123e-02
1.119810000000000076e-02
1.054569999999999987e-02
7.153160000000000421e-03
7.079099999999999629e-03
7.462650000000000360e-03
7.041409999999999683e-03
7.441849999999999854e-03
1.049169999999999964e-02
1.537690000000000064e-02
2.021150000000000030e-02
2.647029999999999869e-02
1.643340000000000078e-02
1.476930000000000083e-02
3.416580000000000311e-02
1.922909999999999897e-02
3.475720000000000198e-02
1.257239999999999920e-02
9.857509999999999883e-03
5.051619999999999722e-03
3.658670000000000151e-03
1.674050000000000061e-03
1.719679999999999907e-03
3.245350000000000144e-03
1.449999999999999900e-03
3.099929999999999982e-04
1.201100000000000003e-04
8.427139999999999414e-05
6.592369999999999361e-05
2.150449999999999985e-04
2.071630000000000086e-04
7.925379999999999665e-05
3.601820000000000016e-05
3.054709999999999761e-05
2.869489999999999864e-05
4.995620000000000122e-05
8.177070000000000638e-05
7.680150000000000659e-05
5.651209999999999719e-05
3.952869999999999984e-05
1.076059999999999994e-04
1.566729999999999956e-04
1.294909999999999974e-04
1.967319999999999995e-04
2.370969999999999968e-04
4.569599999999999753e-05
5.027520000000000274e-05
3.801470000000000044e-05
3.941689999999999864e-05
3.943779999999999703e-05
5.590699999999999853e-05
2.811500000000000102e-05
2.511300000000000164e-05
1.970420000000000017e-05
1.795850000000000094e-05
2.506310000000000064e-05
1.766389999999999871e-05
1.239589999999999934e-05
9.436319999999999466e-06
8.435520000000000510e-06
2.077700000000000030e-06
