1.040791412224399259e+01
1.039723588111391450e+01
1.038577781284489987e+01
1.037493155397818789e+01
1.036387135107687207e+01
1.035825092880917353e+01
1.035890140919815039e+01
1.035979944767835903e+01
1.036067670530388973e+01
1.035960784479720687e+01
1.035852493404699004e+01
1.035959076717055893e+01
1.036075998107137686e+01
1.036202230111974210e+01
1.036332047236376397e+01
1.036467291837345783e+01
1.036608846839649445e+01
1.036755531520108953e+01
1.036907663814884373e+01
1.037064259995690563e+01
1.037228587334527674e+01
1.037407714498984213e+01
1.037599994762811306e+01
1.037809615227853222e+01
1.037949768906896608e+01
1.037756849740023846e+01
1.037418357937154312e+01
1.036818271613198661e+01
1.036354053163298161e+01
1.036195059083260972e+01
1.036246173971061602e+01
1.036354241200092829e+01
1.036413244526630351e+01
1.036697924490957412e+01
1.037020581055656443e+01
1.037107710248156245e+01
1.037053529411736896e+01
1.036981862569830426e+01
1.036457538269629808e+01
1.035602777038045907e+01
1.034559131346043692e+01
1.032844280601771736e+01
1.030601735008411879e+01
1.028344370820615872e+01
1.025638095303164121e+01
1.022358678804606491e+01
1.018303625859845774e+01
1.013707229831733159e+01
1.008734832671689752e+01
1.001988445738159328e+01
9.947759075760622238e+00
9.904986962104818105e+00
9.868766070829716242e+00
9.796851055731195856e+00
9.684646114757887503e+00
9.566749694843128538e+00
9.486132817845703613e+00
9.432143185901528781e+00
9.391503202143264062e+00
9.358096724858262050e+00
9.326005917648640064e+00
9.307793310203447135e+00
9.303584803812464443e+00
9.300512877484138130e+00
9.288128447182746328e+00
9.271676682668140046e+00
9.252333507967755111e+00
9.230121800013101563e+00
9.209016093665102431e+00
9.190869330031683049e+00
9.175041894963428035e+00
9.162367226720876445e+00
9.153140804109975548e+00
9.145171535281400921e+00
9.136279708924176290e+00
9.127807527297987278e+00
9.120155886135224321e+00
9.115470716240571036e+00
9.112390482151647930e+00
9.106663364784523651e+00
9.095538954876555948e+00
9.081624505185082796e+00
9.068286071987401442e+00
9.059127769083360704e+00
9.054923154164423948e+00
9.050526687684188332e+00
9.039544982726480882e+00
9.012714930401038771e+00
8.986322880673201396e+00
8.955663221361046311e+00
8.910012547207339040e+00
8.868648552125510065e+00
8.851096222633515254e+00
8.828596745268683321e+00
8.804531279569189905e+00
8.780279858928118131e+00
8.736937240644774505e+00
8.677847755157968024e+00
8.627219359927607911e+00
8.582287273800734084e+00
8.517678765524397733e+00
8.436904926345532019e+00
8.355430446658472121e+00
8.253943462669258935e+00
8.140790776625301817e+00
8.058099421562525677e+00
7.966965406418306195e+00
7.852165748431689352e+00
7.736262607376258593e+00
7.654705846613684805e+00
7.597595374462257745e+00
7.528938542941948420e+00
7.454384416244199230e+00
7.363752961708640576e+00
7.254381287605036199e+00
7.162181915624158179e+00
7.101148819991501604e+00
7.046506870227672970e+00
6.974554981864310221e+00
6.903937120222904511e+00
6.852969518863700316e+00
6.802955612131228236e+00
6.752517847027963427e+00
6.723567309952928284e+00
6.707348714612181517e+00
6.692445914750180691e+00
6.677317630843660368e+00
6.655770200228778855e+00
6.616545877547981291e+00
6.571794983562444514e+00
6.527906884672572296e+00
6.474827926034441461e+00
6.433715443733199812e+00
6.408597771531805876e+00
6.396167951179106304e+00
6.389080989762620177e+00
6.382307076045783845e+00
6.368972658657432007e+00
6.353839323804542971e+00
6.335373641392652466e+00
6.281006080873367203e+00
6.254062033439732993e+00
6.228949296617567022e+00
6.200609764415587755e+00
6.158359476150875089e+00
6.096993389544690167e+00
6.031465019850378084e+00
5.949082475850270058e+00
5.855256803763239759e+00
5.766568986577362388e+00
5.687912255323682942e+00
5.620824963795066687e+00
5.544300019722702366e+00
5.466814256661567839e+00
5.400827997801347813e+00
5.360337759627189058e+00
5.332848321243256251e+00
5.309664228402497521e+00
5.280280088833452012e+00
5.185986703729297709e+00
5.163852831928111620e+00
5.143923056290373275e+00
5.126478833774500643e+00
5.107091201011833448e+00
5.089912173080879398e+00
5.070340843007142162e+00
5.051333923140980176e+00
5.032916782799791378e+00
5.007026198847846388e+00
4.979945613398482074e+00
4.946990378052797510e+00
4.912488823825169604e+00
4.766022997001907235e+00
4.724184904060685142e+00
4.630142998345800898e+00
4.470338445631404589e+00
4.282830487984201184e+00
4.045416870146206989e+00
3.717593953933879813e+00
3.366069774269444537e+00
3.149853150763445520e+00
3.106442490713704707e+00
3.087753031621624178e+00
3.077636757544855772e+00
3.067918521336424842e+00
3.059040586854334887e+00
3.052158918676650234e+00
3.044367262627015513e+00
3.032514001866944309e+00
3.013456601166247140e+00
2.992625967836506806e+00
2.954748409015663047e+00
2.885035942875326498e+00
2.807258263197317305e+00
2.731621799317660582e+00
2.675253939875043230e+00
2.646526252527141576e+00
2.616226524044969803e+00
2.577137786011928888e+00
2.521312028280997097e+00
2.420290835078773739e+00
2.322242042896715208e+00
2.246323744541160128e+00
2.124712844740733519e+00
1.978639685525944936e+00
1.791171851999453501e+00
1.528637788538791398e+00
1.145988418583676616e+00
7.267826126683840648e-01
5.203262936073207445e-01
3.018283632375546310e-01
5.225904509390510988e-02
-2.103318737182651998e-01
-4.309082978777424300e-01
-9.019310997211138492e-01
