7.080860000000000376e+00
4.342949999999999866e-01
5.776119999999999866e-02
7.705320000000000391e+00
8.646319999999999562e-01
6.418989999999999418e-02
8.548830000000000318e-02
2.826599999999999946e-02
2.394599999999999854e-02
7.983419999999999961e-01
1.380489999999999995e+00
9.386440000000000339e-01
3.611650000000000277e-02
1.530749999999999993e-02
1.328979999999999918e-02
1.516050000000000036e-02
1.923889999999999975e-02
2.576880000000000143e-02
8.538759999999999406e-02
5.968060000000000032e-02
1.470909999999999995e-01
1.006939999999999918e-02
8.116129999999999178e-03
1.320630000000000068e-02
8.368880000000000416e-03
1.033569999999999975e-02
1.379769999999999955e-02
1.656409999999999827e-02
1.792289999999999855e-02
4.352369999999999850e-02
5.625840000000000007e-02
3.563340000000000257e-02
2.893799999999999845e-02
2.557859999999999995e-02
3.549150000000000221e-02
3.898959999999999926e-02
2.838529999999999998e+00
4.199010000000000242e-02
2.911369999999999930e-02
2.630129999999999968e-02
2.217049999999999924e-02
1.817730000000000040e-02
4.124760000000000232e-02
3.181929999999999925e+00
4.314939999999999748e-02
9.341040000000000454e-02
3.460869999999999891e+00
2.774649999999999839e+00
4.522090000000000387e+00
5.793720000000000425e+00
1.121799999999999997e+01
1.102100000000000080e+01
6.824970000000000425e+00
6.093810000000000393e+00
7.131470000000000198e+00
4.951100000000000279e+00
4.788719999999999644e+00
5.246879999999999988e+00
6.962509999999999977e+00
3.698539999999999939e+00
5.500989999999999824e+00
5.862079999999999735e+00
5.873939999999999717e-02
7.789060000000000428e-02
6.923250000000000348e+00
1.110720000000000063e+01
9.600669999999999149e+00
7.005749999999999922e+00
3.134389999999999787e+00
4.203680000000000305e+00
6.381029999999999980e+00
5.168949999999999712e+00
3.280559999999999921e+00
1.966299999999999992e-02
6.662500000000000366e-02
2.667219999999999924e+00
8.633609999999999896e-03
4.860009999999999677e-03
2.823409999999999975e+00
2.693649999999999878e+00
3.277120000000000033e+00
4.121410000000000018e+00
1.598379999999999912e+00
2.861019999999999897e+00
3.609449999999999825e+00
3.166790000000000216e+00
3.037160000000000082e+00
1.974189999999999889e+00
1.420199999999999907e+00
7.070800000000000418e-01
1.181349999999999900e+00
1.550130000000000008e+00
1.729819999999999913e+00
1.671359999999999957e+00
1.183110000000000106e+00
1.816680000000000073e+00
1.768129999999999979e+00
2.213299999999999823e+00
7.466260000000000119e+00
8.011359999999999815e+00
4.844640000000000057e+00
4.595830000000000304e+00
4.217990000000000350e+00
2.364419999999999966e+00
1.477619999999999933e+00
1.183489999999999931e+00
1.137170000000000014e+00
8.475639999999999841e-01
1.597079999999999889e-01
1.256750000000000089e-01
9.822939999999999450e-02
9.921910000000000451e-02
1.585040000000000060e-01
2.381659999999999888e-01
3.219020000000000215e-01
1.585779999999999967e-01
1.482549999999999979e-01
2.939010000000000233e-01
2.827959999999999918e-01
3.993689999999999740e-01
3.265879999999999894e-01
3.123659999999999770e-01
3.199319999999999942e-01
4.137399999999999967e-01
7.516490000000000116e-01
1.174749999999999961e+00
7.275880000000000125e-01
4.914439999999999920e-01
4.936860000000000137e-01
5.496079999999999854e-01
6.233340000000000547e-01
7.272600000000000176e-01
5.617090000000000138e-01
3.046479999999999744e-01
3.130450000000000177e-01
2.941389999999999838e-01
2.454409999999999925e-01
2.955920000000000214e-01
2.361620000000000108e-01
1.636060000000000014e-01
1.847270000000000023e-01
1.447789999999999910e-01
2.405720000000000081e-01
3.221410000000000107e-01
4.150469999999999993e-01
2.421750000000000014e-01
2.632689999999999753e-01
3.058250000000000135e-01
2.639400000000000079e-01
3.125950000000000117e-01
4.601319999999999855e-01
4.568039999999999878e-01
5.101069999999999771e-01
5.326999999999999513e-01
4.809370000000000034e-01
5.238930000000000531e-01
6.149430000000000174e-01
9.496769999999999934e-01
1.001179999999999959e+00
7.904390000000000027e-01
7.858929999999999527e-01
4.935490000000000155e-01
6.256209999999999827e-01
4.624599999999999822e-01
4.360760000000000192e-01
4.066649999999999987e-01
3.069219999999999726e-01
2.892609999999999904e-01
3.923849999999999838e-01
5.523850000000000149e-01
3.824009999999999909e-01
5.012860000000000094e-01
7.776899999999999924e-01
5.897369999999999557e-01
5.217309999999999448e-01
4.283410000000000273e-01
3.907070000000000265e-01
5.506879999999999553e-01
4.960669999999999802e-01
4.231909999999999838e-01
3.694830000000000059e-01
2.490290000000000004e-01
1.534810000000000063e-01
1.459380000000000122e-01
1.359859999999999958e-01
1.522870000000000057e-01
1.642000000000000126e-01
6.759719999999999618e-02
6.504699999999999371e-02
3.320590000000000347e-02
3.243619999999999837e-02
2.600109999999999921e-02
3.354739999999999805e-02
2.353879999999999861e-02
2.166500000000000023e-02
1.807490000000000138e-02
1.314979999999999968e-02
1.825550000000000089e-02
1.518830000000000006e-02
1.520729999999999998e-02
9.475370000000000320e-03
4.320489999999999747e-03
4.940840000000000162e-03
4.274659999999999571e-03
5.922499999999999813e-03
4.004070000000000198e-03
5.124540000000000345e-03
4.501859999999999890e-03
9.371920000000000597e-03
9.767460000000000378e-03
7.702350000000000169e-03
7.452839999999999639e-03
9.585089999999999236e-03
1.613169999999999882e-02
1.606329999999999911e-02
1.310739999999999995e-02
2.595029999999999906e-02
2.257500000000000132e-02
2.951000000000000151e-02
3.601120000000000015e-02
3.943300000000000277e-02
4.897730000000000139e-02
3.611620000000000108e-02
3.078310000000000074e-02
3.488419999999999715e-02
3.237199999999999800e-02
1.942299999999999929e-02
4.901009999999999915e-03
1.601889999999999911e-03
1.292390000000000032e-03
6.570180000000000171e-05
7.408579999999999463e-05
2.542099999999999937e-05
1.199209999999999992e-05
4.731649999999999572e-03
2.152330000000000042e-03
