4.876750000000000362e+00
4.956209999999999560e+00
4.982540000000000191e+00
4.759009999999999962e+00
4.793029999999999902e+00
4.960020000000000095e+00
7.074089999999999989e+00
8.455669999999999575e+00
1.356179999999999986e+01
1.215760000000000041e+01
9.828089999999999549e+00
4.109090000000000131e+00
2.119880000000000209e+00
1.456660000000000066e+00
1.167060000000000042e-01
1.207410000000000094e+00
5.049449999999999772e-02
1.704929999999999987e-02
1.123749999999999923e-02
1.373190000000000001e-02
1.391159999999999966e-02
6.771249999999999492e-02
3.656249999999999778e-02
2.552099999999999855e-02
3.158989999999999715e-02
1.487589999999999919e-02
4.709809999999999691e-02
1.546920000000000066e-02
1.012520000000000087e-02
1.255530000000000035e+00
3.546269999999999811e+00
4.017590000000000217e+00
2.265530000000000044e+00
3.161100000000000021e-02
5.676719999999999683e-02
8.416639999999999677e-01
4.115529999999999688e+00
3.620810000000000084e+00
2.139930000000000110e+00
1.666029999999999900e+00
7.448860000000000203e-02
1.985340000000000105e+00
3.575229999999999908e+00
3.176670000000000105e+00
3.088779999999999859e+00
4.765869999999999607e+00
8.909409999999999386e+00
8.245189999999999131e+00
5.074889999999999901e+00
2.620929999999999982e+00
3.618240000000000345e-02
3.475380000000000136e-02
1.501790000000000069e-02
7.180620000000000058e-02
4.132290000000000268e-02
2.570489999999999928e-02
1.281730000000000091e-01
1.096339999999999953e-01
6.165729999999999933e+00
1.248509999999999920e+01
1.044149999999999956e+01
1.197780000000000022e+01
1.042939999999999934e+01
1.180519999999999925e+01
1.012509999999999977e+01
1.104190000000000005e+01
2.518260000000000076e+01
1.431520000000000081e+01
1.397359999999999935e+01
9.404220000000000468e+00
1.505090000000000039e+01
1.118970000000000020e+01
1.034130000000000038e+01
8.863839999999999719e+00
6.894020000000000259e+00
4.513379999999999725e+00
6.218479999999999563e+00
1.843579999999999997e+00
1.548189999999999955e+00
1.373310000000000031e+00
1.753530000000000033e+00
2.837650000000000006e+00
1.831890000000000018e+00
1.689769999999999994e+00
2.281239999999999934e+00
2.813719999999999999e+00
3.068290000000000184e+00
3.605799999999999894e+00
3.578669999999999796e+00
3.034720000000000084e+00
2.179670000000000218e+00
1.229370000000000074e+00
8.001549999999999496e-01
5.827430000000000110e-01
3.275460000000000038e-01
2.327339999999999964e-01
1.637679999999999969e-01
1.894079999999999930e-01
1.007870000000000016e-01
1.358499999999999985e-01
1.028109999999999996e-01
1.264619999999999911e-01
1.806719999999999993e-01
2.859099999999999975e-01
2.729929999999999857e-01
2.913620000000000099e-01
4.059440000000000270e-01
3.513850000000000029e-01
4.578630000000000200e-01
5.363980000000000414e-01
4.797839999999999883e-01
4.649570000000000092e-01
3.322169999999999845e-01
4.832380000000000009e-01
2.847160000000000246e-01
3.062369999999999814e-01
4.763279999999999736e-01
3.940469999999999806e-01
2.240999999999999936e-01
1.787140000000000117e-01
1.107839999999999936e-01
8.686820000000000652e-02
6.201050000000000312e-02
4.760949999999999904e-02
5.174490000000000339e-02
4.800730000000000275e-02
3.314779999999999810e-02
2.428440000000000112e-02
1.866419999999999885e-02
1.937890000000000099e-02
2.313789999999999944e-02
2.167590000000000142e-02
1.754429999999999878e-02
2.398870000000000169e-02
2.301589999999999886e-02
2.086189999999999919e-02
2.486369999999999900e-02
2.354530000000000164e-02
2.437589999999999896e-02
3.688079999999999831e-02
3.032050000000000023e-02
2.655980000000000146e-02
4.042509999999999853e-02
5.652109999999999773e-02
6.253640000000000587e-02
6.842460000000000209e-02
6.735109999999999708e-02
7.283560000000000034e-02
5.026690000000000325e-02
4.670579999999999871e-02
3.132120000000000043e-02
3.814789999999999848e-02
2.358319999999999861e-02
1.847160000000000121e-02
1.421880000000000019e-02
1.256220000000000080e-02
1.667300000000000032e-02
1.740219999999999961e-02
1.932990000000000055e-02
1.650089999999999890e-02
1.437650000000000039e-02
2.878050000000000053e-02
2.056049999999999892e-02
1.777729999999999935e-02
1.951079999999999828e-02
1.779640000000000041e-02
1.542439999999999957e-02
1.554780000000000051e-02
1.310350000000000056e-02
1.548109999999999938e-02
1.402839999999999990e-02
1.060919999999999919e-02
1.539860000000000013e-02
1.349460000000000069e-02
2.095340000000000050e-02
3.011780000000000013e-02
3.818980000000000291e-02
2.691150000000000139e-02
2.004409999999999872e-02
2.740010000000000015e-02
3.955260000000000026e-02
2.843719999999999928e-02
3.982789999999999941e-02
2.568099999999999897e-02
2.066919999999999868e-02
1.717250000000000026e-02
1.212449999999999986e-02
1.352719999999999964e-02
9.411849999999999383e-03
1.122210000000000048e-02
6.639080000000000328e-03
9.829799999999999649e-03
5.065440000000000047e-03
6.783950000000000397e-03
7.641499999999999855e-03
7.487240000000000041e-03
7.055449999999999569e-03
8.427169999999999453e-03
6.133719999999999624e-03
7.684490000000000418e-03
9.889759999999999177e-03
7.687389999999999675e-03
1.037079999999999946e-02
1.527799999999999991e-02
1.567939999999999959e-02
1.141559999999999971e-02
7.628499999999999864e-03
9.577109999999999790e-03
8.045349999999999724e-03
9.154330000000000453e-03
6.729579999999999763e-03
4.376589999999999647e-03
3.156270000000000082e-03
4.771189999999999806e-03
2.733610000000000033e-03
4.892099999999999921e-03
8.570869999999999531e-03
9.208249999999999422e-03
7.654700000000000393e-03
1.024360000000000027e-02
1.050309999999999959e-02
