1.053486214312555980e+01
1.053198955141255055e+01
1.052934949414377108e+01
1.053037645467250272e+01
1.053141121291947080e+01
1.053250595773926435e+01
1.053254163722163028e+01
1.053075918040950398e+01
1.052905801572464028e+01
1.052916461422318051e+01
1.053035084224993412e+01
1.053156832140898302e+01
1.053280277274865107e+01
1.053274036926711688e+01
1.053091268791729007e+01
1.052866093088874599e+01
1.052665454344870888e+01
1.052411818858759140e+01
1.052120086872911742e+01
1.051927788906519190e+01
1.051894144366167794e+01
1.052030270282636515e+01
1.052173678792375355e+01
1.052329373247274980e+01
1.052495404945368307e+01
1.052671653607116120e+01
1.052864164568275740e+01
1.052862878840298322e+01
1.052700184632882241e+01
1.052743526240525718e+01
1.052948938565681658e+01
1.053018944924481914e+01
1.052972671311337294e+01
1.052900534897876383e+01
1.052704959489276426e+01
1.052251074198275838e+01
1.051394702819285953e+01
1.050350060273856556e+01
1.049874187658957148e+01
1.050137698924601715e+01
1.050431723508623350e+01
1.050760358393401184e+01
1.050942163113817429e+01
1.050830881227076752e+01
1.050751585599083526e+01
1.050514047802420414e+01
1.049428541944412352e+01
1.047787627044481873e+01
1.046111268272582429e+01
1.043939270128552366e+01
1.041371206422663498e+01
1.039124747491662859e+01
1.036955351071457443e+01
1.033996394417355447e+01
1.028839009125340098e+01
1.019764438582298993e+01
1.006822297934644972e+01
9.922997260984372403e+00
9.792269089075068322e+00
9.691542077588886528e+00
9.604173113465911626e+00
9.550299302414178015e+00
9.513453334002695883e+00
9.486192366370792328e+00
9.488567636735060873e+00
9.491168319697793621e+00
9.493973600274667746e+00
9.496219535771754039e+00
9.499505630566883241e+00
9.503410679362206182e+00
9.508171362381620639e+00
9.501502920109849981e+00
9.493771633610371907e+00
9.485745553282614040e+00
9.464526805142732258e+00
9.440361147861224822e+00
9.405071316703734752e+00
9.351798238807681685e+00
9.298711198255864119e+00
9.175856676692513147e+00
9.013208114002271287e+00
8.874739766506568373e+00
8.800066523901172388e+00
8.764467557564838529e+00
8.742164820709263040e+00
8.729817361394037079e+00
8.722193647266101024e+00
8.715852984904396195e+00
8.710718865292477631e+00
8.701534310818452411e+00
8.683326266482936262e+00
8.663102298266473156e+00
8.649054326847286589e+00
8.635888698414774467e+00
8.612939539273043010e+00
8.583812928570507594e+00
8.561841677817259466e+00
8.542105569346395200e+00
8.519201685986660166e+00
8.495935442678558047e+00
8.475318089774631858e+00
8.437566661992280004e+00
8.371115909216122475e+00
8.289615704972113974e+00
8.237691996250900317e+00
8.192628774287042503e+00
8.142248641764334494e+00
8.054957596012407350e+00
7.951439036624237566e+00
7.898398240993866892e+00
7.855893928762232470e+00
7.827234827763248859e+00
7.817609656084459679e+00
7.813826419005048152e+00
7.804997627880200461e+00
7.793784100641597767e+00
7.784831178124469453e+00
7.775919040540237859e+00
7.767192241361549954e+00
7.752949921694935576e+00
7.723788859050945810e+00
7.678449177760568567e+00
7.633238117433671199e+00
7.601749359709359943e+00
7.574811139041925045e+00
7.552787417844990969e+00
7.535248535722418595e+00
7.519213511478752388e+00
7.508314201576179236e+00
7.499032398987905523e+00
7.494066891085445548e+00
7.491718789219637742e+00
7.490527327640220001e+00
7.486708111850578717e+00
7.471181656284036521e+00
7.440042776709340444e+00
7.418385821331698438e+00
7.400123355437080441e+00
7.388197148017177973e+00
7.094069141648589927e+00
7.074845685080181745e+00
7.050495758883855046e+00
7.019519228487949292e+00
6.991397100860171854e+00
6.974025084094451543e+00
6.963142515259050036e+00
6.956277951113688296e+00
6.952032125669370011e+00
6.948152213012361855e+00
6.944894069959379301e+00
6.942739533074548497e+00
6.939369470074660207e+00
6.935647305733608547e+00
6.932674123033017111e+00
6.927956726586843139e+00
6.920610068753069832e+00
6.912726225787373835e+00
6.901891854507936408e+00
6.849117698563121692e+00
6.784680756318957506e+00
6.756293709705302852e+00
6.713329227759791351e+00
6.671949063488433751e+00
6.636784679835329825e+00
6.601590699824455122e+00
6.573893429740677696e+00
6.549983611159689190e+00
6.527555149394171252e+00
6.508187535214861263e+00
6.490104625143174211e+00
6.474023849405392106e+00
6.461905018605914819e+00
6.445972963489760232e+00
6.426052325914417551e+00
6.405880574039279907e+00
6.384715324733671871e+00
6.360954859653872084e+00
6.331973617137496291e+00
6.304016336520765762e+00
6.277877271162505934e+00
6.254886293888967330e+00
6.238452593218433151e+00
6.222373060730303607e+00
6.202003074824334661e+00
6.172842194238304714e+00
6.127953112255235979e+00
6.053524039233567855e+00
5.922341324101861204e+00
5.847586847508473795e+00
5.779304939977697231e+00
5.674750946340830993e+00
5.484795079754158920e+00
5.298241578496486248e+00
5.195262958342061310e+00
5.069301714524998559e+00
4.913238826123410341e+00
4.766050536071831267e+00
4.648757038107728334e+00
4.569140896707346577e+00
4.495630355410384915e+00
4.430650614301921308e+00
4.381277572151482502e+00
4.342610176596625848e+00
4.313175171261091734e+00
4.280273255558532775e+00
4.242123827857775531e+00
4.196623794562093224e+00
4.151875262393539323e+00
4.116315459765344187e+00
4.071432758698652066e+00
4.003443297859543115e+00
3.924985474166647226e+00
3.856141380187135592e+00
3.778569419348815295e+00
3.688427831458232387e+00
3.598072288070947700e+00
3.500336663954641381e+00
3.421149654227562564e+00
3.389837392236257685e+00
3.361508745286151179e+00
3.327787907593050321e+00
3.248561741359574206e+00
3.064252024908201921e+00
2.828453009685666153e+00
2.654440312510161881e+00
2.486436146608404840e+00
2.366338892093877710e+00
2.180105795034236849e+00
1.960221450438497381e+00
1.670426771419545320e+00
1.340414367623975700e+00
1.187337376028351210e+00
8.086956532821110155e-01
