3.268689999999999873e+00
3.541119999999999823e+00
3.938600000000000101e+00
5.704700000000000049e-02
7.717759999999999898e-02
3.009160000000000057e+00
2.869250000000000078e+00
2.697589999999999932e+00
3.237560000000000215e+00
3.961829999999999963e+00
4.050410000000000288e+00
3.635470000000000201e+00
2.921910000000000007e+00
3.578899999999999970e+00
6.316779999999999617e+00
5.204819999999999780e+00
5.551989999999999981e+00
5.705720000000000347e+00
3.996100000000000207e+00
3.931989999999999874e+00
3.545999999999999819e+00
2.343939999999999912e+00
3.203949999999999854e+00
2.631060000000000176e+00
2.852349999999999941e+00
3.049450000000000216e+00
2.949300000000000033e+00
3.800440000000000040e+00
3.907059999999999977e+00
2.256709999999999994e+00
1.450739999999999919e+00
8.164569999999999467e-03
1.259610000000000070e-02
2.228549999999999975e-01
2.141039999999999957e-02
1.180890000000000065e-02
1.232629999999999892e+00
1.369140000000000024e+00
4.997400000000000175e-01
8.898430000000000575e-03
5.219070000000000133e-03
3.644520000000000051e-03
5.830159999999999787e-01
6.583229999999999915e-01
2.016779999999999795e+00
1.221799999999999997e+00
3.246119999999999894e+00
1.726809999999999956e+00
1.188549999999999995e+00
9.773239999999999705e-01
1.010569999999999968e+00
5.924469999999999459e-01
8.760769999999999946e-01
1.364519999999999955e+00
2.087229999999999919e+00
2.496249999999999858e+00
3.585850000000000204e+00
4.054540000000000255e+00
5.383689999999999642e+00
5.362529999999999575e+00
5.134800000000000253e+00
4.255919999999999703e+00
3.021349999999999980e+00
1.411299999999999999e+00
1.042669999999999986e+00
6.695689999999999698e-01
3.868699999999999917e-01
2.751319999999999877e-01
1.861099999999999977e-01
2.235979999999999912e-01
1.543700000000000072e-01
2.245419999999999916e-01
1.285449999999999926e-01
1.877500000000000002e-01
2.517460000000000253e-01
2.516419999999999768e-01
1.584840000000000138e-01
1.373910000000000131e-01
1.005680000000000046e-01
7.222810000000000341e-02
7.663449999999999429e-02
5.532139999999999974e-02
5.457669999999999882e-02
7.373860000000000137e-02
7.328700000000000492e-02
3.661699999999999677e-02
4.775959999999999928e-02
3.642340000000000161e-02
4.495020000000000265e-02
3.407480000000000231e-02
6.577760000000000551e-02
1.069240000000000052e-01
9.462840000000000140e-02
9.174160000000000648e-02
1.107780000000000015e-01
8.452850000000000641e-02
1.008550000000000002e-01
1.670200000000000018e-01
1.588170000000000137e-01
1.878269999999999940e-01
1.514689999999999925e-01
1.749529999999999974e-01
1.362379999999999980e-01
1.016350000000000031e-01
1.396209999999999951e-01
9.463140000000000440e-02
6.387990000000000335e-02
3.379719999999999946e-02
2.096419999999999881e-02
1.531070000000000000e-02
1.930219999999999853e-02
1.489569999999999957e-02
1.056600000000000074e-02
9.338749999999999829e-03
1.113250000000000003e-02
1.045079999999999967e-02
1.487409999999999947e-02
1.387429999999999913e-02
1.040849999999999935e-02
1.492100000000000024e-02
1.519619999999999999e-02
1.177719999999999982e-02
8.945530000000000148e-03
1.161730000000000054e-02
1.146780000000000022e-02
1.539929999999999945e-02
1.265170000000000010e-02
1.396290000000000031e-02
2.606850000000000139e-02
1.748970000000000038e-02
2.218180000000000152e-02
2.021840000000000095e-02
3.120349999999999860e-02
3.572589999999999794e-02
4.983440000000000092e-02
4.174390000000000045e-02
3.095420000000000116e-02
2.136980000000000129e-02
3.320000000000000034e-02
1.925040000000000084e-02
2.148639999999999925e-02
2.358560000000000170e-02
3.508089999999999820e-02
5.884829999999999922e-02
3.544440000000000091e-02
2.987499999999999878e-02
2.852740000000000137e-02
2.463610000000000105e-02
1.434919999999999946e-02
1.116609999999999998e-02
1.301040000000000009e-02
1.191829999999999973e-02
1.239039999999999933e-02
9.467530000000000043e-03
8.187460000000000571e-03
8.059059999999999835e-03
6.413069999999999882e-03
6.018309999999999806e-03
5.553849999999999933e-03
6.333140000000000124e-03
3.526479999999999806e-03
4.957249999999999851e-03
3.917789999999999988e-03
4.926360000000000287e-03
7.189110000000000292e-03
1.108660000000000027e-02
8.361699999999999688e-03
7.632690000000000134e-03
8.745350000000000693e-03
5.499500000000000048e-03
5.982359999999999935e-03
6.404179999999999769e-03
5.460190000000000182e-03
4.684989999999999988e-03
2.998189999999999970e-03
4.634459999999999968e-03
2.664179999999999934e-03
2.466490000000000002e-03
3.688270000000000003e-03
3.648349999999999857e-03
3.787800000000000021e-03
4.690449999999999654e-03
4.645080000000000216e-03
5.227179999999999674e-03
5.538600000000000294e-03
4.410749999999999740e-03
4.652169999999999743e-03
4.392069999999999655e-03
3.536779999999999785e-03
2.960420000000000065e-03
2.647800000000000067e-03
2.673950000000000025e-03
3.918930000000000156e-03
4.767949999999999966e-03
4.615809999999999705e-03
8.000929999999999848e-03
1.021610000000000053e-02
1.161470000000000037e-02
1.372029999999999951e-02
1.552560000000000051e-02
1.461289999999999985e-02
2.083089999999999942e-02
9.400320000000000203e-03
6.739509999999999772e-03
8.470490000000000658e-03
9.568709999999999369e-03
6.914140000000000043e-03
6.488329999999999619e-03
6.446419999999999581e-03
8.253649999999999529e-03
5.665080000000000289e-03
7.239500000000000275e-03
6.639489999999999628e-03
9.156910000000000743e-03
5.446949999999999882e-03
4.511669999999999743e-03
3.947400000000000214e-03
1.982209999999999875e-03
1.891129999999999981e-03
7.258670000000000486e-04
