1.038968161375044374e+01
1.038344731598355786e+01
1.037697639722266096e+01
1.037025950751046288e+01
1.036320005086662199e+01
1.035561432609096677e+01
1.034639796659335431e+01
1.033552008159080771e+01
1.032370781861548537e+01
1.031000043718550430e+01
1.029954869961295039e+01
1.029434054916953478e+01
1.028880124707979427e+01
1.028519712281096865e+01
1.028172859117746896e+01
1.027814058471782666e+01
1.027536894946025647e+01
1.027438879555037943e+01
1.027523762189896495e+01
1.027689129051061023e+01
1.027862786592975120e+01
1.028043267063278243e+01
1.028129931959201215e+01
1.028316096512915934e+01
1.028522414714014666e+01
1.028738290397849120e+01
1.028965583052674937e+01
1.029209650529817566e+01
1.029471086124544499e+01
1.029753291179275720e+01
1.030060635198425523e+01
1.030397104572882228e+01
1.030772489144511006e+01
1.031198895198805587e+01
1.031273785248243513e+01
1.030969402956584169e+01
1.030325223118310696e+01
1.028509801921438260e+01
1.025081995457844286e+01
1.021007494692755024e+01
1.017491417495125283e+01
1.013192326928810338e+01
1.006821555608017249e+01
9.988389040483554027e+00
9.888675306554667088e+00
9.784662930377471923e+00
9.673151821188342936e+00
9.564657780627113581e+00
9.480364872658697095e+00
9.392170909901579989e+00
9.343603539403055436e+00
9.334381362704741392e+00
9.322473592750453619e+00
9.284324685361973195e+00
9.242178536484027873e+00
9.200464712676424739e+00
9.157595768477511555e+00
9.117029216771191713e+00
9.081055519480877081e+00
9.049601738407471174e+00
9.017946901717275310e+00
8.966373607556413106e+00
8.891261964054876898e+00
8.808034652751413063e+00
8.741420289616353756e+00
8.676842615640138590e+00
8.619353203163015564e+00
8.575978326476343838e+00
8.535768672428618586e+00
8.505148621147530008e+00
8.482025596313281568e+00
8.452105517050158667e+00
8.419522889675373989e+00
8.392747940306943377e+00
8.369777849310171547e+00
8.350592990295497842e+00
8.333656813851495926e+00
8.314678129709264454e+00
8.300384589025231463e+00
8.286956944810130565e+00
8.272961894245556280e+00
8.229141517321865607e+00
8.218994763718924901e+00
8.197357759171401526e+00
7.993830223572277127e+00
7.984968134718230637e+00
7.976673630185477037e+00
7.971451201488874538e+00
7.969880712781982623e+00
7.969221088518507301e+00
7.967969430414754584e+00
7.967033350703580652e+00
7.964604665261605376e+00
7.958143240475255453e+00
7.948748827215013080e+00
7.936549932177835665e+00
7.917997291382340208e+00
7.890371270509112023e+00
7.858336244773710177e+00
7.817271774528721906e+00
7.774031306329704627e+00
7.731446931585901794e+00
7.684350666243616068e+00
7.640783449835098828e+00
7.589100278307228997e+00
7.540485892758313824e+00
7.506437380020297034e+00
7.484806457953271597e+00
7.466667472688368612e+00
7.454004411314389067e+00
7.441167064465832759e+00
7.430864843281458576e+00
7.423987637856054533e+00
7.417225827891356538e+00
7.409048425116645298e+00
7.396044089592684223e+00
7.392183232584682351e+00
7.388550545562777572e+00
7.385112720510937478e+00
7.382580718826257993e+00
7.380261906445776177e+00
7.379310957730898402e+00
7.379096933784164314e+00
7.376742979091519992e+00
7.371250781845460232e+00
7.354945474452835086e+00
7.334176196559220706e+00
7.297694869693073016e+00
7.257793731617756094e+00
7.215848976111454149e+00
7.165143384714133923e+00
7.126984864672973430e+00
7.103796881618924530e+00
7.076655004850604946e+00
7.060818670703393529e+00
7.050310139812312471e+00
7.042752659005548033e+00
7.036229544086294752e+00
7.031105362355940969e+00
7.026631306772618935e+00
7.017700971224116735e+00
7.003904078665821764e+00
6.988183357182489175e+00
6.963524810732576675e+00
6.929648274817860276e+00
6.896183827642754949e+00
6.847947569779273991e+00
6.787492354672396644e+00
6.738914471718593369e+00
6.703429814293050626e+00
6.684252737742716555e+00
6.669894006295045585e+00
6.653937662376218753e+00
6.638460303024035447e+00
6.627101512063877209e+00
6.615719698829764184e+00
6.602049133830195871e+00
6.590997787350715065e+00
6.582316816870077858e+00
6.574207266091124602e+00
6.566850965221247449e+00
6.556684752913636949e+00
6.538812429633057199e+00
6.517843556399774307e+00
6.486258994326515648e+00
6.444357125656027918e+00
6.400827997801347813e+00
6.360695633016887562e+00
6.330434067009711896e+00
6.314427646638683278e+00
6.297482561220536290e+00
6.281160680998385537e+00
6.266847647306367897e+00
6.255402773908532943e+00
6.238550395148003247e+00
6.220176104740871459e+00
6.203565903891177236e+00
6.184129038685216351e+00
6.154487880004023914e+00
6.093918737843054600e+00
6.007594169292800323e+00
5.905711710796917480e+00
5.709741321751897303e+00
5.577804195652940500e+00
5.447158031342219431e+00
5.355995245049464337e+00
5.257668977095023344e+00
5.165739786244409437e+00
5.091477022124799134e+00
5.058687888843699909e+00
5.037091683257106212e+00
5.007235537545951409e+00
4.958398542741817572e+00
4.903498032053785316e+00
4.820487171987867470e+00
4.704990827063194381e+00
4.552385893779587356e+00
4.332321285598589533e+00
4.209008041855471838e+00
4.068953549997686991e+00
3.922872792177954260e+00
3.789392430079778329e+00
3.668104372803186575e+00
3.536077169615027938e+00
3.362054378204591742e+00
3.174763184677354744e+00
2.994818919438666072e+00
2.644852990282764438e+00
2.023844836543214676e+00
