1.042960210762235107e+01
1.042112001123919462e+01
1.041208909624347179e+01
1.040244881961878676e+01
1.039212513687435546e+01
1.038095794783825987e+01
1.036746401521206629e+01
1.035441195486948729e+01
1.034930667377056679e+01
1.033844254814505170e+01
1.033603523876109698e+01
1.033714565736178237e+01
1.033839273927655356e+01
1.033992820777851307e+01
1.033969187648870047e+01
1.033659780553530538e+01
1.033400716339760272e+01
1.033296131840037546e+01
1.033056392398660783e+01
1.032692135392468735e+01
1.032357383341198442e+01
1.032060527353365664e+01
1.031998833212425914e+01
1.032141406988587029e+01
1.032011095928581668e+01
1.031734448410588101e+01
1.031759329098240130e+01
1.031911022518410626e+01
1.032071527536241895e+01
1.032123170379307453e+01
1.032158393303036625e+01
1.032326241583259119e+01
1.032511936334530667e+01
1.032715042298827690e+01
1.032930429763446334e+01
1.033161757502359812e+01
1.033413796862504519e+01
1.033680583067788383e+01
1.033673783342054442e+01
1.033319125752284329e+01
1.033026763099350376e+01
1.032412599877480375e+01
1.031884561283606239e+01
1.031459605453272310e+01
1.030620192518805034e+01
1.028573279152710640e+01
1.026031948538222593e+01
1.023247515262819718e+01
1.019906919625174169e+01
1.017058144968648925e+01
1.014524303508710545e+01
1.012252387229011852e+01
1.010920381894880293e+01
1.010015679206386352e+01
1.008606782968377935e+01
1.007183415866810350e+01
1.006465262933721228e+01
1.006368980706593597e+01
1.006027466919355540e+01
1.005396534280477816e+01
1.004210670970104502e+01
1.002050215686194967e+01
9.990068335645363007e+00
9.938496708960425252e+00
9.859040975594087541e+00
9.767869452664127650e+00
9.672179165035732495e+00
9.558439752647377219e+00
9.440899640778205537e+00
9.365645200984875629e+00
9.323833520988094037e+00
9.290597715396643252e+00
9.261771825348178666e+00
9.236018014642089824e+00
9.215920304667861274e+00
9.202646312658311345e+00
9.191504110287006313e+00
9.181797870329917899e+00
9.174568562092186852e+00
9.167780925552632354e+00
9.155530363541084071e+00
9.143969822172524076e+00
9.130153579334768565e+00
9.116617704756633245e+00
9.104814757108321999e+00
9.092471502894161617e+00
9.081757641018285199e+00
9.068289783033796070e+00
9.050209563013908109e+00
9.024391245591630195e+00
8.993153957598595483e+00
8.956876464023979523e+00
8.917942734739597199e+00
8.878862318881868276e+00
8.836459574199203360e+00
8.804503350860720445e+00
8.788521887222472628e+00
8.779472389390456044e+00
8.772180097768504936e+00
8.764615437074592563e+00
8.756045492258280660e+00
8.749971172913188155e+00
8.741390355765865650e+00
8.730071323903937142e+00
8.721650712667978311e+00
8.716162834049493213e+00
8.712251415776549379e+00
8.706753616552342478e+00
8.683285744487861280e+00
8.649694025543253062e+00
8.617236306615376762e+00
8.565589289316696053e+00
8.506433320542075904e+00
8.439992320253576708e+00
8.358618132532960487e+00
8.272011110871648754e+00
8.186314868158167002e+00
8.103458199744878243e+00
8.012727583133036902e+00
7.936888059580661015e+00
7.886021207817472956e+00
7.859529766730681821e+00
7.838487657725262459e+00
7.818278692165099741e+00
7.798488358842549317e+00
7.784923829134720030e+00
7.773357056248470620e+00
7.764750575818518463e+00
7.759082096425370167e+00
7.754283339595938962e+00
7.750857695551699678e+00
7.746880073868954497e+00
7.743353735617012568e+00
7.740547422760617025e+00
7.736739817775648120e+00
7.733511031850399675e+00
7.730118217931432056e+00
7.727026141910187995e+00
7.724575675114524920e+00
7.718039745894328618e+00
7.700832602157658968e+00
7.678221464147571673e+00
7.657635163350446916e+00
7.634217220216133803e+00
7.610962360947089778e+00
7.593795399515609112e+00
7.583417566979731461e+00
7.576936513157147779e+00
7.528290505224919826e+00
7.509425662779785959e+00
7.496363590025074686e+00
7.483893833470738777e+00
7.473469451950644604e+00
7.460810674563078670e+00
7.442871554821198110e+00
7.413673532422071055e+00
7.380223908449272230e+00
7.344288109123970010e+00
7.297283290829155611e+00
7.247160350808103502e+00
7.201061030649376526e+00
7.169486336180535879e+00
7.154633917590824232e+00
7.142042016742013999e+00
7.128046907819046929e+00
7.114937749591096150e+00
7.103341823801299526e+00
7.092144945873402939e+00
7.070968292289998125e+00
7.037908337265592174e+00
7.004338573223523490e+00
6.971297655712667130e+00
6.938304525984250404e+00
6.906101667064618255e+00
6.881338999234586140e+00
6.868401659288489114e+00
6.855349523582764171e+00
6.839960468425883455e+00
6.823871172846790678e+00
6.808292690946811554e+00
6.792681589357790983e+00
6.778116505435274775e+00
6.762962749843577370e+00
6.747297586626189947e+00
6.731833641447972028e+00
6.717518223644860065e+00
6.697167420859125642e+00
6.671169138695177914e+00
6.614885620637319441e+00
6.593031176596722887e+00
6.564957074203919163e+00
6.536207330137886018e+00
6.509042489619407235e+00
6.487165252805604077e+00
6.463670561322405916e+00
6.424471638970314480e+00
6.378639512247014309e+00
6.338854746252323480e+00
6.278179495789514064e+00
6.225358395586477300e+00
6.166711263281751343e+00
6.102176345980825367e+00
6.035029282202367895e+00
5.968708442943802872e+00
5.920458835304671652e+00
5.885983940711148499e+00
5.857316813291808089e+00
5.834321497711492555e+00
5.628375645545336425e+00
5.599379740926962334e+00
5.564759539924878595e+00
5.524619379061791236e+00
5.471230083820956658e+00
5.421467365848704922e+00
5.369965018451451577e+00
5.276050293335694086e+00
5.133030869991186407e+00
4.961629884931724632e+00
4.669262009060382468e+00
4.114714375372265032e+00
3.648501499615778521e+00
