8.288009999999999822e-02
2.504950000000000010e+00
1.520270000000000010e+00
4.911109999999999864e+00
1.191519999999999940e-01
7.344639999999999502e-02
5.512820000000000220e-02
9.329389999999999905e-02
2.195110000000000117e-02
6.072629999999999695e-02
1.349040000000000017e+00
2.025040000000000173e+00
3.320720000000000116e+00
2.788549999999999862e+00
3.001399999999999846e+00
5.164749999999999730e+00
7.085989999999999789e+00
2.539569999999999883e+00
3.725359999999999783e+00
7.796429999999999971e+00
4.799290000000000056e+00
1.896239999999999926e+00
1.879000000000000004e+00
5.627619999999999845e-02
4.533380000000000049e-02
3.538879999999999804e-02
3.970139999999999780e-02
2.298860000000000139e-02
1.628749999999999989e-02
1.837060000000000082e-02
1.132030000000000015e-02
1.089449999999999967e-02
1.459290000000000066e-02
2.054330000000000045e-02
3.557679999999999870e-02
5.409329999999999694e-02
2.202719999999999789e+00
4.682979999999999698e+00
5.810959999999999681e+00
5.038160000000000416e+00
4.163850000000000051e+00
1.128060000000000035e-01
4.465419999999999945e+00
1.126430000000000042e+01
1.503509999999999991e+01
6.772509999999999586e+00
5.620719999999999883e-02
7.142919999999999825e-02
1.980299999999999949e+00
7.987119999999999997e+00
6.036570000000000213e+00
1.026999999999999957e+01
1.308880000000000088e+01
2.412430000000000163e+01
2.222200000000000131e+01
3.707379999999999853e+01
4.797259999999999991e+01
4.894879999999999853e+01
2.334809999999999874e+01
1.661479999999999890e+01
1.187650000000000006e+01
6.441419999999999924e+00
1.568529999999999980e+00
1.334179999999999922e+00
4.480109999999999822e-03
7.749939999999999607e-01
7.493619999999999726e-01
7.787549999999999750e-01
1.007589999999999986e+00
1.909529999999999950e+00
2.941679999999999851e+00
2.047169999999999934e+00
1.155640000000000001e+00
4.908179999999999765e-01
4.437050000000000161e-01
5.211820000000000341e-01
3.659029999999999783e-01
2.847640000000000171e-01
4.859519999999999951e-01
4.384669999999999956e-01
5.329059999999999908e-01
4.065289999999999737e-01
4.143479999999999941e-01
5.166600000000000081e-01
5.142600000000000504e-01
3.274329999999999741e-01
3.181860000000000244e-01
3.016320000000000112e-01
3.349409999999999887e-01
3.702739999999999920e-01
5.362810000000000077e-01
5.717079999999999940e-01
6.411609999999999809e-01
3.866169999999999884e-01
3.337260000000000226e-01
2.584790000000000143e-01
1.927999999999999992e-01
3.622150000000000092e-01
3.114140000000000241e-01
4.423320000000000030e-01
4.786349999999999771e-01
4.135340000000000127e-01
3.744210000000000038e-01
2.821940000000000004e-01
5.735660000000000203e-01
4.213140000000000218e-01
5.752140000000000031e-01
5.452050000000000507e-01
6.256930000000000547e-01
7.056759999999999700e-01
5.947270000000000056e-01
3.938840000000000119e-01
2.593869999999999787e-01
2.167240000000000000e-01
1.186030000000000001e-01
1.065900000000000042e-01
1.503970000000000029e-01
1.913950000000000096e-01
1.958270000000000011e-01
1.741719999999999935e-01
1.920199999999999962e-01
2.547909999999999897e-01
4.036810000000000120e-01
4.241170000000000218e-01
6.396380000000000399e-01
6.312860000000000138e-01
1.144689999999999985e+00
1.401219999999999910e+00
1.408700000000000063e+00
1.068910000000000027e+00
1.099960000000000049e+00
7.330170000000000297e-01
4.714599999999999902e-01
4.687069999999999848e-01
2.293949999999999878e-01
1.136849999999999944e-01
7.943100000000000160e-02
9.356789999999999552e-02
7.281709999999999572e-02
8.122559999999999503e-02
8.167760000000000298e-02
6.448239999999999528e-02
1.285620000000000096e-01
1.015469999999999984e-01
8.037450000000000150e-02
8.187139999999999695e-02
1.118289999999999978e-01
7.684169999999999889e-02
1.276160000000000072e-01
1.353439999999999921e-01
7.385700000000000598e-02
6.559689999999999965e-02
3.515580000000000094e-02
2.446560000000000054e-02
2.602590000000000112e-02
1.731639999999999915e-02
1.393179999999999939e-02
1.119490000000000068e-02
1.231639999999999992e-02
1.489459999999999916e-02
7.988630000000000037e-03
1.473490000000000043e-02
2.035390000000000116e-02
1.504130000000000050e-02
2.041130000000000028e-02
2.615730000000000138e-02
3.452670000000000045e-02
3.618119999999999670e-02
3.807329999999999742e-02
2.290630000000000097e-02
1.394379999999999925e-02
1.327090000000000040e-02
1.133819999999999967e-02
1.584810000000000038e-02
2.009009999999999962e-02
2.669679999999999970e-02
2.820419999999999872e-02
2.846040000000000028e-02
2.236209999999999934e-02
1.668400000000000091e-02
2.649709999999999913e-02
2.282150000000000151e-02
1.234840000000000070e-02
1.435920000000000078e-02
1.062339999999999986e-02
8.375350000000000156e-03
5.808709999999999915e-03
6.588870000000000143e-03
6.624360000000000144e-03
5.767030000000000246e-03
4.168970000000000141e-03
4.483260000000000196e-03
6.265910000000000403e-03
7.517140000000000280e-03
7.185839999999999762e-03
5.403980000000000068e-03
5.258089999999999986e-03
7.531209999999999988e-03
1.374629999999999949e-02
2.081109999999999904e-02
2.685389999999999999e-02
2.734349999999999975e-02
3.181330000000000269e-02
2.906390000000000015e-02
3.532040000000000179e-02
2.042559999999999862e-02
2.613029999999999867e-02
3.394330000000000264e-02
4.501730000000000315e-02
2.765650000000000053e-02
2.040749999999999856e-02
1.197699999999999980e-02
1.627850000000000130e-02
4.756279999999999883e-03
3.013580000000000078e-03
2.417680000000000176e-03
2.416549999999999948e-03
2.996899999999999824e-03
3.344320000000000018e-03
1.673390000000000077e-03
1.213090000000000002e-03
1.528950000000000057e-03
6.083279999999999937e-04
3.126960000000000026e-04
1.467100000000000099e-04
3.712129999999999982e-05
1.850159999999999918e-05
3.753700000000000161e-06
2.964539999999999995e-06
1.802139999999999910e-06
1.644000000000000057e-06
8.629329999999999887e-07
3.305140000000000173e-07
