5.742309999999999803e+00
1.783500000000000085e-01
2.233080000000000065e-01
3.098119999999999763e-01
4.472670000000000257e-01
2.486440000000000039e-01
3.085579999999999989e-01
9.532849999999999657e-02
1.415089999999999959e-01
1.056529999999999969e-01
4.276819999999999927e-02
3.195379999999999748e-02
4.565790000000000126e-02
4.250090000000000118e-02
3.815489999999999854e-02
2.171879999999999991e-02
1.285009999999999972e-02
1.664770000000000139e-02
1.729289999999999994e-02
4.610979999999999940e-02
1.725420000000000079e-02
1.140689999999999933e-02
1.589020000000000016e-02
3.944820000000000271e-02
9.142160000000000286e-01
1.728429999999999911e+00
2.529290000000000038e+00
3.219749999999999890e+00
1.253620000000000012e-01
8.401169999999999471e-02
2.947409999999999961e-02
6.229819999999999802e-02
5.150409999999999711e-02
4.825170000000000153e-02
7.064560000000000284e-02
3.520280000000000076e+00
2.688860000000000028e+00
2.784759999999999902e+00
1.665689999999999948e-01
1.085649999999999948e-01
4.517299999999999649e+00
1.000520000000000032e+01
7.266560000000000130e+00
4.097439999999999971e-01
4.152480000000000060e-02
4.886499999999999871e-02
1.710170000000000023e-01
6.652969999999999828e+00
1.213799999999999990e+01
1.692980000000000018e+01
1.918230000000000146e+01
1.515830000000000055e+01
1.687549999999999883e+01
1.491629999999999967e+01
1.292980000000000018e+01
1.619180000000000064e+01
1.016580000000000084e+01
2.108449999999999847e+01
2.458800000000000097e+01
3.198689999999999856e+01
3.084730000000000061e+01
2.810300000000000153e+01
3.285529999999999973e+01
2.206709999999999994e+01
2.186809999999999832e+01
1.080410000000000004e+01
5.292309999999999626e+00
7.289349999999999774e+00
5.606080000000000396e+00
7.191620000000000346e+00
5.894140000000000157e+00
7.121610000000000440e+00
8.322250000000000369e+00
1.325150000000000006e+01
1.742239999999999966e+01
1.416690000000000005e+01
1.059350000000000058e+01
9.490339999999999776e+00
1.063920000000000066e+01
7.594949999999999868e+00
7.130410000000000359e+00
4.868890000000000384e+00
5.912169999999999703e+00
5.186630000000000074e+00
5.157140000000000057e+00
2.426070000000000171e+00
1.375599999999999934e+00
1.857180000000000053e+00
6.826240000000000085e-01
1.105070000000000011e-02
1.280569999999999986e+00
2.087839999999999918e+00
1.288350000000000106e+00
2.166710000000000136e+00
3.542889999999999873e+00
5.930250000000000021e+00
5.805139999999999745e+00
4.254769999999999719e+00
2.971359999999999779e+00
3.532989999999999853e+00
3.961819999999999897e+00
4.051029999999999909e+00
5.082760000000000389e+00
3.786979999999999791e+00
2.418299999999999894e+00
2.631730000000000125e+00
3.697960000000000136e+00
4.694799999999999862e+00
4.363500000000000156e+00
7.143220000000000347e+00
7.783870000000000289e+00
4.655780000000000030e+00
3.533869999999999845e+00
2.635709999999999997e+00
2.827570000000000139e+00
2.760450000000000070e+00
2.769460000000000033e+00
2.025720000000000187e+00
1.627839999999999954e+00
9.489199999999999857e-01
1.074820000000000109e+00
9.980850000000000000e-01
1.394290000000000029e+00
1.026310000000000056e+00
7.095029999999999948e-01
6.960530000000000328e-01
8.724370000000000180e-01
1.112800000000000011e+00
1.002140000000000031e+00
1.019619999999999971e+00
8.899660000000000348e-01
7.965480000000000338e-01
1.102279999999999927e+00
1.594219999999999970e+00
1.618789999999999951e+00
1.698930000000000051e+00
2.307529999999999859e+00
2.358080000000000176e+00
3.766589999999999883e+00
2.033479999999999954e+00
2.133449999999999847e+00
1.267149999999999999e+00
9.422120000000000495e-01
8.346230000000000038e-01
6.375389999999999668e-01
3.945469999999999811e-01
3.289489999999999914e-01
4.533059999999999867e-01
5.484879999999999756e-01
5.082189999999999763e-01
3.026179999999999981e-01
2.086079999999999879e-01
2.098180000000000045e-01
2.254529999999999867e-01
2.186659999999999993e-01
2.188720000000000110e-01
2.171029999999999904e-01
1.356789999999999941e-01
2.808939999999999770e-01
1.607840000000000102e-01
2.049219999999999930e-01
1.487650000000000083e-01
3.012940000000000063e-01
3.505690000000000195e-01
4.418529999999999958e-01
4.819060000000000010e-01
4.767399999999999971e-01
1.003740000000000077e+00
4.295990000000000086e-01
8.853090000000000126e-01
1.103779999999999983e+00
4.821570000000000022e-01
4.166320000000000023e-01
2.840030000000000054e-01
4.774209999999999843e-01
5.348650000000000349e-01
3.068629999999999969e-01
2.256700000000000095e-01
2.047009999999999941e-01
1.444280000000000008e-01
1.276160000000000072e-01
8.737739999999999396e-02
8.131620000000000514e-02
8.330540000000000167e-02
7.672629999999999728e-02
7.132130000000000414e-02
5.815120000000000011e-02
6.671770000000000478e-02
3.924219999999999792e-02
3.050749999999999990e-02
1.826799999999999952e-02
1.088150000000000055e-02
1.445839999999999972e-02
1.211880000000000075e-02
8.393930000000000835e-03
7.359120000000000245e-03
4.076240000000000072e-03
3.650689999999999838e-03
5.513849999999999828e-03
3.474010000000000032e-03
4.024599999999999705e-03
2.736409999999999884e-03
2.103900000000000128e-03
2.079549999999999888e-03
1.835859999999999922e-03
2.792830000000000052e-03
3.033430000000000154e-03
3.332930000000000007e-03
3.334999999999999857e-03
3.128580000000000163e-03
2.045799999999999962e-03
1.379379999999999929e-03
3.088200000000000146e-03
4.429319999999999612e-03
4.306070000000000383e-03
4.519679999999999878e-03
4.920690000000000133e-03
8.101310000000000455e-03
1.005999999999999950e-02
1.939340000000000161e-02
2.747010000000000077e-02
4.038440000000000085e-02
1.506809999999999920e-02
6.191600000000000228e-03
9.240530000000000271e-03
7.714150000000000347e-03
4.465160000000000136e-03
6.154080000000000140e-03
7.037780000000000424e-03
2.967700000000000199e-03
6.680850000000000330e-03
8.315150000000000319e-03
7.171420000000000398e-03
8.193360000000000226e-03
2.940020000000000220e-04
