1.010936927926106144e+01
1.010973711811225684e+01
1.011048196497043072e+01
1.011121545133562272e+01
1.011193763253672984e+01
1.011269547012815373e+01
1.011356902963719051e+01
1.011451757752530689e+01
1.011552397695002270e+01
1.011590992187706028e+01
1.011150446794042423e+01
1.011265191352815940e+01
1.011380636090507146e+01
1.011499107569825284e+01
1.011627226473323482e+01
1.011757618931124547e+01
1.011898849806600964e+01
1.012052786722706088e+01
1.012226176356758245e+01
1.012091596789179526e+01
1.011906113912602834e+01
1.012088966693906045e+01
1.012294618968840076e+01
1.012533159537263217e+01
1.012658592795433776e+01
1.012313266431090142e+01
1.011195441316793264e+01
1.009522864863800073e+01
1.007862354352680612e+01
1.006716760325070403e+01
1.005856646412340893e+01
1.004910555685946960e+01
1.004095422128248849e+01
1.003735875865629978e+01
1.003885850155976556e+01
1.004038870012522544e+01
1.004195295829995516e+01
1.004368836771315898e+01
1.004559677186757938e+01
1.004766808611173978e+01
1.004536601484617542e+01
1.004619070031788475e+01
1.004954362144732372e+01
1.003768142170282118e+01
1.001754250154843184e+01
1.000675262481895800e+01
9.993575535114189279e+00
9.987773484895194898e+00
9.989771859306273427e+00
9.991833662755384537e+00
9.994100611475454699e+00
9.996593094736406115e+00
9.999681980029732742e+00
9.998111059977295767e+00
9.996232267901186574e+00
9.992802182939728439e+00
9.973402665800469080e+00
9.950094553419001286e+00
9.935661911612676533e+00
9.931459396310968302e+00
9.934671629510072322e+00
9.938610277142570837e+00
9.937790118347537671e+00
9.929347899985577541e+00
9.912884952458471233e+00
9.887994050477997732e+00
9.867055390309904084e+00
9.847077009269604275e+00
9.806123647765783602e+00
9.740451118639896322e+00
9.681734062840373412e+00
9.642868947919740918e+00
9.604660130563788201e+00
9.567801284327003941e+00
9.530254782210281661e+00
9.494869477637072563e+00
9.463660108898460877e+00
9.436280351937373467e+00
9.413148824714316021e+00
9.397503757977693439e+00
9.377109462345719848e+00
9.353106100055171623e+00
9.332553583192815694e+00
9.311285417871470571e+00
9.294236893407934019e+00
9.283938630746220610e+00
9.278202383026778577e+00
9.272103961910129755e+00
9.263041613350454284e+00
9.253798229868250402e+00
9.243690241297024102e+00
9.232556514036195594e+00
9.223755453657240366e+00
9.219553092424218832e+00
9.218330650563880013e+00
9.218088902860845479e+00
9.217044162962936937e+00
9.215277925527017189e+00
9.212634990287378756e+00
9.205437152703888515e+00
9.192497759926798295e+00
9.177377758653079809e+00
9.157505121125831593e+00
9.125253486024798022e+00
9.075685621526227820e+00
8.985361796665955580e+00
8.892125781687896691e+00
8.839873822878178800e+00
8.798727278886381953e+00
8.760393077072126999e+00
8.729536535707051570e+00
8.707309521204503966e+00
8.690733740445347522e+00
8.673290989337505863e+00
8.656961139548320361e+00
8.644852006426143376e+00
8.632630368080759453e+00
8.616844008934304355e+00
8.590695857000151037e+00
8.563048949183356129e+00
8.548776240894611078e+00
8.531879815677299916e+00
8.503823356021115387e+00
8.470350208953018267e+00
8.434583273834467931e+00
8.393801503847550194e+00
8.352101442240757123e+00
8.292864986031581509e+00
8.220442836669715092e+00
8.165113691598261170e+00
8.113762915582592328e+00
8.058369076516905594e+00
8.003912686738482662e+00
7.957582866286872836e+00
7.920675239345635887e+00
7.842310871678880524e+00
7.652582813032563713e+00
7.593447789442278051e+00
7.499410750450079099e+00
7.453455946777303609e+00
7.422801519125712844e+00
7.387060420793578608e+00
7.353227427233009372e+00
7.330472622352386836e+00
7.316898784488371277e+00
7.307429712016579870e+00
7.297230720760166989e+00
7.288054621628477392e+00
7.271388496323135442e+00
7.238154035743054493e+00
7.194985843425881100e+00
7.148263229636879323e+00
7.098910103670503347e+00
7.046596604926381069e+00
6.999761506857075766e+00
6.961646488986930059e+00
6.932478330833449220e+00
6.906460570329798543e+00
6.892284425838992590e+00
6.887615050099430647e+00
6.882918241206169796e+00
6.875580369228607047e+00
6.864620234259206200e+00
6.846548021618653834e+00
6.823835990525582318e+00
6.803058829797752338e+00
6.778136049810765229e+00
6.706981350662339914e+00
6.632791236439473437e+00
6.507768194705390918e+00
6.293914741031102267e+00
6.124944165255394424e+00
6.038139112167498546e+00
5.984270711278014687e+00
5.929695253450743664e+00
5.875931296530783499e+00
5.820779914380860731e+00
5.779608755214550975e+00
5.763560508039423880e+00
5.746410767788070473e+00
5.726328583359524771e+00
5.703983118131510821e+00
5.666627476350457826e+00
5.598144601640785645e+00
5.557451858916507170e+00
5.530847453856184259e+00
5.498648207094032792e+00
5.464811348593401341e+00
5.425403782148610965e+00
5.360712667253307195e+00
5.266544483083689165e+00
5.135914631507590755e+00
5.027944570891818010e+00
4.937191798013823352e+00
4.861528437028654892e+00
4.790968095096117985e+00
4.701920112937112428e+00
4.601365651141116508e+00
4.493385546345967541e+00
4.381798939551433847e+00
4.290350751737834756e+00
4.228402925447676708e+00
4.144250311761619621e+00
4.026757911929069067e+00
3.922974444373537484e+00
3.833561439046895725e+00
3.768558189630228927e+00
3.697152593178415270e+00
3.608749541439631336e+00
3.528777909451769279e+00
3.469082349744807559e+00
3.383129285120788587e+00
3.277836042413296624e+00
3.186297900215913970e+00
3.099849768980866394e+00
3.027985291980435978e+00
2.958656083373790935e+00
2.886592800579964813e+00
2.824565115090284628e+00
2.753536333339906328e+00
2.675935905178822072e+00
2.584083470140436933e+00
2.464672824546272345e+00
2.330438125628024881e+00
2.232546344693723483e+00
2.181915012084708838e+00
2.135571496529058866e+00
2.040016557409277453e+00
1.891832833551478021e+00
1.569136211748844767e+00
9.165634296004523396e-01
7.042251816067977011e-01
2.530810363764459114e-01
