1.075761539838923397e+01
1.075851903386440611e+01
1.075959079779108762e+01
1.075956057958951639e+01
1.075859097096234507e+01
1.075848798364601322e+01
1.075850994622539325e+01
1.075889902982737212e+01
1.075989361912395381e+01
1.075497104048425001e+01
1.074529032312182864e+01
1.073689426104964539e+01
1.072900757256502580e+01
1.071985312129424095e+01
1.070970064890581774e+01
1.069645686778382832e+01
1.068159305432205208e+01
1.066843530788892558e+01
1.065367262211180233e+01
1.064104555388392548e+01
1.063330581719634615e+01
1.062939124824395520e+01
1.062672418385996131e+01
1.062248032240750817e+01
1.061126222273018804e+01
1.059775221074987073e+01
1.059025093509115756e+01
1.058287775368573769e+01
1.057547304577494884e+01
1.057156676051213573e+01
1.056285648646989372e+01
1.055509202910371336e+01
1.054295731299206196e+01
1.053102266826370759e+01
1.051739517886854181e+01
1.049896632565931043e+01
1.048150139044674489e+01
1.046033093651172585e+01
1.044286215610131485e+01
1.043489290733412744e+01
1.042761267872811892e+01
1.042140153797150504e+01
1.041752483497449688e+01
1.041432978146049848e+01
1.040792430854126494e+01
1.040105745052807684e+01
1.039107455326696261e+01
1.036828316501911651e+01
1.033639968898608430e+01
1.030549969223081419e+01
1.027759087958538586e+01
1.025235294057503665e+01
1.022813847102707108e+01
1.020516104064201812e+01
1.015878753071756435e+01
1.016126915155220978e+01
1.016401957052186766e+01
1.016705727108592683e+01
1.017049640574484748e+01
1.017453660079370792e+01
1.017355336895350781e+01
1.015665513774865580e+01
1.014300855136767332e+01
1.013112764052244685e+01
1.011065367144297156e+01
1.008688991587548323e+01
1.004456327750739852e+01
9.997051140483629084e+00
9.940311740539973684e+00
9.871278636364898773e+00
9.819353067242349908e+00
9.786022018409324730e+00
9.753150080552552836e+00
9.722066007446841240e+00
9.701706971584291850e+00
9.680488713462159112e+00
9.655826803016504201e+00
9.629959764611880857e+00
9.600603751806756847e+00
9.571599371148725055e+00
9.539288173499675949e+00
9.513016392524656695e+00
9.491609591209970276e+00
9.470723528857163842e+00
9.453805882973727037e+00
9.436687301357590485e+00
9.413152179492460192e+00
9.383353907344956113e+00
9.359342116772367604e+00
9.340112814175276057e+00
9.321300100052168247e+00
9.308713776639002901e+00
9.300051732120042658e+00
9.293077351730421043e+00
9.282468032211282249e+00
9.265133987575401520e+00
9.242494219810712508e+00
9.214865032627683306e+00
9.191998428127599041e+00
9.172845111266711982e+00
9.155961214286801209e+00
9.138665774467666481e+00
9.119222886923584070e+00
9.107142105833071710e+00
9.100777075017106199e+00
9.091575517552836772e+00
9.079242766741614901e+00
9.066005211904357708e+00
9.055680244578173443e+00
9.044919797717524190e+00
9.041029305065949373e+00
9.037542028810824135e+00
9.032260057943798159e+00
9.019481858214367875e+00
8.990207836179854084e+00
8.928292387709923617e+00
8.838452379858196650e+00
8.726579703114254016e+00
8.591545405444156458e+00
8.428708073127733513e+00
8.192556303142527696e+00
7.985544126350331062e+00
7.869735561084943321e+00
7.791999246255475242e+00
7.724661646702522866e+00
7.655425627553652745e+00
7.590287750439008718e+00
7.533859721623370476e+00
7.480360562007837721e+00
7.443541472630757383e+00
7.417823636336104087e+00
7.400247787194493831e+00
7.381362404634757013e+00
7.358290898675161174e+00
7.341800404487081266e+00
7.330145808119587159e+00
7.319923887025263198e+00
7.314802265245317514e+00
7.312687120355975345e+00
7.310882279582759047e+00
7.307055101522053064e+00
7.299411407747741443e+00
7.290646646477703108e+00
7.283699149626055913e+00
7.277469392519450686e+00
7.270986110106750111e+00
7.265928102040370540e+00
7.262265941146297088e+00
7.259063228230281162e+00
7.256145042470349971e+00
7.250393163056544132e+00
7.236010448206584122e+00
7.224051109096244261e+00
7.204461854965862777e+00
7.178196817864157531e+00
7.153723424301681177e+00
7.117728555908296784e+00
7.048725284330870977e+00
6.948220718581811006e+00
6.838132228233798848e+00
6.743312954951443672e+00
6.681246666022682135e+00
6.639155661992687030e+00
6.609740572204135134e+00
6.583878598498626111e+00
6.563881970082372064e+00
6.550262605916952197e+00
6.539077353977326368e+00
6.532989929410995877e+00
6.529144067150685515e+00
6.526450421873280838e+00
6.523064583552038442e+00
6.517253976003211768e+00
6.508412544654270881e+00
6.498146455987122039e+00
6.489996425828532089e+00
6.484493448806044391e+00
6.478823244993622943e+00
6.467616983744645331e+00
6.445434499517380900e+00
6.415375719093530549e+00
6.371972469694092922e+00
6.336805830677883833e+00
6.317267094925829163e+00
6.303722940936870245e+00
6.290855653563882655e+00
6.279965646854853922e+00
6.272175907813451801e+00
6.265803307819348689e+00
6.260879568673124673e+00
6.256397798883426731e+00
6.253168325901442337e+00
6.250856517200593210e+00
6.248498028400771176e+00
6.238174113270291699e+00
6.216909769693493182e+00
6.190944881162544711e+00
6.158573556172255437e+00
6.115553933228938810e+00
6.065022953203085265e+00
6.003033783287734515e+00
5.923403610664593977e+00
5.840912430280790879e+00
5.759017804965722576e+00
5.671267284550467025e+00
5.567541564470581683e+00
5.433528225416942803e+00
5.285505550622711546e+00
5.166362018709007131e+00
5.090229828164821058e+00
5.042209180403459001e+00
5.014323087296507886e+00
5.002399351346237033e+00
4.996922131578451776e+00
4.991937646754943891e+00
4.984650158552061505e+00
4.973964680786359338e+00
4.960755140168504163e+00
4.939592128106659707e+00
4.895776578241692434e+00
4.830106635904196644e+00
4.758244048621619093e+00
4.715126353158199279e+00
4.696224420059475158e+00
4.678176818281727378e+00
4.663402186330357857e+00
4.647200019269527971e+00
4.638501237326823734e+00
