6.364559999999999662e-02
1.648319999999999994e-02
1.174090000000000029e-02
2.342270000000000116e-02
1.387689999999999931e-02
1.734300000000000078e-02
4.901939999999999770e-02
7.495319999999999760e-02
2.238710000000000006e-02
1.496119999999999915e-02
1.584889999999999910e-02
8.443509999999999557e-03
5.305810000000000214e-03
3.546679999999999972e-03
2.159129999999999990e-03
3.151059999999999799e-03
4.353229999999999600e-03
4.749540000000000012e-03
8.091179999999999900e-03
1.781119999999999925e-02
2.289590000000000028e-02
2.138670000000000154e-02
8.918149999999999689e-02
1.351359999999999895e+00
1.294280000000000097e+00
2.421330000000000204e+00
1.046539999999999970e-01
2.971359999999999973e-02
4.823990000000000222e-02
2.244540000000000202e+00
4.771940000000000209e-02
5.132479999999999681e-02
1.370309999999999931e-02
3.106309999999999974e-02
4.905999999999999944e-02
3.557119999999999727e-02
8.612689999999999235e-03
2.630060000000000037e-02
1.594689999999999996e-02
1.405370000000000008e+00
3.468440000000000190e+00
6.762349999999999639e+00
6.562789999999999679e+00
5.059890000000000221e+00
9.841310000000000002e+00
1.407489999999999952e+01
1.376190000000000069e+01
1.494749999999999979e+01
1.582189999999999941e+01
1.568950000000000067e+01
1.582399999999999984e+01
8.169340000000000046e+00
3.860500000000000043e+00
2.300850000000000062e+00
7.981479999999999686e-01
3.300100000000000255e-01
1.947560000000000124e-01
1.545209999999999917e-01
3.288790000000000203e-03
1.455870000000000081e-02
3.359249999999999823e-03
2.632660000000000208e-03
6.650689999999999380e-02
1.178229999999999972e-01
2.185080000000000078e-01
4.991280000000000161e-01
6.851800000000000113e-01
7.653130000000000210e-01
2.037980000000000125e+00
2.753919999999999924e+00
3.336269999999999847e+00
1.776629999999999932e+00
1.111560000000000104e+00
4.060670000000000113e-01
2.217050000000000132e-01
1.439940000000000109e-01
1.877759999999999985e-01
1.615159999999999929e-01
1.487350000000000061e-01
1.331130000000000091e-01
1.985250000000000070e-01
1.992329999999999934e-01
1.459999999999999909e-01
1.274210000000000065e-01
9.615659999999999485e-02
1.213970000000000049e-01
2.452199999999999935e-01
1.088520000000000043e-01
1.474779999999999980e-01
1.527090000000000114e-01
2.431329999999999880e-01
2.685960000000000014e-01
2.709790000000000254e-01
3.495730000000000226e-01
3.824460000000000082e-01
3.314869999999999761e-01
4.116759999999999864e-01
3.708409999999999762e-01
2.783189999999999831e-01
3.866339999999999777e-01
3.487890000000000157e-01
3.125100000000000100e-01
1.402180000000000093e-01
9.603009999999999324e-02
5.765689999999999704e-02
3.446119999999999739e-02
3.871329999999999910e-02
3.788779999999999926e-02
2.199769999999999850e-02
1.608269999999999839e-02
7.655499999999999979e-03
3.749070000000000180e-03
6.118959999999999677e-03
5.259510000000000227e-03
5.918449999999999579e-03
8.372370000000000506e-03
7.707949999999999871e-03
6.891999999999999689e-03
8.875420000000000184e-03
8.373969999999999678e-03
8.859469999999999498e-03
8.991819999999999327e-03
6.271739999999999607e-03
4.664409999999999910e-03
8.623149999999999565e-03
1.602469999999999936e-02
2.161590000000000039e-02
2.048320000000000002e-02
3.560449999999999726e-02
5.254070000000000268e-02
8.557679999999999454e-02
5.794880000000000170e-02
6.918409999999999838e-02
8.455070000000000641e-02
8.174049999999999372e-02
5.874769999999999992e-02
7.535219999999999418e-02
6.954820000000000446e-02
4.527690000000000187e-02
4.767199999999999910e-02
7.375750000000000361e-02
8.181149999999999534e-02
7.950400000000000522e-02
4.861859999999999793e-02
3.532219999999999804e-02
3.491299999999999959e-02
3.658320000000000322e-02
4.916829999999999812e-02
4.056680000000000008e-02
2.636389999999999914e-02
1.433740000000000014e-02
1.099540000000000066e-02
1.179690000000000079e-02
1.204900000000000068e-02
7.404720000000000052e-03
4.862670000000000360e-03
9.344250000000000125e-03
1.404670000000000050e-02
1.844749999999999862e-02
8.460330000000000281e-03
2.785380000000000061e-03
4.334890000000000097e-03
3.727789999999999923e-03
2.402539999999999884e-03
1.280749999999999987e-03
5.763059999999999537e-04
5.573369999999999800e-04
7.305560000000000439e-04
4.997759999999999529e-04
4.320640000000000158e-04
4.703700000000000112e-04
4.281029999999999905e-04
3.816830000000000114e-04
5.609420000000000378e-04
4.671909999999999930e-04
5.244479999999999498e-04
3.037170000000000061e-04
1.118309999999999937e-04
5.936809999999999830e-05
1.958430000000000153e-05
1.537040000000000110e-05
1.746070000000000038e-05
1.533709999999999924e-05
1.431620000000000025e-05
1.090840000000000046e-05
1.274599999999999960e-05
9.514539999999999540e-06
1.259020000000000018e-05
9.018460000000000726e-06
7.274350000000000072e-06
1.446049999999999987e-05
1.020060000000000022e-05
2.363080000000000082e-05
2.001340000000000053e-05
2.234560000000000168e-05
2.105889999999999924e-05
1.043010000000000031e-05
6.476080000000000005e-06
1.194859999999999941e-05
7.067659999999999854e-06
8.113399999999999264e-06
1.214770000000000060e-05
1.282840000000000071e-05
1.890280000000000137e-05
2.300539999999999831e-05
2.531759999999999965e-05
3.616889999999999857e-05
3.518569999999999754e-05
2.658550000000000152e-05
2.224409999999999934e-05
2.054830000000000111e-05
2.771000000000000066e-05
4.109439999999999740e-05
5.003390000000000219e-05
1.577309999999999981e-05
1.303300000000000041e-05
7.044759999999999616e-06
1.203299999999999982e-05
6.950080000000000041e-06
5.216519999999999651e-06
6.388789999999999863e-06
4.187579999999999809e-06
2.605619999999999796e-06
3.230590000000000184e-06
3.796520000000000117e-06
2.485059999999999887e-06
3.518209999999999897e-06
4.309030000000000145e-06
7.032749999999999708e-06
1.265479999999999952e-05
7.164269999999999764e-06
