2.703489999999999949e+00
1.442849999999999966e-01
1.908720000000000139e-01
3.007299999999999862e+00
3.113430000000000142e+00
3.171769999999999978e+00
2.911820000000000075e+00
2.012459999999999916e+00
3.064909999999999801e+00
3.104290000000000216e+00
1.817160000000000108e+00
2.140010000000000190e+00
3.163809999999999789e+00
2.506349999999999856e+00
3.158669999999999867e+00
1.610910000000000064e+00
1.445780000000000065e+00
4.720440000000000191e-01
1.042090000000000030e-02
1.092480000000000014e-02
1.179670000000000024e-02
7.459209999999999972e-03
1.087849999999999928e-02
2.308790000000000148e-02
1.310850000000000036e-02
9.313460000000000835e-03
9.677969999999999282e-03
7.582369999999999388e-02
3.406759999999999788e+00
3.932160000000000100e+00
6.132710000000000328e+00
4.586129999999999818e+00
4.529720000000000191e+00
3.237999999999999989e+00
3.619920000000000027e+00
4.415809999999999569e+00
4.348939999999999806e+00
3.124950000000000117e+00
3.982220000000000204e-02
3.259049999999999780e+00
1.905180000000000096e+00
1.903340000000000032e+00
3.256959999999999855e+00
3.988440000000000207e+00
3.872419999999999973e+00
5.336870000000000225e+00
4.747220000000000439e+00
5.717859999999999943e+00
3.877740000000000187e+00
8.006199999999999761e+00
1.201800000000000068e+01
5.448299999999999699e+00
3.538370000000000015e+00
3.045580000000000176e+00
2.163310000000000066e+00
2.245379999999999932e+00
4.512389999999999901e+00
1.989260000000000028e+00
1.360100000000000087e+00
3.453729999999999856e-01
3.659549999999999748e-01
2.861090000000000022e-01
2.394290000000000029e-01
3.473300000000000276e-01
2.474490000000000023e-01
1.672490000000000088e-01
1.009059999999999957e-01
9.142780000000000351e-02
9.973179999999999545e-02
1.626559999999999950e-01
1.453399999999999970e-01
1.126759999999999984e-01
1.090750000000000053e-01
1.441910000000000136e-01
1.293439999999999868e-01
1.623999999999999888e-01
1.123669999999999947e-01
6.780690000000000328e-02
7.832590000000000385e-02
5.795100000000000251e-02
3.249010000000000092e-02
1.527539999999999974e-02
1.507529999999999981e-02
1.031909999999999945e-02
1.024539999999999999e-02
5.159870000000000428e-03
3.750100000000000135e-03
5.776380000000000230e-03
3.659110000000000140e-03
4.482339999999999589e-03
4.144300000000000067e-03
7.662310000000000301e-03
9.481039999999999607e-03
1.342420000000000072e-02
1.105489999999999945e-02
7.808439999999999825e-03
5.185590000000000338e-03
8.163059999999999761e-03
5.128019999999999627e-03
6.661089999999999720e-03
6.793010000000000367e-03
8.539869999999999753e-03
1.434539999999999947e-02
1.067199999999999920e-02
1.028600000000000000e-02
1.187159999999999951e-02
1.285760000000000028e-02
1.068410000000000019e-02
9.558139999999999692e-03
1.068269999999999983e-02
9.052660000000000567e-03
9.265970000000000109e-03
7.193630000000000337e-03
6.084380000000000344e-03
6.097970000000000300e-03
4.931640000000000156e-03
3.973639999999999638e-03
3.531639999999999953e-03
4.035979999999999776e-03
2.159170000000000186e-03
2.970270000000000115e-03
2.208770000000000091e-03
2.518090000000000172e-03
3.268010000000000012e-03
3.989200000000000038e-03
2.721579999999999919e-03
2.220629999999999913e-03
2.419510000000000150e-03
1.469210000000000091e-03
1.539750000000000103e-03
1.924539999999999975e-03
1.875589999999999896e-03
1.514139999999999974e-03
9.951140000000000679e-04
1.593610000000000079e-03
7.412680000000000050e-04
6.901360000000000480e-04
1.506760000000000000e-03
1.320310000000000103e-03
1.097880000000000080e-03
1.069089999999999971e-03
1.173900000000000074e-03
1.176720000000000023e-03
1.003259999999999959e-03
7.483880000000000046e-04
9.971220000000000257e-04
7.382019999999999771e-04
4.893879999999999975e-04
5.426019999999999932e-04
5.114899999999999699e-04
6.389250000000000398e-04
7.618380000000000334e-04
8.934509999999999674e-04
9.131410000000000178e-04
1.148289999999999944e-03
1.025389999999999939e-03
8.594110000000000291e-04
8.937389999999999484e-04
8.888190000000000023e-04
8.699610000000000416e-04
1.281149999999999997e-03
8.064079999999999946e-04
5.629819999999999573e-04
5.616819999999999799e-04
6.847949999999999784e-04
4.667359999999999847e-04
3.957209999999999742e-04
4.355340000000000079e-04
2.501189999999999815e-04
1.787810000000000083e-04
9.623179999999999571e-05
8.518710000000000301e-05
8.410430000000000043e-05
4.449500000000000005e-05
2.591409999999999978e-05
2.456440000000000151e-05
1.525059999999999930e-05
1.732239999999999868e-05
1.784619999999999864e-05
1.539990000000000141e-05
7.368540000000000097e-06
4.148759999999999730e-06
