3.556350000000000122e+00
3.627369999999999983e+00
4.840340000000000309e+00
4.997069999999999901e+00
4.893279999999999852e+00
4.728320000000000078e+00
6.332609999999999850e+00
5.521659999999999791e+00
5.694919999999999760e+00
3.127969999999999917e+00
6.168379999999999974e+00
4.981320000000000192e+00
4.809040000000000425e+00
5.422500000000000320e+00
3.737080000000000179e+00
1.754610000000000003e+00
1.636419999999999986e+00
2.057469999999999910e+00
2.835069999999999979e+00
2.848980000000000068e+00
4.135360000000000369e+00
2.062300000000000022e+00
1.939449999999999896e+00
1.737999999999999989e+00
6.488670000000000548e-02
3.323760000000000048e+00
4.032040000000000290e+00
4.545090000000000074e+00
4.790320000000000356e+00
7.262970000000000148e+00
7.864049999999999763e+00
7.457930000000000170e+00
5.679210000000000313e+00
1.007590000000000074e+01
1.680630000000000024e+01
9.946540000000000603e+00
1.071850000000000058e+01
8.545579999999999288e+00
8.767730000000000246e+00
1.339020000000000010e+01
7.698030000000000150e+00
6.217010000000000147e+00
5.591359999999999886e+00
7.259450000000000180e+00
4.593679999999999986e+00
1.091330000000000078e-02
6.616549999999999689e-03
1.698099999999999957e-02
1.367190000000000072e-02
2.720730000000000023e-02
1.336820000000000022e-02
7.596110000000000362e-02
2.649439999999999795e+00
3.215040000000000120e+00
9.101530000000000342e+00
8.897470000000000212e+00
1.270129999999999981e+01
1.366179999999999950e+01
1.010200000000000031e+01
1.067709999999999937e+01
1.326629999999999932e+01
6.233609999999999651e+00
3.095340000000000202e+00
1.892069999999999919e+00
1.302580000000000071e+00
1.052899999999999947e+00
1.379499999999999948e+00
1.064720000000000111e+00
5.672770000000000312e-01
4.278959999999999986e-01
1.964090000000000003e-01
1.437769999999999881e-01
9.906919999999999615e-02
1.313650000000000095e-01
1.476850000000000107e-01
2.336689999999999878e-01
8.941749999999999698e-02
4.960180000000000144e-02
5.634270000000000250e-02
1.898290000000000047e-02
1.207779999999999965e-02
8.121130000000000709e-03
1.541400000000000062e-02
1.934740000000000071e-02
2.676320000000000088e-02
2.542909999999999962e-02
2.217310000000000114e-02
2.058199999999999960e-02
4.468679999999999874e-02
3.673919999999999964e-02
4.025329999999999880e-02
1.853919999999999874e-02
1.559130000000000064e-02
2.093340000000000131e-02
1.224940000000000057e-02
5.436339999999999575e-03
3.832809999999999863e-03
3.556300000000000086e-03
3.294590000000000019e-03
3.530039999999999914e-03
5.162860000000000019e-03
4.819509999999999940e-03
4.812559999999999581e-03
4.207579999999999827e-03
4.966220000000000356e-03
6.735820000000000002e-03
6.899019999999999632e-03
8.250020000000000270e-03
8.381490000000000121e-03
1.004209999999999998e-02
5.190850000000000325e-03
6.126900000000000228e-03
5.254990000000000182e-03
6.342859999999999644e-03
5.803479999999999750e-03
5.667479999999999914e-03
3.175820000000000205e-03
2.319519999999999828e-03
2.106929999999999914e-03
8.837959999999999523e-04
9.409050000000000183e-04
9.864999999999999637e-04
9.079290000000000277e-04
7.730929999999999790e-04
5.148219999999999576e-04
8.487969999999999847e-04
5.196419999999999555e-04
5.279959999999999775e-04
8.410670000000000299e-04
7.648740000000000226e-04
7.928120000000000523e-04
1.091090000000000072e-03
1.212449999999999899e-03
1.473160000000000051e-03
1.772829999999999979e-03
1.625710000000000046e-03
1.894920000000000024e-03
1.854699999999999925e-03
1.423720000000000064e-03
1.201610000000000091e-03
1.057980000000000032e-03
1.286959999999999970e-03
1.810900000000000053e-03
2.109349999999999854e-03
1.972209999999999849e-03
3.252290000000000129e-03
3.524170000000000080e-03
3.111459999999999920e-03
3.952820000000000118e-03
4.539960000000000002e-03
5.201510000000000335e-03
7.562189999999999884e-03
5.872839999999999831e-03
5.281880000000000082e-03
8.093190000000000106e-03
1.113090000000000086e-02
1.168300000000000068e-02
1.320950000000000076e-02
1.258190000000000003e-02
1.125460000000000002e-02
6.156580000000000039e-03
6.101050000000000223e-03
4.377739999999999757e-03
6.493259999999999831e-03
4.376839999999999897e-03
3.370460000000000036e-03
2.572109999999999848e-03
1.858910000000000076e-03
2.256419999999999867e-03
2.138119999999999864e-03
2.297260000000000187e-03
2.010919999999999808e-03
1.920199999999999945e-03
3.899849999999999844e-03
2.775220000000000117e-03
2.364970000000000093e-03
2.725110000000000206e-03
2.681100000000000063e-03
2.545019999999999834e-03
2.781490000000000178e-03
2.485750000000000112e-03
3.139519999999999811e-03
2.423569999999999891e-03
1.756039999999999945e-03
2.174549999999999920e-03
1.620539999999999958e-03
2.171170000000000044e-03
2.652799999999999863e-03
2.531559999999999973e-03
1.654260000000000062e-03
1.227259999999999983e-03
1.834459999999999997e-03
2.161100000000000000e-03
1.596540000000000025e-03
2.163060000000000069e-03
1.490919999999999962e-03
1.387109999999999992e-03
1.129299999999999965e-03
1.245170000000000088e-03
1.435120000000000015e-03
1.167770000000000049e-03
1.508269999999999923e-03
1.053969999999999994e-03
1.943349999999999939e-03
1.620880000000000107e-03
2.956649999999999903e-03
4.236379999999999660e-03
4.815690000000000075e-03
4.030050000000000299e-03
4.898760000000000267e-03
3.400859999999999907e-03
3.778489999999999800e-03
2.423919999999999981e-03
2.019969999999999839e-03
2.672990000000000088e-03
2.660210000000000092e-03
1.553539999999999956e-03
7.503090000000000020e-04
4.043920000000000002e-04
4.290009999999999809e-04
2.556640000000000106e-04
2.907280000000000259e-04
2.955710000000000065e-04
1.176340000000000057e-04
7.517990000000000165e-05
8.796930000000000493e-05
1.452489999999999912e-04
2.625600000000000069e-04
2.516220000000000110e-04
3.770679999999999887e-04
1.577449999999999881e-04
2.357089999999999891e-04
3.034860000000000010e-04
2.755500000000000028e-04
5.245780000000000451e-04
