3.336129999999999818e+00
3.260889999999999844e+00
3.392560000000000020e+00
3.724040000000000017e+00
3.850820000000000132e+00
4.065229999999999677e+00
4.891600000000000392e+00
6.328979999999999606e+00
8.884819999999999496e+00
1.076140000000000008e+01
6.808620000000000339e+00
3.822410000000000085e+00
3.480459999999999887e+00
2.007690000000000197e+00
2.384640000000000093e+00
1.096799999999999997e+00
7.333720000000000239e-01
8.855340000000000433e-01
1.461580000000000101e+00
1.806410000000000071e+00
2.011820000000000164e+00
1.893620000000000025e-02
3.618509999999999782e-02
4.061660000000000270e-02
4.604079999999999839e-01
1.110130000000000061e+00
9.103919999999999790e-01
1.163550000000000084e+00
2.336520000000000152e+00
1.382640000000000091e+00
2.285519999999999996e+00
1.982520000000000060e+00
6.273699999999999832e+00
7.024000000000000021e+00
3.555239999999999956e+00
3.353569999999999940e+00
6.722850000000000215e+00
5.525190000000000268e+00
2.383439999999999781e+00
2.252130000000000187e+00
2.106539999999999857e+00
2.893510000000000026e+00
3.578009999999999913e+00
4.114060000000000272e+00
3.743100000000000094e+00
3.108810000000000073e+00
1.504410000000000025e+00
1.515109999999999957e+00
1.549490000000000034e+00
2.161989999999999856e+00
3.488620000000000054e+00
5.105439999999999756e+00
4.546439999999999593e+00
3.583190000000000097e+00
2.505889999999999951e+00
1.897000000000000020e+00
2.564639999999999809e+00
1.062340000000000062e+00
2.383359999999999992e-02
1.128379999999999939e+00
8.860069999999999890e-01
2.219069999999999876e+00
3.322789999999999910e+00
2.481939999999999813e+00
2.145950000000000024e+00
2.167209999999999859e+00
1.362460000000000004e+00
1.702390000000000070e+00
3.474029999999999951e+00
2.209260000000000002e+00
1.323609999999999953e+00
9.491990000000000149e-01
7.376089999999999591e-01
3.833429999999999893e-01
1.292860000000000120e-01
2.457959999999999867e-01
2.201629999999999976e-01
2.147540000000000004e-01
1.842989999999999906e-01
1.913330000000000031e-01
2.652309999999999945e-01
4.920900000000000274e-01
5.254590000000000094e-01
4.115980000000000194e-01
4.527329999999999965e-01
5.222409999999999553e-01
4.243540000000000090e-01
5.256939999999999946e-01
4.161170000000000146e-01
2.522750000000000270e-01
2.323230000000000017e-01
1.027269999999999989e-01
6.905590000000000339e-02
4.194810000000000205e-02
4.558399999999999952e-02
3.983130000000000004e-02
4.686300000000000188e-02
2.770540000000000155e-02
2.273719999999999908e-02
3.246229999999999949e-02
2.177499999999999922e-02
3.101610000000000131e-02
3.176520000000000038e-02
5.844780000000000114e-02
6.262660000000000449e-02
7.955299999999999871e-02
5.685640000000000138e-02
4.421499999999999736e-02
2.926749999999999838e-02
4.548739999999999728e-02
2.261490000000000028e-02
2.193399999999999864e-02
1.883759999999999948e-02
2.181699999999999959e-02
3.748010000000000230e-02
2.887380000000000155e-02
3.104799999999999921e-02
4.642079999999999818e-02
5.084650000000000281e-02
5.010239999999999833e-02
5.732999999999999902e-02
7.335590000000000166e-02
7.338640000000000441e-02
7.412169999999999870e-02
5.829279999999999878e-02
4.756400000000000211e-02
4.957949999999999857e-02
4.253839999999999705e-02
4.013030000000000069e-02
3.797060000000000018e-02
4.474940000000000168e-02
2.543669999999999959e-02
3.536389999999999673e-02
3.293370000000000325e-02
4.385830000000000284e-02
6.748439999999999994e-02
1.021249999999999936e-01
7.347650000000000015e-02
5.864880000000000093e-02
6.001839999999999953e-02
3.561759999999999926e-02
3.576549999999999868e-02
3.471250000000000030e-02
2.653410000000000143e-02
1.685740000000000155e-02
1.062549999999999953e-02
1.388089999999999984e-02
7.314679999999999620e-03
6.997429999999999796e-03
1.351609999999999964e-02
1.116909999999999951e-02
1.139599999999999988e-02
1.064879999999999993e-02
1.081090000000000002e-02
1.379949999999999927e-02
1.552979999999999985e-02
1.367359999999999930e-02
1.142119999999999941e-02
7.299660000000000350e-03
3.888260000000000154e-03
3.421480000000000181e-03
2.768039999999999824e-03
3.823720000000000070e-03
4.934120000000000172e-03
6.609910000000000091e-03
4.144540000000000377e-03
5.090390000000000192e-03
5.000329999999999879e-03
4.371990000000000078e-03
5.607439999999999994e-03
5.795210000000000292e-03
6.321020000000000111e-03
8.869689999999999519e-03
6.425389999999999574e-03
3.146570000000000009e-03
6.349529999999999931e-03
9.323720000000000618e-03
7.615710000000000361e-03
2.439719999999999823e-03
2.609470000000000019e-03
2.287490000000000096e-03
1.346390000000000043e-03
1.276599999999999914e-03
1.046489999999999964e-03
7.668879999999999664e-04
3.344019999999999740e-04
3.620979999999999880e-04
2.114499999999999897e-04
3.162859999999999869e-04
3.459979999999999761e-04
9.029839999999999590e-05
1.012840000000000013e-04
7.350579999999999679e-05
3.801280000000000305e-05
6.456750000000000141e-05
