5.106849999999999667e+00
1.428409999999999958e-01
2.377380000000000049e-01
2.198730000000000129e-01
2.023929999999999896e-01
6.337989999999999569e+00
6.499259999999999593e+00
7.179800000000000182e+00
5.829729999999999634e+00
4.222819999999999574e+00
3.940479999999999983e+00
4.721930000000000405e+00
5.192210000000000214e+00
3.463639999999999830e+00
3.556719999999999882e+00
6.065409999999999968e+00
2.814379999999999882e+00
3.265330000000000066e+00
2.779339999999999922e+00
1.895199999999999996e+00
2.919799999999999951e+00
2.642490000000000006e+00
1.745230000000000059e+00
4.308139999999999858e+00
4.683860000000000134e+00
6.448710000000000164e+00
5.234689999999999621e+00
5.217740000000000045e+00
2.965230000000000032e+00
3.481909999999999866e-02
2.773310000000000011e-02
2.658479999999999871e-02
1.249759999999999933e-02
8.726019999999999263e-03
1.033270000000000022e-02
5.763220000000000322e-03
4.497400000000000356e-03
3.281399999999999855e-03
8.041819999999999871e-03
3.293920000000000181e-02
5.916079999999999950e-02
5.919170000000000265e+00
7.216239999999999988e+00
9.005330000000000723e+00
6.983399999999999608e+00
8.638410000000000366e+00
1.198550000000000004e+01
6.273539999999999672e+00
9.766849999999999810e+00
2.872489999999999988e+00
1.528000000000000018e-02
1.906470000000000040e-02
3.696350000000000156e-03
4.248889999999999958e-03
6.543099999999999611e-03
5.969310000000000241e-03
1.231029999999999971e-02
1.200470000000000009e-02
3.153459999999999930e+00
1.376619999999999955e+00
2.942869999999999861e-02
7.355690000000000062e+00
7.181490000000000151e+00
6.529259999999999842e+00
1.458329999999999949e+01
2.139829999999999899e+01
1.373910000000000053e+01
1.802349999999999852e+01
1.355680000000000085e+01
1.078500000000000014e+01
8.591070000000000206e+00
5.427609999999999602e+00
7.372459999999999951e-03
2.128499999999999837e+00
2.674580000000000179e+00
3.243809999999999860e+00
6.476049999999999689e-03
5.490059999999999732e-03
5.119229999999999788e-03
9.137680000000000455e-03
1.313139999999999967e-02
4.042869999999999624e-03
9.507289999999999838e-03
1.378349999999999964e+00
1.746359999999999912e+00
2.562370000000000037e+00
5.033150000000000013e+00
6.032169999999999810e+00
3.922029999999999905e+00
5.702390000000000292e+00
5.496800000000000352e+00
5.214680000000000426e+00
5.114700000000000024e+00
5.455390000000000406e+00
7.381879999999999775e+00
6.426470000000000127e+00
4.264980000000000437e+00
4.053119999999999834e+00
2.660219999999999807e+00
1.651029999999999998e+00
7.867380000000000484e-01
9.318330000000000224e-01
6.324359999999999982e-01
1.094359999999999999e+00
9.006950000000000234e-01
9.079599999999999893e-01
1.113720000000000043e+00
7.185449999999999893e-01
8.151519999999999877e-01
5.992809999999999526e-01
5.722429999999999461e-01
5.897109999999999852e-01
5.630690000000000417e-01
5.841830000000000078e-01
7.686020000000000074e-01
6.260850000000000026e-01
4.434899999999999953e-01
3.430239999999999956e-01
2.260500000000000009e-01
2.670690000000000008e-01
6.978419999999999623e-01
8.744100000000000206e-01
9.498010000000000064e-01
1.291390000000000038e+00
1.099830000000000085e+00
9.273700000000000276e-01
1.650360000000000049e+00
1.528790000000000093e+00
2.056010000000000115e+00
1.260250000000000092e+00
3.749919999999999920e-01
2.876589999999999980e-01
2.191210000000000102e-01
1.269530000000000103e-01
6.538180000000000380e-02
9.667389999999999317e-02
8.775499999999999967e-02
7.041600000000000636e-02
8.039409999999999612e-02
7.351069999999999827e-02
8.346459999999999990e-02
9.759400000000000019e-02
1.264490000000000058e-01
9.399409999999999710e-02
1.265930000000000111e-01
1.135349999999999970e-01
7.962289999999999646e-02
7.265570000000000361e-02
4.503429999999999933e-02
3.148630000000000179e-02
3.953140000000000126e-02
5.743840000000000057e-02
4.607959999999999834e-02
7.981779999999999431e-02
1.211070000000000063e-01
1.142370000000000052e-01
1.140570000000000056e-01
1.557900000000000118e-01
2.320339999999999903e-01
3.069999999999999951e-01
2.417960000000000109e-01
3.200470000000000259e-01
2.216849999999999932e-01
1.743810000000000082e-01
9.140159999999999951e-02
1.017799999999999955e-01
5.525170000000000081e-02
3.719469999999999721e-02
1.373740000000000031e-02
6.149070000000000404e-03
3.484549999999999887e-03
5.234240000000000247e-03
5.501699999999999993e-03
4.594580000000000018e-03
5.905310000000000420e-03
4.141810000000000110e-03
6.588860000000000203e-03
4.566269999999999878e-03
6.143169999999999881e-03
7.021430000000000379e-03
4.181469999999999632e-03
4.043330000000000361e-03
3.470389999999999846e-03
2.868470000000000134e-03
3.839280000000000036e-03
2.252989999999999854e-03
2.602979999999999964e-03
4.727839999999999647e-03
7.553159999999999735e-03
4.856380000000000419e-03
3.776929999999999957e-03
3.620120000000000109e-03
2.591679999999999852e-03
1.911020000000000036e-03
1.023990000000000013e-03
7.470800000000000097e-04
6.998279999999999952e-04
8.156720000000000333e-04
9.573710000000000466e-04
9.127710000000000467e-04
1.205670000000000049e-03
1.333390000000000053e-03
1.525120000000000035e-03
1.367659999999999926e-03
7.829249999999999621e-04
1.270190000000000034e-03
6.761329999999999858e-04
3.441440000000000037e-04
2.538670000000000141e-04
7.223660000000000562e-05
4.304799999999999848e-05
5.803840000000000322e-05
5.956249999999999766e-05
8.512149999999999469e-05
1.042739999999999981e-04
7.486399999999999338e-05
2.164869999999999891e-04
1.762590000000000077e-04
1.421580000000000033e-04
1.388059999999999988e-04
1.227710000000000075e-04
