1.694360000000000088e+00
2.777410000000000156e+00
8.316240000000000299e-01
1.713570000000000038e+00
2.108210000000000139e+00
9.458360000000000101e-01
1.779340000000000088e-01
1.177399999999999974e-01
2.052929999999999922e+00
3.672670000000000101e-01
8.962649999999999784e-01
1.374919999999999920e+00
9.137570000000000414e-01
4.559130000000000127e-01
2.426210000000000200e+00
9.215419999999999723e-01
1.995200000000000085e+00
4.475509999999999877e+00
3.938800000000000079e+00
5.106399999999999828e+00
5.902989999999999959e+00
6.164139999999999731e+00
4.291610000000000369e+00
2.844289999999999985e+00
3.413320000000000132e+00
3.943550000000000111e+00
3.428389999999999826e+00
6.180649999999999977e+00
6.150999999999999801e+00
4.522710000000000008e+00
3.938670000000000115e+00
4.414439999999999920e+00
5.761180000000000412e+00
5.120569999999999844e+00
4.893959999999999866e+00
3.897069999999999812e+00
3.387270000000000003e+00
2.843949999999999978e+00
4.669340000000000046e+00
7.297679999999999723e+00
1.047160000000000046e+01
1.137529999999999930e+01
1.029260000000000019e+01
1.367839999999999989e+01
2.152929999999999922e+01
2.314989999999999881e+01
1.926950000000000074e+01
2.109799999999999898e+01
1.649050000000000082e+01
1.397569999999999979e+01
1.335350000000000037e+01
8.239729999999999777e+00
1.135229999999999961e+01
1.029950000000000010e+01
6.840530000000000221e+00
4.189949999999999619e+00
7.736299999999999955e+00
1.585899999999999999e+01
3.783639999999999759e+01
2.766229999999999833e+01
4.405389999999999873e+01
5.659300000000000352e+01
4.174450000000000216e+01
4.097630000000000194e+01
7.448879999999999768e+01
1.212960000000000065e+02
1.589480000000000075e+02
8.306109999999999616e+01
4.663080000000000069e+01
2.120830000000000126e+01
1.612049999999999983e+01
1.718769999999999953e+01
9.153460000000000818e+00
8.194950000000000401e+00
6.462060000000000137e+00
3.246030000000000193e+00
2.237089999999999801e+00
1.646519999999999984e+00
2.060630000000000184e+00
2.867770000000000152e+00
1.949109999999999898e+00
1.724879999999999969e+00
1.363909999999999956e+00
1.100190000000000001e+00
6.798070000000000501e-01
4.692609999999999837e-01
7.187099999999999600e-01
6.548979999999999801e-01
6.182170000000000165e-01
6.038820000000000299e-01
6.536549999999999860e-01
5.977749999999999453e-01
7.411330000000000418e-01
1.137159999999999949e+00
1.027740000000000098e+00
1.193040000000000100e+00
9.662579999999999503e-01
1.172770000000000090e+00
1.488469999999999960e+00
2.588130000000000042e+00
2.936990000000000212e+00
1.887189999999999923e+00
9.681250000000000133e-01
6.953059999999999796e-01
5.834449999999999914e-01
6.130269999999999886e-01
8.144240000000000368e-01
8.807150000000000256e-01
8.730090000000000350e-01
5.637780000000000014e-01
3.372180000000000177e-01
3.742280000000000051e-01
3.506150000000000100e-01
3.173670000000000102e-01
3.794799999999999840e-01
3.348409999999999997e-01
2.634819999999999940e-01
2.774730000000000252e-01
2.703269999999999840e-01
2.851989999999999803e-01
2.331570000000000031e-01
3.194139999999999757e-01
2.477109999999999868e-01
2.461200000000000054e-01
1.620409999999999906e-01
1.663020000000000054e-01
1.873950000000000060e-01
1.820920000000000039e-01
2.417759999999999909e-01
1.490229999999999888e-01
8.179989999999999484e-02
1.099720000000000003e-01
1.826530000000000098e-01
1.821309999999999873e-01
2.494830000000000103e-01
3.785560000000000036e-01
5.683930000000000371e-01
2.346270000000000022e-01
3.263380000000000170e-01
3.074660000000000171e-01
3.871829999999999994e-01
6.478739999999999499e-01
2.433200000000000085e-01
4.369509999999999783e-01
3.245509999999999784e-01
2.760540000000000216e-01
2.660730000000000040e-01
1.639889999999999959e-01
1.136960000000000054e-01
1.165140000000000065e-01
1.241349999999999953e-01
1.728470000000000006e-01
1.394050000000000011e-01
1.195169999999999982e-01
1.822519999999999973e-01
1.775420000000000054e-01
1.913469999999999893e-01
1.508049999999999946e-01
1.475349999999999995e-01
1.491570000000000118e-01
1.421250000000000013e-01
1.046590000000000020e-01
4.306709999999999705e-02
6.199969999999999787e-02
7.049700000000000411e-02
9.485580000000000400e-02
8.231099999999999528e-02
5.495579999999999909e-02
4.881950000000000178e-02
4.097259999999999791e-02
6.654050000000000242e-02
8.812109999999999388e-02
8.016320000000000390e-02
6.892059999999999853e-02
7.483750000000000124e-02
5.457329999999999820e-02
6.568970000000000364e-02
7.325180000000000580e-02
9.180950000000000222e-02
1.045750000000000013e-01
1.301059999999999994e-01
7.092840000000000256e-02
5.272000000000000297e-02
4.572149999999999825e-02
3.118659999999999835e-02
3.179429999999999756e-02
2.375210000000000168e-02
3.043500000000000025e-02
3.201670000000000210e-02
1.936500000000000027e-02
1.839299999999999963e-02
1.386689999999999971e-02
2.570820000000000050e-02
1.491759999999999961e-02
8.369390000000000857e-03
4.260400000000000124e-03
3.172569999999999991e-03
2.209340000000000175e-03
1.412360000000000091e-03
1.257190000000000044e-03
1.088970000000000085e-03
3.843970000000000264e-04
4.151019999999999840e-04
9.726059999999999914e-04
1.620769999999999893e-03
1.210710000000000041e-03
1.724000000000000055e-03
1.263060000000000094e-03
1.061560000000000021e-03
7.117700000000000242e-04
6.165489999999999816e-04
6.919269999999999501e-04
7.316459999999999674e-04
9.097260000000000242e-04
2.230789999999999856e-03
3.933220000000000292e-03
3.860650000000000193e-03
5.857199999999999906e-03
1.084740000000000010e-02
9.213209999999999456e-03
8.027440000000000270e-03
6.008170000000000177e-03
1.042219999999999952e-02
1.387339999999999927e-02
2.079589999999999911e-02
1.841900000000000134e-02
2.275670000000000123e-02
1.299559999999999951e-02
9.820100000000000010e-03
8.704190000000000538e-03
8.010110000000000841e-03
7.068419999999999738e-03
1.553279999999999939e-02
