1.045373866820451880e+01
1.045492713958936726e+01
1.045610477046565379e+01
1.045714433206319249e+01
1.045824643000933740e+01
1.045968644181021823e+01
1.046059418130767327e+01
1.045798478358679517e+01
1.045431729096057261e+01
1.045277207011864462e+01
1.045076318109857461e+01
1.044843112804585950e+01
1.044609892370238313e+01
1.044453193224646981e+01
1.044490160366689757e+01
1.044539556728683927e+01
1.044594496736946887e+01
1.044672507216975177e+01
1.044429467767520237e+01
1.043657606399906079e+01
1.042626557965114564e+01
1.041883637040420219e+01
1.041384941067212999e+01
1.041121552307514264e+01
1.040943771136690188e+01
1.040716477450971134e+01
1.040367119376245242e+01
1.039920110427980937e+01
1.039653758133279204e+01
1.039594288066610694e+01
1.039530367284421075e+01
1.038617780779088484e+01
1.037363461219913496e+01
1.035930034472505668e+01
1.034395579480613492e+01
1.032685383731051587e+01
1.031596614935469525e+01
1.031275264823640114e+01
1.031330395901812125e+01
1.031572690448688867e+01
1.031482961237340135e+01
1.031093322296806924e+01
1.031058711489035495e+01
1.031339049982455691e+01
1.031306535481351006e+01
1.030973234234270919e+01
1.030300587690824621e+01
1.029105789443427632e+01
1.028271498804699746e+01
1.027522840443837460e+01
1.026593987322923951e+01
1.025828520350600215e+01
1.025223876155351554e+01
1.024269295771496147e+01
1.022489805839230925e+01
1.020037163510276201e+01
1.016585541113062341e+01
1.013291256193523182e+01
1.011139694934560573e+01
1.008682591308615706e+01
1.004654198601357429e+01
1.000287849787197381e+01
9.969964956989763039e+00
9.935996704819766379e+00
9.901282279300286149e+00
9.878292524017126652e+00
9.849667511194050817e+00
9.817723326190680666e+00
9.794834368180913131e+00
9.777181692229415688e+00
9.752656802469827468e+00
9.721892192282318490e+00
9.701227668799608850e+00
9.682052067804708173e+00
9.658179355007513678e+00
9.639298187771206727e+00
9.625452390616064946e+00
9.615638678156575025e+00
9.606627467240118179e+00
9.598016401155227584e+00
9.591006697234840672e+00
9.579894441850965947e+00
9.561707064389873167e+00
9.539745851611552752e+00
9.518713932492969931e+00
9.498049898896168131e+00
9.479724991458178707e+00
9.466876513665411608e+00
9.456637761783175833e+00
9.446572890829960656e+00
9.439840915704479585e+00
9.435608687739978961e+00
9.431334810228385379e+00
9.427695415855740890e+00
9.392848138785346634e+00
9.363632660089377779e+00
9.354540596885215109e+00
9.346241452090314539e+00
9.339906367422731392e+00
9.335953095110360422e+00
9.332044386185510021e+00
9.328175661438322663e+00
9.325107037339689597e+00
9.321163296760678563e+00
9.317954747768320445e+00
9.313504454091820151e+00
9.304137088879874895e+00
9.290593266843165665e+00
9.270690479272330364e+00
9.245497862068075889e+00
9.216667229548209050e+00
9.184844684179855889e+00
9.154858962703634973e+00
9.122117536313263386e+00
9.086416783593577406e+00
9.057201898582670552e+00
9.036800503573450882e+00
9.023034228437959214e+00
9.011680377652263374e+00
9.001681801999698251e+00
8.993056442607830547e+00
8.984901590371837443e+00
8.976576926842602333e+00
8.971051683807285571e+00
8.965625437175534174e+00
8.959699970393931068e+00
8.955777677954891658e+00
8.951748786448948891e+00
8.945853961239413010e+00
8.938978294097063682e+00
8.932222044471936684e+00
8.925436894544988675e+00
8.916075289301112150e+00
8.905568153254845853e+00
8.895106379527648599e+00
8.883420093395862693e+00
8.871409460622682985e+00
8.860249341543742219e+00
8.852605628080041811e+00
8.845454635471300620e+00
8.838257039809503723e+00
8.833000409118939800e+00
8.824995504892996223e+00
8.811611865720706760e+00
8.771158118153664418e+00
8.712293535143970757e+00
8.696991200384285747e+00
8.679125238744207493e+00
8.653124680898935495e+00
8.617029712701324229e+00
8.575160123118536148e+00
8.533217718812322161e+00
8.491468152980537809e+00
8.452134652238340706e+00
8.421352160514837593e+00
8.393805011455530263e+00
8.353985435682186989e+00
8.308336002108426044e+00
8.256715341239479145e+00
8.186275275261621687e+00
8.100094715014989788e+00
7.917130394443174346e+00
7.641964645627282060e+00
7.438015179919635678e+00
7.149563947221287741e+00
6.865817337761288108e+00
6.703302557832715003e+00
6.495477731368427321e+00
6.319599437429554101e+00
6.188748544568015042e+00
6.054210743752848956e+00
5.882424917703978018e+00
5.720033546607428576e+00
5.611463078106576852e+00
5.338348902746366420e+00
4.726274753087021274e+00
3.786360949333206438e+00
3.734548617965744111e+00
3.671245990635783940e+00
3.600847705049589287e+00
3.560497246588736786e+00
3.537679343061262749e+00
3.511331121955636902e+00
3.484230061841186110e+00
3.446397350208594279e+00
3.377947018309504390e+00
3.265951644099067241e+00
3.158811633918202855e+00
3.084397519141149235e+00
2.980063395573399720e+00
2.887849012250417680e+00
2.817800631299124614e+00
2.706937007314773602e+00
2.545048442446347536e+00
2.391758778877701719e+00
2.261904911837201215e+00
2.045714058940867552e+00
1.579426871524477249e+00
