1.077386540043671559e+01
1.077118533352782670e+01
1.077139049726205045e+01
1.077160658647881597e+01
1.077187691406884440e+01
1.077253366699235038e+01
1.077337315684198060e+01
1.077437534074054959e+01
1.077419495753006018e+01
1.077236498729331871e+01
1.077159409445244975e+01
1.077202816532485485e+01
1.077176895013191249e+01
1.077083876177786692e+01
1.077006810233034884e+01
1.076949474697423703e+01
1.076927686539394635e+01
1.076915716865805273e+01
1.076896721168479232e+01
1.076665075151818662e+01
1.076369373042085797e+01
1.076178204729246701e+01
1.075828420883873271e+01
1.075544949599595768e+01
1.075222289923268093e+01
1.074642712030705383e+01
1.074015338808993825e+01
1.073357840996838064e+01
1.072490145840573916e+01
1.070608507765091311e+01
1.068847588508961799e+01
1.067869861481644378e+01
1.067439997455787015e+01
1.066759489261988314e+01
1.065838444329941304e+01
1.065058239214427616e+01
1.064410461566924582e+01
1.063934801092514348e+01
1.063649592019576673e+01
1.063518003663176970e+01
1.063410125628960401e+01
1.063160507742298044e+01
1.062495210466312123e+01
1.061667397314880290e+01
1.060897079714724178e+01
1.060051332361112486e+01
1.058948826738393123e+01
1.057698022604896693e+01
1.055933316930689969e+01
1.053988869886200952e+01
1.052419743075323311e+01
1.050838560355992435e+01
1.049437586079218576e+01
1.047969764969032269e+01
1.046431513886167508e+01
1.045259289087893606e+01
1.044657755023371770e+01
1.043835720020197755e+01
1.042022317832426381e+01
1.039972216597220545e+01
1.038652571798017021e+01
1.037521720417179516e+01
1.035942564881555050e+01
1.033828313965357637e+01
1.031572270603189700e+01
1.028729774556096999e+01
1.025446106449000894e+01
1.022050295947675203e+01
1.018504326549048500e+01
1.015088532792903209e+01
1.011514768328141756e+01
1.007931151485285248e+01
1.004608135345832842e+01
1.000465664007853661e+01
9.946286670957899645e+00
9.887899612482424772e+00
9.841298139237958154e+00
9.798019113113500822e+00
9.768032478345514136e+00
9.743516819996640876e+00
9.713370402472351728e+00
9.700099437282576176e+00
9.687135510217583345e+00
9.674474418974822854e+00
9.661593117363283412e+00
9.650955081325315987e+00
9.641512778839198106e+00
9.628935286351843814e+00
9.621895700115528527e+00
9.621720367391901618e+00
9.619752623484270515e+00
9.615151182950871345e+00
9.606217936440785365e+00
9.583889919896467546e+00
9.545095485547538061e+00
9.473980106906681797e+00
9.373467397405910617e+00
9.285102524413964886e+00
9.217499736453390824e+00
9.163209097023317540e+00
9.128211809516479036e+00
9.113562342370846281e+00
9.105080787427148437e+00
9.096652834542430455e+00
9.089463530840191652e+00
9.079618939017072066e+00
9.064401826826438580e+00
9.051399517502929370e+00
9.040269965815520337e+00
9.021871226167570867e+00
8.992044702136020362e+00
8.953110421897273241e+00
8.916189079767297798e+00
8.884225934802973512e+00
8.864457680913000459e+00
8.850390115821086923e+00
8.838092507936311293e+00
8.828321478954975987e+00
8.816316217615799644e+00
8.797951345037235527e+00
8.771461068829053076e+00
8.729793089685941254e+00
8.678707715649462529e+00
8.641306507922431379e+00
8.620698086878658017e+00
8.607131058132337031e+00
8.594315188234235237e+00
8.585870014244655124e+00
8.579298744858848025e+00
8.572411517367017453e+00
8.562978864612954766e+00
8.547735334131814966e+00
8.531201646484520396e+00
8.514089310178642123e+00
8.488801632371925976e+00
8.433726642270691798e+00
8.420747654769476398e+00
8.403094771727788626e+00
8.378913659984009499e+00
8.339727632335010910e+00
8.300378064870702843e+00
8.251277983784234493e+00
8.192662218429207499e+00
8.150188262849813015e+00
8.123845110173892436e+00
8.101496182683773029e+00
8.073538731522681644e+00
8.046639514968056517e+00
8.026222651302845179e+00
8.004028879023161736e+00
7.975413884875075077e+00
7.944550278642322994e+00
7.912499979843114595e+00
7.884825939016132601e+00
7.860108518657373367e+00
7.842465699037410864e+00
7.830229280867812669e+00
7.820185690564620984e+00
7.811668154727646751e+00
7.802783984095578163e+00
7.792627685431622098e+00
7.783744975685477741e+00
7.774843840883243651e+00
7.760466212263203545e+00
7.744250725387541223e+00
7.725081434798227953e+00
7.704271518799693297e+00
7.671083937517091833e+00
7.621620738571023956e+00
7.571888101372779900e+00
7.538910382580127134e+00
7.507827547219029007e+00
7.476222784050584380e+00
7.450330723371878072e+00
7.431190011613399982e+00
7.411761081153323438e+00
7.396514924384646861e+00
7.386588133907788567e+00
7.377417360861369566e+00
7.367251528690872853e+00
7.356672034981305508e+00
7.341111899075706049e+00
7.331753148193502767e+00
7.321227558219034925e+00
7.303757468353810900e+00
7.286627100031876303e+00
7.273535993544602896e+00
7.264262798920033681e+00
7.254323258846491207e+00
7.244056824432004937e+00
7.242059163322127624e+00
7.241894971630702393e+00
7.240908515763645248e+00
7.233942399415178137e+00
7.222940062236516745e+00
7.183545995635554071e+00
7.093565258796595607e+00
7.023758498552425955e+00
7.010189672555014795e+00
6.926164369966762102e+00
6.709491292964903764e+00
6.281508330190853862e+00
4.754556257936214614e+00
2.423732338972859779e+00
2.040048241547462116e+00
1.633561364460235366e+00
1.365218339106849976e+00
1.228592822469461998e+00
1.192165865890163490e+00
1.156021863164385710e+00
1.120313934728911276e+00
1.082512504608951431e+00
1.043000542867626113e+00
9.770703009768637592e-01
8.708508463598425564e-01
7.522805219671544474e-01
6.041785157634653736e-01
3.811818901064754073e-01
-7.549638640209282991e-02
