1.020248286791070313e+01
1.019289346992703571e+01
1.018264857199877760e+01
1.017182880056141947e+01
1.016052255195177345e+01
1.014862116127890879e+01
1.013319389044756846e+01
1.010372164180204635e+01
1.006185943943110850e+01
1.001678689078578977e+01
9.978386426908295803e+00
9.959066208439605106e+00
9.949489053529125826e+00
9.943095157349416624e+00
9.935558652618771802e+00
9.926321863461030404e+00
9.919203130255429102e+00
9.911758278035923908e+00
9.898900070537488105e+00
9.883259881990710483e+00
9.877440458855396344e+00
9.878733146670359844e+00
9.879871409149151518e+00
9.881068950920722571e+00
9.882486400329826282e+00
9.884018375005789281e+00
9.885692469409981697e+00
9.887432179430167167e+00
9.889178961948553948e+00
9.891092342617618272e+00
9.893057890054819836e+00
9.893520975262656947e+00
9.895761671629587752e+00
9.898157266502522589e+00
9.900730254578384404e+00
9.903507794393203056e+00
9.906575830666223936e+00
9.910008272918288341e+00
9.913960004955766792e+00
9.918788640700446635e+00
9.918235896145326080e+00
9.816066884135354442e+00
9.775855011062827060e+00
9.746425562950820520e+00
9.709812490068124191e+00
9.666796812912707537e+00
9.622888262344785559e+00
9.602928796426903446e+00
9.586232748682204985e+00
9.543792490165328601e+00
9.512664388332369825e+00
9.491126270446173407e+00
9.467683564167751697e+00
9.434412402091984617e+00
9.374894918566980095e+00
9.307553797377625671e+00
9.261146248042084750e+00
9.227899553372772345e+00
9.203511544375015063e+00
9.186947864099009209e+00
9.170830620514825782e+00
9.139526472408274316e+00
9.095549410775644716e+00
9.027846824698205097e+00
8.967539552321783347e+00
8.922030134271970780e+00
8.870103541233913091e+00
8.805601434278862882e+00
8.740558472687371960e+00
8.691639259699503128e+00
8.638729799454505809e+00
8.574786861505986124e+00
8.493864967811040501e+00
8.412457187304916317e+00
8.343002668724182058e+00
8.276275638071128427e+00
8.227357005007624124e+00
8.184052292391864825e+00
8.158763426179131528e+00
8.132979713705758229e+00
8.110172048167786585e+00
8.082799726921528816e+00
8.055836851018405298e+00
8.036756610252627553e+00
8.027059981567354896e+00
8.020804467792659764e+00
8.013515543357106807e+00
8.005446500775354579e+00
7.996923006344135665e+00
7.988566091020953941e+00
7.979133001530241742e+00
7.970506801065630142e+00
7.962854035156927246e+00
7.952851991047610092e+00
7.942193643231838074e+00
7.932878444063320877e+00
7.923734007721709993e+00
7.913131155963749386e+00
7.897534175316869742e+00
7.872714958085155423e+00
7.842537475254264479e+00
7.798914318157025960e+00
7.734578226888899621e+00
7.672799554177160530e+00
7.620145428134808441e+00
7.576378211833493914e+00
7.548673121841853906e+00
7.528332965862921000e+00
7.510127940921037748e+00
7.498670248792960180e+00
7.485745553282614040e+00
7.468192197536100529e+00
7.450623179652552608e+00
7.435223046211029363e+00
7.418760207437298249e+00
7.397531579867422380e+00
7.376370709449926899e+00
7.358146228389821353e+00
7.343063778794157059e+00
7.331516373432531708e+00
7.322024852730324440e+00
7.315571534614452531e+00
7.308741509841346407e+00
7.301813190582850055e+00
7.292563956751771492e+00
7.279112317154478262e+00
7.262795066587510284e+00
7.141208257340274201e+00
7.109372655345841174e+00
7.048705873740859218e+00
6.973093663113820284e+00
6.931985924200117388e+00
6.907479617043202680e+00
6.889246781796119379e+00
6.877349457797905075e+00
6.869240522908279800e+00
6.857858157051301085e+00
6.843478829360299720e+00
6.835224961186976422e+00
6.828616078264376554e+00
6.823095849972996341e+00
6.818456180229033770e+00
6.814679676915448070e+00
6.808461481148137651e+00
6.800120200569479856e+00
6.792765582140713576e+00
6.788047402574884259e+00
6.783029826149286734e+00
6.775506321340365012e+00
6.766771140953725450e+00
6.751526981498749080e+00
6.729308180427686636e+00
6.707458607695636843e+00
6.685566194431252107e+00
6.662904145390311506e+00
6.637913810088263311e+00
6.616281166953657866e+00
6.599256275675572603e+00
6.585780974089588291e+00
6.573931658104195996e+00
6.561830957922966334e+00
6.548067417166588022e+00
6.525988856875079236e+00
6.498174039784820444e+00
6.469268121471390742e+00
6.434500241758464689e+00
6.397204560043511457e+00
6.360828103915139309e+00
6.317265003134963308e+00
6.279917777023895198e+00
6.247580506233836317e+00
6.206186101969419333e+00
6.162325389190677072e+00
6.128408962682872385e+00
6.108219886338031479e+00
6.091941162265576359e+00
6.072088064270936947e+00
6.044810130360418476e+00
6.006397576638889291e+00
5.944283739463573468e+00
5.920873297914012845e+00
5.895647370602109305e+00
5.871683829923625808e+00
5.723715842390345365e+00
5.682439321788621100e+00
5.637171397101722548e+00
5.602464782227898787e+00
5.577296438279286228e+00
5.549138191326020042e+00
5.511371259830530889e+00
5.477728841782552927e+00
5.419564211621691108e+00
5.329871581646754564e+00
5.223768425222239387e+00
5.121172318743313134e+00
5.026386159637257656e+00
4.938132289820766907e+00
4.864976570807306722e+00
4.780667199548080504e+00
4.678887872882961929e+00
4.588307569680067033e+00
4.507360601589629923e+00
4.426971337204056667e+00
4.346202314649538323e+00
4.182417505871184993e+00
3.962804359409205723e+00
3.745723405399508543e+00
3.517960849405002755e+00
3.358513520612921965e+00
3.214960350451755655e+00
3.042185535464145829e+00
2.859128686245292705e+00
2.674468905011161191e+00
2.453646994933182057e+00
2.195996458860295153e+00
2.019942533669712326e+00
1.790498387578286943e+00
1.272806664540504062e+00
