3.364390000000000214e+00
3.079559999999999853e+00
2.715669999999999806e+00
2.376669999999999838e+00
2.464030000000000165e+00
2.558930000000000149e+00
2.552820000000000089e+00
2.583200000000000163e+00
2.640109999999999957e+00
1.109509999999999996e+00
9.304320000000000368e-01
8.461140000000000327e-01
9.900640000000000551e-01
7.169590000000000130e-01
1.033460000000000045e+00
2.889429999999999943e+00
1.909960000000000102e+00
2.266960000000000086e+00
2.593999999999999861e+00
2.564099999999999824e+00
3.397479999999999833e+00
6.017470000000000319e+00
4.675930000000000142e+00
4.745840000000000281e+00
3.230679999999999996e+00
1.354980000000000073e+00
1.298519999999999897e+00
1.072100000000000053e+00
1.215810000000000057e+00
1.826549999999999896e+00
1.969260000000000010e+00
1.359599999999999920e+00
1.628049999999999997e+00
2.399410000000000043e+00
3.140559999999999796e+00
7.161640000000000228e+00
5.926639999999999908e+00
5.223419999999999952e+00
5.743339999999999890e+00
1.482329999999999970e+01
7.055049999999999599e+00
7.576050000000000395e+00
5.489060000000000272e+00
2.835459999999999869e+00
1.965729999999999977e+00
1.176039999999999974e+00
8.430170000000000163e-01
3.026989999999999958e-01
2.578840000000000021e-01
2.043320000000000136e-01
5.525259999999999616e-01
8.575450000000000017e-01
1.291490000000000027e+00
1.008210000000000051e+00
5.006819999999999604e-01
4.647930000000000117e-01
2.116510000000000058e-01
1.192190000000000055e-01
8.941540000000000599e-02
1.868029999999999968e-01
1.303489999999999926e-01
9.998179999999999568e-02
8.877259999999999318e-02
4.016900000000000331e-02
3.265069999999999778e-02
2.419910000000000116e-02
3.810700000000000198e-02
9.703370000000000051e-02
6.483110000000000261e-02
4.980119999999999686e-02
9.432759999999999756e-02
6.361709999999999587e-02
5.132830000000000031e-02
4.950229999999999908e-02
5.037810000000000205e-02
4.146310000000000273e-02
2.291050000000000031e-01
3.072250000000000258e-01
3.812949999999999950e-01
4.525359999999999938e-01
5.262820000000000276e-01
5.019970000000000265e-01
7.849549999999999583e-01
4.953279999999999905e-01
3.844739999999999824e-01
3.918420000000000236e-01
4.350869999999999738e-02
3.884769999999999890e-02
4.581439999999999818e-02
4.816440000000000304e-02
7.553039999999999754e-02
8.444989999999999442e-02
1.180469999999999992e-01
7.200610000000000344e-02
1.036989999999999995e-01
1.401390000000000136e-01
1.328449999999999909e-01
8.269350000000000311e-02
8.710710000000000675e-02
7.376389999999999336e-02
6.015179999999999833e-02
6.396640000000000659e-02
3.983960000000000279e-02
2.910230000000000108e-02
2.816890000000000019e-02
1.992139999999999883e-02
7.345029999999999788e-03
7.040020000000000132e-03
4.237280000000000386e-03
4.843939999999999704e-03
3.260199999999999990e-03
6.790219999999999589e-03
1.138989999999999968e-02
1.047359999999999958e-02
1.073329999999999944e-02
1.156279999999999981e-02
7.564999999999999676e-03
7.416650000000000326e-03
8.316709999999999728e-03
5.988099999999999673e-03
5.922529999999999635e-03
4.367769999999999986e-03
3.287249999999999808e-03
1.825870000000000054e-03
1.103690000000000053e-03
2.178129999999999910e-03
2.093569999999999893e-03
2.063419999999999838e-03
1.558289999999999936e-03
1.202029999999999982e-03
1.209489999999999914e-03
1.481340000000000044e-03
1.085110000000000024e-03
7.251000000000000067e-04
7.122829999999999700e-04
8.484220000000000433e-04
8.182859999999999917e-04
1.625820000000000043e-03
1.820940000000000059e-03
1.516809999999999947e-03
2.240810000000000198e-03
2.379019999999999919e-03
1.989760000000000140e-03
1.683150000000000011e-03
2.220170000000000043e-03
2.193730000000000072e-03
2.959010000000000199e-03
2.457040000000000179e-03
2.136050000000000015e-03
3.773569999999999963e-03
2.512030000000000166e-03
2.983210000000000028e-03
2.782390000000000037e-03
4.655829999999999691e-03
5.946710000000000017e-03
1.099540000000000066e-02
9.365369999999999598e-03
6.922089999999999667e-03
5.487129999999999785e-03
1.008960000000000065e-02
6.320250000000000347e-03
8.427159999999999512e-03
8.394820000000000754e-03
9.195689999999999420e-03
1.356470000000000072e-02
8.302320000000000186e-03
6.629089999999999809e-03
5.947840000000000245e-03
4.769770000000000433e-03
3.555550000000000203e-03
3.244490000000000048e-03
3.313340000000000122e-03
2.384709999999999955e-03
1.969149999999999807e-03
1.124690000000000021e-03
8.153290000000000537e-04
7.295150000000000245e-04
5.786110000000000341e-04
5.276750000000000190e-04
5.240629999999999594e-04
6.450460000000000308e-04
3.315910000000000038e-04
4.205079999999999929e-04
3.324569999999999782e-04
4.407459999999999980e-04
6.076080000000000413e-04
7.688629999999999467e-04
4.491769999999999856e-04
3.233770000000000177e-04
2.718719999999999882e-04
1.405210000000000053e-04
9.798130000000000327e-05
8.844390000000000205e-05
4.455110000000000108e-05
1.012820000000000071e-05
4.993849999999999629e-06
8.806750000000000003e-06
4.691760000000000291e-06
2.686300000000000013e-06
4.670259999999999734e-06
3.716110000000000154e-06
4.406620000000000002e-06
2.714049999999999875e-06
2.080579999999999907e-06
3.963589999999999773e-06
4.733990000000000054e-06
4.620569999999999876e-06
5.046020000000000182e-06
7.113920000000000322e-06
3.814500000000000070e-06
2.142379999999999891e-06
1.114760000000000064e-06
6.760159999999999833e-07
7.238250000000000113e-07
1.109330000000000048e-07
9.216720000000000490e-08
4.005420000000000009e-08
3.345420000000000055e-08
