1.024369024129702410e+01
1.023383341488443321e+01
1.022059443473784413e+01
1.020382401871596123e+01
1.018493547547450184e+01
1.016675859686292682e+01
1.014990850820199597e+01
1.013220844232089490e+01
1.011538415365429522e+01
1.010054629541317261e+01
1.008991570385856207e+01
1.008336643354324558e+01
1.007586435479584352e+01
1.006770676007175780e+01
1.006212300648473423e+01
1.005957856304196163e+01
1.005633303495116238e+01
1.004861269083063746e+01
1.003969958882833247e+01
1.002606317138453207e+01
1.000645748463818308e+01
9.984722589440588436e+00
9.959296167304684033e+00
9.937766061015690156e+00
9.918827908566409945e+00
9.898963649061336412e+00
9.885954011780178519e+00
9.879536834504136777e+00
9.864015394062384701e+00
9.849148432716189561e+00
9.840062788368122426e+00
9.827025320423098620e+00
9.814598486444666037e+00
9.804574190914012277e+00
9.792681589357790983e+00
9.775352634286097242e+00
9.758475865885387179e+00
9.739145751168750920e+00
9.712694307103017621e+00
9.684779853610772093e+00
9.651689816811849454e+00
9.611696761078521334e+00
9.561229028376818206e+00
9.496438368583961065e+00
9.439449542806418236e+00
9.400247787194494720e+00
9.375709326763612239e+00
9.363903291885820934e+00
9.346231668060768882e+00
9.325989516412510838e+00
9.307855305394257428e+00
9.281735401592355217e+00
9.241130414509717284e+00
9.210479042645248526e+00
9.199181771440274602e+00
9.172745921307630113e+00
9.121783006983299913e+00
9.058076626145707522e+00
9.007000558602124229e+00
8.977855702150154826e+00
8.962522756127475176e+00
8.946401659879757773e+00
8.923763513726335361e+00
8.899649814130532022e+00
8.885885675735597289e+00
8.881819304368599788e+00
8.882620720969660155e+00
8.880765588658858789e+00
8.866138412587254436e+00
8.847562788700813030e+00
8.829952477930271826e+00
8.803837980546411757e+00
8.763255739181211368e+00
8.718311487689492267e+00
8.686363632640039967e+00
8.667920618279801204e+00
8.663206056559415558e+00
8.665309824078491374e+00
8.667553809573815826e+00
8.669992440707218861e+00
8.672707290472642327e+00
8.675837892741506963e+00
8.675341078440649056e+00
8.668821856228079881e+00
8.662317649489523319e+00
8.655670407856788984e+00
8.641923045969711836e+00
8.620432773558311723e+00
8.590082437161226991e+00
8.554919001724197614e+00
8.528946251855300531e+00
8.504746711583958785e+00
8.477325325173355353e+00
8.461963486124938427e+00
8.453602679247650187e+00
8.448383183539757368e+00
8.445710039927609714e+00
8.444010425930031261e+00
8.441234680842359950e+00
8.438673645665717871e+00
8.435935099854100727e+00
8.432634226057086124e+00
8.428057002975906542e+00
8.414921563618461775e+00
8.402622427748527301e+00
8.387015887361570776e+00
8.368498865583163138e+00
8.343581883101750307e+00
8.314033738267374574e+00
8.279244761604362068e+00
8.237923077441600128e+00
8.143058539941677054e+00
8.081433725968162562e+00
8.031008325054971309e+00
7.982447629344767925e+00
7.931608881271386302e+00
7.893060112265862571e+00
7.863374615419927771e+00
7.840342632659465849e+00
7.825216385343058079e+00
7.810095350710087203e+00
7.785048520443591968e+00
7.762064567060758868e+00
7.739454459822394661e+00
7.704760332329840367e+00
7.655602267198941213e+00
7.592214520491573637e+00
7.516479844110745212e+00
7.433774632732407461e+00
7.358909011394675126e+00
7.280056812890927986e+00
7.222115324598098240e+00
7.161745225290889749e+00
7.089749726269631402e+00
7.009306390230047867e+00
6.896372974890642382e+00
6.751045723507587581e+00
6.610449351375504712e+00
6.457203443978317914e+00
6.359818413662391201e+00
6.311372361803548436e+00
6.287021986653774874e+00
6.267608151068547961e+00
6.250693180317930420e+00
6.241887506896872218e+00
6.234183082278877741e+00
6.224947218777086455e+00
6.213987656352287559e+00
6.201874858535878943e+00
6.189936450485538089e+00
6.178608647503754270e+00
6.167766169140768362e+00
6.160162286077663474e+00
6.154134752965644495e+00
6.149511623882736089e+00
6.146239697046310013e+00
6.141314917355146896e+00
6.136400275774105850e+00
6.133344070823264715e+00
6.132064277112742268e+00
6.130636060903923656e+00
6.127881943484625005e+00
6.124905077481644255e+00
6.119800066362132362e+00
6.111749645156315580e+00
6.103091852398545569e+00
6.093376151902266891e+00
6.080792381696146442e+00
6.065628257400359047e+00
6.050576942287404947e+00
6.035641830235783267e+00
6.023746163152475575e+00
6.012233853229812297e+00
5.998737409581055502e+00
5.981745237359203493e+00
5.953688672257240633e+00
5.923338848240771171e+00
5.889936708934149223e+00
5.834137652392806572e+00
5.770629654841674672e+00
5.719087549559237260e+00
5.660146115709419057e+00
5.515394266205723817e+00
5.455773409227346882e+00
5.387930577754059591e+00
5.314888508031930137e+00
5.253274989278350127e+00
5.221839195032653258e+00
5.211763760700412362e+00
5.202387496727102878e+00
5.193294385439252814e+00
5.184029550144605203e+00
5.177475896471582573e+00
5.174405825528247682e+00
5.170123775648977293e+00
5.164668051070411714e+00
5.157629001099802935e+00
5.140643149825997682e+00
5.113879873859020542e+00
5.088989657262340316e+00
5.062277307224738010e+00
5.027863117258302594e+00
4.997036710882526656e+00
4.953798336908721289e+00
4.866474016041249406e+00
4.744613694833976325e+00
4.591503134335546576e+00
4.440547019116441341e+00
4.345701043657360430e+00
4.264919303884362911e+00
4.208027289368989621e+00
4.118072839988511369e+00
3.973672228442502785e+00
3.813166509936321447e+00
3.658455009430022553e+00
3.514529158614702276e+00
3.376332369453643789e+00
3.187218865897023967e+00
2.746971852242011014e+00
