1.038714235037890532e+01
1.038386381762062349e+01
1.038545969681846870e+01
1.038730260270486205e+01
1.038945315561293548e+01
1.038691433405811004e+01
1.037842879108884553e+01
1.037148163090670572e+01
1.036762238051531959e+01
1.036706132100810684e+01
1.036764659600051708e+01
1.036518836812710020e+01
1.036216945883347407e+01
1.035736684521834583e+01
1.034428417789659349e+01
1.032891755061645789e+01
1.031720852097283370e+01
1.030731629266049687e+01
1.029800767136726769e+01
1.028935479846254708e+01
1.028395444088985400e+01
1.027787039997610208e+01
1.026830645297315314e+01
1.024966054324048770e+01
1.023665564350028667e+01
1.022416516790935681e+01
1.021495505556587879e+01
1.020992766627757753e+01
1.020569415810765079e+01
1.020441032001995829e+01
1.020353600699929153e+01
1.020035246959635877e+01
1.019754519031106632e+01
1.019443108256370145e+01
1.018387600881772848e+01
1.015981073887321706e+01
1.012475520841663545e+01
1.008794460239415969e+01
1.005413790481780900e+01
1.000488000724063475e+01
9.950509919557847027e+00
9.908513970879054611e+00
9.869032720322406860e+00
9.840783366723359293e+00
9.819281305392967951e+00
9.810641073511483512e+00
9.807605375371277745e+00
9.800437995656604784e+00
9.801781580746011358e+00
9.803334184719092903e+00
9.796481359264660682e+00
9.778926497509921489e+00
9.755159585887163587e+00
9.735545407929249606e+00
9.726069973970385973e+00
9.713487182968897571e+00
9.689177396317770530e+00
9.656568672456483426e+00
9.606363089958296797e+00
9.551664652300937419e+00
9.506348062732939752e+00
9.460900848244293115e+00
9.404150961723992452e+00
9.325681878494295418e+00
9.167671716230021417e+00
8.931483805533554587e+00
8.725393762184188162e+00
8.615636573522095887e+00
8.531058469809090994e+00
8.465568725400283157e+00
8.415722694288142236e+00
8.388603796639637622e+00
8.371767713431164992e+00
8.357363030615143629e+00
8.348949010552425776e+00
8.341877496603258280e+00
8.333380764912810434e+00
8.318837275969348966e+00
8.297158426523409958e+00
8.272744093598111803e+00
8.253260445814889934e+00
8.239749810446364009e+00
8.225146390751183034e+00
8.208785215903802168e+00
8.194461612833954689e+00
8.179143730363042764e+00
8.163191201870468205e+00
8.140416900769118058e+00
8.116013004281724008e+00
8.102776614883440587e+00
8.090765785309756097e+00
8.077967145146869754e+00
8.064663855913281054e+00
8.048655402146332349e+00
8.025596663246268747e+00
7.996902448884719128e+00
7.965746227347891839e+00
7.933784814296923393e+00
7.901677320601362631e+00
7.865485370077676563e+00
7.824114113667437920e+00
7.792857255719794374e+00
7.767099441253437320e+00
7.746949298337683310e+00
7.732942714827597541e+00
7.723784757316805916e+00
7.715405777801459308e+00
7.709338662285800226e+00
7.702490850935157951e+00
7.691736420068536084e+00
7.678004569793633216e+00
7.665312639830056618e+00
7.651144215178734775e+00
7.638271555969707194e+00
7.628421628639134866e+00
7.616702317069893979e+00
7.602577578947314230e+00
7.591615477428910630e+00
7.583153414473891907e+00
7.575366839006402842e+00
7.568130118263121986e+00
7.564489707256751849e+00
7.560259420743660641e+00
7.554658725857735568e+00
7.549993403484057453e+00
7.545500093354981175e+00
7.542705948433406249e+00
7.539452491549460511e+00
7.534585756611911656e+00
7.528258335310941796e+00
7.519897527808764082e+00
7.508753205285155552e+00
7.497960219513923441e+00
7.489608372887247789e+00
7.482654952745610544e+00
7.474316810554549662e+00
7.461184773023746608e+00
7.442736820396225639e+00
7.423350747487838852e+00
7.397333310001030782e+00
7.361827901043329625e+00
7.324695970175476134e+00
7.285219643202061057e+00
7.236698454580237083e+00
7.191059581827397906e+00
7.125637388460216215e+00
7.083470369042582426e+00
7.055095336096625758e+00
7.027153825293404488e+00
6.991807994788162617e+00
6.956192450523593251e+00
6.926607882025304974e+00
6.901549312087480459e+00
6.876451095721124673e+00
6.855062209589368294e+00
6.836646235126621285e+00
6.816922375939658885e+00
6.792098792214627423e+00
6.765534446565015791e+00
6.745472192244368337e+00
6.726092006638122456e+00
6.707406646214839618e+00
6.684523110466224161e+00
6.655341122319817337e+00
6.624500735399360352e+00
6.514204963051700048e+00
6.443378783881699157e+00
6.372363267654908014e+00
6.283249200727417438e+00
6.209305859435888308e+00
6.142517733009443148e+00
6.064921987097699585e+00
6.011718425265579313e+00
5.972650329252538803e+00
5.942740524075971642e+00
5.914415092756530434e+00
5.885056315204413302e+00
5.863373425712190112e+00
5.846356908578068001e+00
5.830208735435623346e+00
5.817437111460637134e+00
5.796511890217820984e+00
5.769326359957742234e+00
5.448513085427185487e+00
5.407630507725025737e+00
5.367866336368665614e+00
5.311011748981288250e+00
5.248654843489088506e+00
5.166723097160698330e+00
5.055836851018404410e+00
4.941297213996403315e+00
4.792913929703002118e+00
4.617834559707592490e+00
4.435592758920591905e+00
4.285001146117581428e+00
4.167429586840791345e+00
4.083187175972037508e+00
4.032082612174318292e+00
3.979392200917195144e+00
3.939283071984454043e+00
3.905803433249702916e+00
3.879910349722749618e+00
3.854473653197053373e+00
3.814566538491721115e+00
3.770194920431230834e+00
3.701210386748738479e+00
3.647605928958630006e+00
3.598152270555627030e+00
3.557916040222107057e+00
3.495395847277292578e+00
3.409232956448039698e+00
3.339431564673932762e+00
3.301585537130080183e+00
3.276431931038628509e+00
3.243645635749184741e+00
3.195304510332835246e+00
3.125556081526260410e+00
3.059059541001648341e+00
3.013267089925022013e+00
2.962443685067401411e+00
2.904649557791593839e+00
2.799539038708363847e+00
2.593838554597105439e+00
2.189582945823007609e+00
1.401474640264195992e+00
9.921132568036397092e-01
4.569078039124730983e-01
-1.934184893024651630e-01
