1.027518231420072325e+01
1.027129549217750082e+01
1.027443035284258777e+01
1.027169294555112522e+01
1.026139135335748342e+01
1.024960921354032273e+01
1.023542743644496866e+01
1.022117681080469431e+01
1.020632655506792652e+01
1.018967836432022267e+01
1.017730558434186072e+01
1.016998579207692899e+01
1.016140094746328160e+01
1.014812120950176855e+01
1.013095420536245328e+01
1.011460097733158925e+01
1.010526486684861247e+01
1.009857451002570805e+01
1.008668720800974583e+01
1.005175818200679494e+01
1.002771646220899093e+01
9.990790676715098684e+00
9.958831352997561837e+00
9.939453853927984639e+00
9.924734023079386347e+00
9.920120716340081302e+00
9.917852491402978643e+00
9.910559842802697972e+00
9.904891823323167088e+00
9.899714924311593833e+00
9.892860623525452368e+00
9.881990876092062948e+00
9.866515948244066081e+00
9.846894161177164762e+00
9.825276783081259069e+00
9.794289327161529002e+00
9.759984197941729889e+00
9.733883085201027185e+00
9.714026150551958949e+00
9.708990803141984927e+00
9.711490880005541726e+00
9.714310475971393188e+00
9.717727074077730620e+00
9.707098156654710763e+00
9.693742773130646029e+00
9.696384350455742762e+00
9.699767504915032035e+00
9.701445363737928318e+00
9.703433253139378323e+00
9.701603383362295219e+00
9.689197828960187664e+00
9.672321415843024184e+00
9.662291186559734513e+00
9.665724481470039819e+00
9.654314223179998322e+00
9.608426540933347582e+00
9.543280637536238231e+00
9.477428047766093044e+00
9.426577945659575519e+00
9.388413837904879600e+00
9.321501081259615518e+00
9.256696102856047048e+00
9.194700230083597603e+00
9.093498730574552269e+00
8.930109160613513453e+00
8.767980613175565097e+00
8.648766788506952352e+00
8.540802310423268651e+00
8.473009348548554698e+00
8.429306455424997679e+00
8.397778421067611632e+00
8.382071100764084903e+00
8.373908264518986400e+00
8.368007805221175488e+00
8.361610749549237553e+00
8.354217959785726677e+00
8.346169045051579971e+00
8.338972161059158950e+00
8.326233420904239679e+00
8.310986282640792311e+00
8.298807243920412802e+00
8.285611311181623861e+00
8.265390996562983261e+00
8.236247467228588803e+00
8.204665222691579274e+00
8.177706721545959567e+00
8.162934623617635665e+00
8.156124946822602695e+00
8.151627224473502409e+00
8.148044005162226711e+00
8.146366831980319745e+00
8.144430975776778325e+00
8.141001136620939604e+00
8.130118176248892325e+00
8.114177140244448694e+00
8.098328704836653458e+00
8.077582273912424782e+00
8.048709755928266318e+00
8.012698059518269744e+00
7.967993274086544453e+00
7.905410509115741391e+00
7.840251044289916038e+00
7.793163626943665712e+00
7.760167562206573777e+00
7.738540362095457148e+00
7.719573231006948255e+00
7.703302557832715003e+00
7.691069108804373222e+00
7.680560309154114584e+00
7.668423193586456854e+00
7.656689322048531032e+00
7.643682594284422649e+00
7.627474416643767796e+00
7.611556566384569678e+00
7.592590861292660698e+00
7.570180876933121361e+00
7.551385336958548855e+00
7.540278157425500005e+00
7.530062598365940829e+00
7.521087064186884774e+00
7.514161098345960355e+00
7.507519905362926238e+00
7.502030884567376212e+00
7.497642743692132683e+00
7.495079268650663096e+00
7.492534105950988454e+00
7.489819314237931458e+00
7.488406867884084939e+00
7.485339476823439142e+00
7.480212537036936560e+00
7.474440640165992633e+00
7.463570506372423807e+00
7.453645466881369863e+00
7.441638587289031825e+00
7.423861643702227120e+00
7.403576891316482111e+00
7.381171056848426559e+00
7.353502694949662910e+00
7.326747426188594758e+00
7.299230464882039193e+00
7.281878395640175583e+00
7.263865580492183227e+00
7.232996110392154065e+00
7.198808239106710971e+00
7.170792521294120370e+00
7.145898419333851059e+00
7.119424162286238200e+00
7.099266172031916788e+00
7.084129242916061386e+00
7.067673314641809590e+00
7.055496828666501408e+00
7.044665170292763179e+00
7.035909798456608577e+00
7.030611864232795050e+00
7.024391245591630195e+00
7.013262877624697467e+00
6.996797021940829531e+00
6.974332042809339605e+00
6.863411494743399288e+00
6.818814893679693512e+00
6.775329321546553096e+00
6.735104448694646528e+00
6.689925669704361866e+00
6.631845407103707402e+00
6.564864823866328081e+00
6.510849177886828265e+00
6.461439996630434557e+00
6.417259061068491199e+00
6.374449551262785008e+00
6.333060166801228519e+00
6.299029813573850056e+00
6.126738410452249539e+00
6.084300958790186620e+00
6.028278371160540772e+00
5.961866551347395848e+00
5.916291255055837084e+00
5.870751435898195147e+00
5.812781043708913131e+00
5.746543127643242599e+00
5.668848855182979207e+00
5.585079285330874832e+00
5.492035028513788220e+00
5.377497487986816260e+00
5.268886735329171067e+00
5.140809618988197549e+00
4.982089334137530301e+00
4.818432431383312675e+00
4.596337540871419769e+00
4.338962211882801512e+00
4.150338825359417783e+00
4.023001278352539067e+00
3.888618622785590340e+00
3.767218964115274904e+00
3.679803880081072176e+00
3.573990731684363098e+00
3.471867942568855891e+00
3.404248563878207623e+00
3.330675488812805618e+00
3.241815341187555433e+00
3.119305388107681321e+00
2.960787463932101460e+00
2.783494807281323702e+00
2.594097395071700340e+00
2.346937509053202309e+00
1.805260196424981256e+00
