3.941590000000000149e+00
4.141779999999999795e+00
3.846049999999999969e+00
3.977139999999999898e+00
4.110730000000000217e+00
4.243129999999999846e+00
4.530050000000000132e+00
4.980979999999999741e+00
4.035580000000000389e+00
3.283180000000000209e+00
3.126970000000000027e+00
2.150170000000000137e+00
2.188299999999999912e+00
1.207680000000000087e+00
1.572549999999999892e+00
2.607099999999999973e+00
1.068910000000000027e+00
1.353799999999999892e+00
1.437370000000000037e+00
2.248660000000000103e-01
1.142290000000000028e+00
1.456749999999999989e+00
9.673690000000000067e-02
2.098590000000000177e+00
3.845239999999999991e+00
4.557100000000000151e+00
6.792679999999999829e+00
6.771239999999999704e+00
8.445240000000000080e+00
1.287780000000000058e+01
1.624940000000000140e+01
1.300220000000000020e+01
1.565220000000000056e+01
1.007549999999999990e+01
7.739180000000000170e+00
1.124600000000000044e+01
4.910790000000000433e+00
2.091979999999999951e+00
1.685929999999999929e+00
3.802049999999999930e+00
2.342649999999999899e+00
2.399000000000000021e+00
3.395220000000000127e+00
3.896490000000000009e+00
5.492270000000000429e+00
6.231069999999999887e+00
6.663359999999999950e+00
4.947210000000000107e+00
3.840380000000000127e+00
1.918339999999999934e+00
3.376640000000000086e+00
4.316950000000000287e+00
4.257620000000000182e+00
3.017059999999999853e+00
1.345539999999999958e+00
1.913790000000000102e+00
1.169479999999999999e-02
1.793710000000000009e-03
1.050139999999999971e-03
5.582580000000000320e-01
6.725499999999999708e-03
5.232480000000000291e-03
4.757469999999999755e-01
1.255910000000000056e-03
1.877830000000000037e-03
2.944410000000000169e-03
8.727829999999999755e-01
2.465040000000000120e+00
1.843250000000000055e+00
1.539109999999999978e+00
3.497510000000000119e+00
2.212520000000000042e+00
1.672949999999999937e+00
1.690709999999999935e+00
8.944940000000000113e-01
5.043729999999999603e-01
6.763419999999999987e-01
6.559629999999999628e-01
6.377059999999999951e-01
7.542069999999999608e-01
1.094729999999999981e+00
1.166940000000000088e+00
1.338559999999999972e+00
1.133490000000000109e+00
1.147450000000000081e+00
9.198720000000000230e-01
6.002709999999999990e-01
2.852770000000000028e-01
2.757080000000000086e-01
2.672120000000000051e-01
1.904109999999999969e-01
1.772360000000000047e-01
1.642019999999999869e-01
1.855110000000000092e-01
1.163460000000000050e-01
1.962319999999999898e-01
1.218849999999999933e-01
1.842080000000000106e-01
2.193029999999999979e-01
2.167749999999999955e-01
1.337139999999999995e-01
1.218999999999999945e-01
8.562849999999999628e-02
6.498940000000000272e-02
7.247649999999999926e-02
5.392460000000000309e-02
5.610219999999999790e-02
7.874589999999999368e-02
8.382770000000000499e-02
4.565899999999999820e-02
6.053120000000000028e-02
5.137610000000000093e-02
7.171329999999999372e-02
6.575309999999999488e-02
1.349180000000000101e-01
2.515479999999999938e-01
2.334189999999999876e-01
1.967089999999999950e-01
2.093520000000000103e-01
1.372899999999999954e-01
1.450009999999999910e-01
1.782090000000000063e-01
1.381860000000000033e-01
1.364720000000000100e-01
1.644829999999999903e-01
1.749610000000000054e-01
1.008369999999999961e-01
5.853909999999999669e-02
6.717370000000000285e-02
3.935349999999999959e-02
2.592250000000000110e-02
1.544429999999999935e-02
1.328310000000000081e-02
1.353470000000000020e-02
2.151739999999999903e-02
1.782450000000000007e-02
1.452619999999999953e-02
1.573499999999999899e-02
2.391479999999999995e-02
3.172529999999999795e-02
6.050269999999999954e-02
7.337789999999999591e-02
6.695979999999999988e-02
1.393800000000000039e-01
1.270959999999999868e-01
1.208339999999999970e-01
8.529290000000000482e-02
1.041929999999999940e-01
9.398729999999999585e-02
1.012880000000000030e-01
6.538689999999999780e-02
5.317700000000000204e-02
7.606480000000000186e-02
3.466330000000000106e-02
3.136619999999999686e-02
1.341350000000000008e-02
2.447030000000000038e-02
2.617859999999999979e-02
3.542979999999999741e-02
2.608210000000000042e-02
1.638830000000000148e-02
1.336829999999999963e-02
1.695400000000000032e-02
1.511760000000000013e-02
1.431750000000000037e-02
1.278780000000000021e-02
1.728340000000000085e-02
3.066050000000000025e-02
1.371810000000000043e-02
9.462379999999999403e-03
1.316469999999999967e-02
9.904700000000000656e-03
4.285630000000000342e-03
3.060499999999999853e-03
4.151329999999999951e-03
3.790270000000000097e-03
2.699410000000000177e-03
1.422709999999999990e-03
1.346259999999999948e-03
1.639910000000000066e-03
8.707469999999999490e-04
6.252540000000000008e-04
7.078030000000000129e-04
1.069350000000000053e-04
8.658869999999999989e-05
2.271510000000000076e-04
1.420629999999999983e-04
1.515350000000000052e-04
1.424279999999999990e-04
2.802039999999999891e-04
1.386419999999999916e-04
1.232080000000000035e-04
8.645479999999999767e-05
6.001590000000000250e-05
6.758740000000000277e-05
2.069079999999999848e-05
1.962979999999999966e-05
1.760030000000000156e-05
7.604739999999999631e-06
5.057889999999999613e-06
3.190149999999999856e-06
3.378159999999999857e-06
6.630879999999999777e-06
1.503300000000000074e-06
1.564519999999999930e-06
1.210679999999999986e-06
