1.038498387523253008e+01
1.037999947152850133e+01
1.038075919267370040e+01
1.038158613849716083e+01
1.038226565454961126e+01
1.038291174009151341e+01
1.038361791451901617e+01
1.038435520651714228e+01
1.038510377415715524e+01
1.038572064062406319e+01
1.038649718199675753e+01
1.038740762492818348e+01
1.038841383790487960e+01
1.038944429822658400e+01
1.039045818065228488e+01
1.039151201763831089e+01
1.039267937013118370e+01
1.039392600658583632e+01
1.039521977248401008e+01
1.039654280969143230e+01
1.039779927445972696e+01
1.039906077820185892e+01
1.040065712342500781e+01
1.040238864219044501e+01
1.040277019780785039e+01
1.040197749329459498e+01
1.040048790881080265e+01
1.039693998089035709e+01
1.039339442895783350e+01
1.039127922855281305e+01
1.039127393644134045e+01
1.039169710171101180e+01
1.039199307225971225e+01
1.039410655981066256e+01
1.039652712442667770e+01
1.039652886726184811e+01
1.039277255260129706e+01
1.038854877041442570e+01
1.038567775651871194e+01
1.038427812751222845e+01
1.038098865643210544e+01
1.037268927793482476e+01
1.036348411680847548e+01
1.035707302269110031e+01
1.035401234566722017e+01
1.035266287159140752e+01
1.035023250753997104e+01
1.034523253739463478e+01
1.033525524952378660e+01
1.032120890264614310e+01
1.030230494817758213e+01
1.028038485225438414e+01
1.026033379437030391e+01
1.024265073351914879e+01
1.022983280826461083e+01
1.021965786287775835e+01
1.021071169539490597e+01
1.019828035180182901e+01
1.017578714646652038e+01
1.014540775070713963e+01
1.010952117709983078e+01
1.007371102041959254e+01
1.003469662307769994e+01
9.987756510163816159e+00
9.940053056720854485e+00
9.890485291863731376e+00
9.850418921469161759e+00
9.816914431794824480e+00
9.780615382160171123e+00
9.728007832214906614e+00
9.656150927722714883e+00
9.590480701061984803e+00
9.540311952469824774e+00
9.493693607543223223e+00
9.453906685626545681e+00
9.394409650294198499e+00
9.318632972727197483e+00
9.254702723177205215e+00
9.199714048934687582e+00
9.152566570720425787e+00
9.108395873007461674e+00
9.072010804365696401e+00
9.037625669914719495e+00
9.000915395953347442e+00
8.971755349419785475e+00
8.949350479168597161e+00
8.927675186207297386e+00
8.907375884776406849e+00
8.889352694090543849e+00
8.864132391578946724e+00
8.834045382334434038e+00
8.790298537563401737e+00
8.735316196958461177e+00
8.689116981143172325e+00
8.651114153251389993e+00
8.619697373115343453e+00
8.598389939772172141e+00
8.587114663405996495e+00
8.579157990759224361e+00
8.566985170961785911e+00
8.550366571273515959e+00
8.532969562528961660e+00
8.507386256144480186e+00
8.477195078506742476e+00
8.445235129676369468e+00
8.409053505010069429e+00
8.380686895510287115e+00
8.356308917277488035e+00
8.324080698207222184e+00
8.289339183700866087e+00
8.259015390011834157e+00
8.228900587196243066e+00
8.199491888684086405e+00
8.173227072688254324e+00
8.149021941330545360e+00
8.127292735903276721e+00
8.115141020279239115e+00
8.107871086690161988e+00
8.100697865990518665e+00
8.095406491694680184e+00
8.088274331877656209e+00
7.895307603028165921e+00
7.882653156591475252e+00
7.868041649701157603e+00
7.857185897303631705e+00
7.840424794827875132e+00
7.816833658072625646e+00
7.794432972117338210e+00
7.772827599785911090e+00
7.746004872323359436e+00
7.713499783303768176e+00
7.699496918065090512e+00
7.686595161254748731e+00
7.666461818154401087e+00
7.637520749439090650e+00
7.605785413973987552e+00
7.583692885452256505e+00
7.568341380105528593e+00
7.529373882145888430e+00
7.459674386069909069e+00
7.386154603865636936e+00
7.317743760413807586e+00
7.245830869329343393e+00
7.169083415102516454e+00
7.082627416329655645e+00
6.961347518823894021e+00
6.784779142351413661e+00
6.505715549891391447e+00
6.218582765647834520e+00
6.181597799159519901e+00
6.173780466264274125e+00
6.172512443766693835e+00
6.171463165083843627e+00
6.169924125669667525e+00
6.167925511861440668e+00
6.165502510609338849e+00
6.162889856067327976e+00
6.159269340746835297e+00
6.151820155096810794e+00
6.142796035713555369e+00
6.133382406428003364e+00
6.118833269629548433e+00
6.101018057114347748e+00
6.081739652074316993e+00
6.058805486675907126e+00
6.028323129734982189e+00
5.995152816060492107e+00
5.965628727625330363e+00
5.938336562386719031e+00
5.914424612756865152e+00
5.896508029649448090e+00
5.885127045039210358e+00
5.876221305693365871e+00
5.864717499863958849e+00
5.849525056747340912e+00
5.833521935661725166e+00
5.818644805487619642e+00
5.803790902442806043e+00
5.784326239217201682e+00
5.763558262368164264e+00
5.742167966123941092e+00
5.667894494573881836e+00
5.630941198502111611e+00
5.596202202935362635e+00
5.565171066831427815e+00
5.543909187604175060e+00
5.531527453125031357e+00
5.521885682173403254e+00
5.514985810494036578e+00
5.510843819947349509e+00
5.508257610533560999e+00
5.506365656984765877e+00
5.504114581325488587e+00
5.501673963336135564e+00
5.499735182191630045e+00
5.497094206203011701e+00
5.493536119390491912e+00
5.488583146371044386e+00
5.482849296725093247e+00
5.476960536026566295e+00
5.469760179819417090e+00
5.462531260929948118e+00
5.454448480701691970e+00
5.434073653785050695e+00
5.404441991046407878e+00
5.380968786413443894e+00
5.359264265632408986e+00
5.335570220994943824e+00
5.317534761010406896e+00
5.305125563622698159e+00
5.294042747983738195e+00
5.284484876275013399e+00
5.277996354456909067e+00
5.274204048346953222e+00
5.271757990993843457e+00
5.269919029787337728e+00
5.266800658960845816e+00
5.264454185214804127e+00
5.262546007112930191e+00
5.257570587678586982e+00
