1.054959541248601518e+01
1.054592285825645526e+01
1.054643901265430195e+01
1.054697057812080807e+01
1.054751134220981790e+01
1.054819280470331222e+01
1.054870995288578150e+01
1.054923506923834964e+01
1.054981343426833895e+01
1.054963829058316449e+01
1.054974118074745526e+01
1.055073453096223446e+01
1.055174999670027169e+01
1.055279106636156961e+01
1.055388423975525747e+01
1.055502790811476999e+01
1.055622649258204326e+01
1.055746148429080478e+01
1.055873496331848038e+01
1.056003222924188911e+01
1.056137690619254776e+01
1.056280419791427683e+01
1.056430143520261389e+01
1.056587496123044012e+01
1.056749218837727788e+01
1.056867684047683298e+01
1.056808080904253977e+01
1.056609204063859764e+01
1.056399694856817995e+01
1.056132086165563422e+01
1.056046498639591569e+01
1.056175233727865148e+01
1.056312971059351824e+01
1.056513087736354350e+01
1.056728757045231859e+01
1.056959392762758121e+01
1.056477846925692177e+01
1.056434762269553573e+01
1.056315821103530794e+01
1.055832929707954904e+01
1.055339993905714380e+01
1.054998361115968919e+01
1.054632669633885911e+01
1.054132832897461114e+01
1.053533463542231807e+01
1.052094967415023241e+01
1.051092552134293712e+01
1.049390814550545237e+01
1.047940109680765808e+01
1.047167741624818049e+01
1.046094592806474921e+01
1.044305322343744891e+01
1.042246672305918942e+01
1.039905211461229939e+01
1.036417187750594593e+01
1.032312622937529412e+01
1.028512730217630988e+01
1.025582226334029201e+01
1.023148233362640624e+01
1.017779324932964258e+01
1.008449405802780774e+01
9.986927962631162004e+00
9.905068570247106408e+00
9.848826230697838469e+00
9.817998126304606998e+00
9.796123154181978876e+00
9.773697968574939665e+00
9.757638922804893866e+00
9.747219867916186331e+00
9.736080029365050237e+00
9.727675428416093339e+00
9.724387296907970324e+00
9.720183292343364201e+00
9.705846613739382178e+00
9.674885930624389729e+00
9.624351206085444588e+00
9.560204427388283577e+00
9.493163774316609960e+00
9.432123918107045313e+00
9.381995417414971783e+00
9.342312119063809206e+00
9.314928468394855443e+00
9.295646255287016047e+00
9.275276793924110308e+00
9.255870454563268623e+00
9.238121407781511252e+00
9.224336199982534623e+00
9.210548584111831971e+00
9.198973072387712335e+00
9.191856055256293345e+00
9.185627135674899080e+00
9.178824486048133835e+00
9.170971265614028312e+00
9.157502099221568770e+00
9.132867788319083857e+00
9.109882143199101279e+00
9.091325717781572280e+00
9.070783842466070723e+00
9.048239759126243342e+00
9.022729344717431488e+00
9.002610931654494664e+00
8.990933049663381027e+00
8.974983495588622517e+00
8.961017938677294126e+00
8.889911527949598380e+00
8.728324557484040014e+00
8.695277615221481682e+00
8.676512539657309731e+00
8.660951759384175830e+00
8.644166701029007527e+00
8.630535672453722995e+00
8.607636209531365878e+00
8.580660442844319391e+00
8.562570010566599166e+00
8.547937074101543686e+00
8.524606402147965056e+00
8.497005712101255881e+00
8.458739046731027500e+00
8.398141474575165688e+00
8.311435968289160314e+00
8.206326555067926520e+00
8.116933010984679342e+00
8.045244720478146760e+00
7.990791120317014773e+00
7.948786943540641303e+00
7.899020094605454290e+00
7.846950382806987534e+00
7.807369937732588916e+00
7.765169910098721040e+00
7.720811496016686704e+00
7.686211596926859180e+00
7.642032979272597615e+00
7.589337361816393290e+00
7.546689459811815048e+00
7.514594234291639196e+00
7.497836017482033988e+00
7.484746719081971200e+00
7.464835176233486358e+00
7.447310007816553501e+00
7.434025696356246549e+00
7.417430171669545658e+00
7.368981943552810776e+00
7.349081224753386543e+00
7.334439676564659116e+00
7.323305738932922360e+00
7.314280236142564284e+00
7.304283671621968566e+00
7.291772760705011791e+00
7.280200360602049336e+00
7.270037982946264243e+00
7.257846501591155075e+00
7.247703281934171571e+00
7.240576702813074306e+00
7.235679918564692059e+00
7.233057059726602844e+00
7.230155034520514334e+00
7.224817837395040243e+00
7.219765226368225264e+00
7.216208141640406915e+00
7.210789218623539831e+00
7.205358668113108322e+00
7.200905191684991991e+00
7.194572613909798520e+00
7.184029550144605203e+00
7.168305927435147495e+00
7.108534581463917590e+00
7.073351702386901252e+00
7.024132505946263372e+00
6.935003655860425553e+00
6.813419515750922528e+00
6.670013796172047371e+00
6.459599030109894890e+00
6.207526655463333931e+00
5.972405122486682316e+00
5.836365264109115714e+00
5.748636824507134868e+00
5.680821216333520773e+00
5.606892757402453853e+00
5.558715768724593609e+00
5.538165133938485418e+00
5.525026657037449773e+00
5.516053879711486196e+00
5.507936788594845368e+00
5.500004441399557464e+00
5.489585866428114969e+00
5.480262842443776705e+00
5.471932409472483272e+00
5.462993621008927825e+00
5.456356921960423989e+00
5.449845427309917056e+00
5.443532088397781799e+00
5.436636453528950419e+00
5.423411365958905606e+00
5.393371607433700810e+00
5.348037972340058843e+00
5.303686252548406088e+00
5.252637043152271090e+00
5.193778331744493215e+00
5.143380203716524157e+00
5.106924870335672217e+00
5.079065418741456561e+00
5.057696526275566207e+00
5.031610414723481028e+00
4.992011526637302410e+00
4.960485998979949684e+00
4.933330346570437897e+00
4.896900827766852871e+00
4.804071248885660950e+00
4.725505720185315006e+00
4.635740025566204459e+00
4.553328279814638613e+00
4.448171236349199198e+00
4.299605347098278685e+00
4.104920506620389986e+00
3.919565484394068822e+00
3.807711551160868346e+00
3.712802856006042873e+00
3.613739312054496278e+00
3.543842152482708840e+00
3.423465423944219044e+00
3.200943473102827674e+00
2.790046482850856879e+00
2.067286647155279766e+00
