9.772960207558663015e+00
9.771832115965107590e+00
9.773100830124933580e+00
9.772458135922891032e+00
9.759032933224260020e+00
9.760731506678986591e+00
9.762504511030954291e+00
9.764374920506309508e+00
9.766358556908953048e+00
9.768496766078476057e+00
9.770894702899642681e+00
9.773606548396418958e+00
9.774606734973348310e+00
9.772993170058159151e+00
9.768437554431974590e+00
9.760206790596038573e+00
9.749059618409710026e+00
9.727271976047061841e+00
9.694420035960309434e+00
9.673400633486249234e+00
9.659068641878679529e+00
9.647137387370257500e+00
9.637914809788975745e+00
9.633360373504714858e+00
9.626827776691458283e+00
9.612649310516498957e+00
9.596190097487928838e+00
9.583292879808691822e+00
9.564334595951276441e+00
9.542217736362463398e+00
9.523077606617277979e+00
9.503842414114991755e+00
9.493213996770219154e+00
9.487888900437793538e+00
9.476328668319942139e+00
9.454881430635612816e+00
9.418445479671193610e+00
9.374660378725641507e+00
9.338721372290160971e+00
9.318831023214286802e+00
9.297900512948118035e+00
9.278579848407241926e+00
9.263912887455678202e+00
9.242143722701083419e+00
9.207270732523271661e+00
9.173224158224250857e+00
9.153119436682878529e+00
9.143944880995396929e+00
9.137866605555892363e+00
9.131593003651200746e+00
9.121825657405166154e+00
9.106856961952518148e+00
9.090638907853215045e+00
9.079792447156474822e+00
9.072775439884626536e+00
9.060214182496812541e+00
9.045635871078220092e+00
9.032832229784649059e+00
9.017555014414844194e+00
9.001283612855232263e+00
8.984149560431216486e+00
8.963346227537428490e+00
8.932025540433503608e+00
8.894009621881711070e+00
8.865131820734269752e+00
8.846732251654024992e+00
8.830580329124623873e+00
8.817706806220703797e+00
8.801843956087290977e+00
8.793999800984471094e+00
8.786634317160087804e+00
8.780785924415200228e+00
8.741629768820134316e+00
8.630459403456532286e+00
8.625161141931581454e+00
8.615938484336979286e+00
8.603782889896697483e+00
8.587373048993045543e+00
8.571294132978401592e+00
8.555872819290975428e+00
8.528254474761125081e+00
8.478254730534887429e+00
8.405740683761385057e+00
8.334678882519938270e+00
8.274850320016664540e+00
8.211392891496325674e+00
8.152862945523908778e+00
8.121021155777723877e+00
8.099252349581465893e+00
8.067494895502278496e+00
8.020510442157545938e+00
7.961507469733968279e+00
7.902438599881952186e+00
7.853283792063947111e+00
7.800869604303880323e+00
7.750775214985594630e+00
7.712982028553867053e+00
7.688391342742272094e+00
7.672014687199177452e+00
7.654818361003176364e+00
7.629841639672935827e+00
7.605171396507217629e+00
7.581857535869710674e+00
7.558474564340834867e+00
7.539962610132554310e+00
7.525797363870765366e+00
7.511340487791585474e+00
7.495724677997979590e+00
7.477021355499974042e+00
7.446383366046073427e+00
7.410745187165175274e+00
7.378515998451605107e+00
7.349157035327879228e+00
7.324338024969905270e+00
7.297692681475327348e+00
7.266610304155298294e+00
7.233318536869661308e+00
7.195279579615442067e+00
7.154143889179251481e+00
7.122942917489023529e+00
7.099297270937023008e+00
7.075127062119272559e+00
7.054524961204228006e+00
7.039933375547046346e+00
7.031085148039481147e+00
7.023614563747839767e+00
7.020033780720013716e+00
7.016410682791107689e+00
7.012533534056292872e+00
7.008544816976834291e+00
7.005116136020933304e+00
7.001482753063144493e+00
6.997943531655823612e+00
6.995599221241545429e+00
6.991955786093705605e+00
6.984495358895490114e+00
6.975983861687653054e+00
6.971238263935497947e+00
6.967784714493109099e+00
6.963757142412299039e+00
6.959620383674247179e+00
6.955166091383133242e+00
6.952300254334275564e+00
6.949578810502886839e+00
6.947114501089288296e+00
6.946025129803294007e+00
6.943351046425497053e+00
6.938141303871946164e+00
6.928821743609423933e+00
6.905574090785632002e+00
6.865263917232109492e+00
6.806321775123426399e+00
6.735934071215522678e+00
6.671846448799506391e+00
6.596336440733027828e+00
6.517157614986186509e+00
6.423805998284491281e+00
6.330239208712621135e+00
6.259491145819008118e+00
6.221513344793400790e+00
6.195348828074803471e+00
6.161457846971750918e+00
6.121940464649621383e+00
6.091673990647755943e+00
6.062017598857112333e+00
6.035245574292968485e+00
5.998744814019394411e+00
5.940550848618025626e+00
5.860279297969596790e+00
5.789313426020657793e+00
5.714491542030920357e+00
5.473409593062577017e+00
5.346194486738130358e+00
5.255422069667987195e+00
5.207109019244249737e+00
5.160162286077663474e+00
5.133174714746137290e+00
5.098228265502940282e+00
5.061260170729536156e+00
4.861361734024476355e+00
4.828356944593958033e+00
4.791435189101417080e+00
4.756149060342383272e+00
4.724077523815340740e+00
4.696262004626748698e+00
4.673719273598805124e+00
4.645581415991575369e+00
4.620240189845831402e+00
4.601582004456866493e+00
4.580783607483862596e+00
4.545490199189903713e+00
4.499281460115891917e+00
4.464429928450845075e+00
4.445322365243758789e+00
4.422359993600071704e+00
4.368606675704073794e+00
4.275203055412980291e+00
4.173987079853817228e+00
4.093432192159697003e+00
4.026790578237109841e+00
3.967994209105822456e+00
3.921967765584142285e+00
3.887726422803421400e+00
3.870324882247661247e+00
3.860414675242763494e+00
3.850987900921655882e+00
3.838739559187260397e+00
3.821658923935661534e+00
3.797295938743965316e+00
3.758527364033122264e+00
3.696025954580145267e+00
3.603573040332375577e+00
3.526012140806824569e+00
3.478121873720494417e+00
3.416154357990531576e+00
3.325653154500092690e+00
3.044904132647612727e+00
2.219466637768563011e+00
