4.792650000000000077e+00
5.334950000000000081e+00
5.368459999999999788e+00
5.004979999999999762e+00
4.504929999999999879e+00
1.900370000000000115e-01
1.003379999999999966e-01
2.248699999999999921e+00
2.726069999999999882e-01
1.332729999999999970e+00
1.625590000000000090e+00
5.509039999999999770e-02
7.453629999999999978e-02
2.297319999999999918e-02
3.838330000000000214e-02
1.891419999999999907e-02
2.454220000000000013e-02
1.675669999999999937e-02
2.435920000000000099e-02
1.341420000000000057e+00
1.129939999999999944e+00
1.922199999999999909e+00
1.791090000000000071e+00
9.667290000000000605e-02
1.906020000000000048e+00
3.537739999999999885e+00
2.711730000000000196e+00
5.047209999999999752e+00
7.324019999999999975e+00
7.597809999999999953e+00
7.659419999999999895e+00
8.253289999999999793e+00
5.918490000000000251e+00
6.405439999999999579e+00
4.431460000000000399e+00
3.505619999999999958e+00
3.712260000000000115e+00
6.794349999999999667e+00
9.579589999999999606e+00
1.290320000000000000e+01
1.148019999999999996e+01
5.853480000000000238e+00
9.937430000000000874e+00
1.699340000000000117e+01
1.991079999999999828e+01
1.567730000000000068e+01
1.391099999999999959e+01
9.733560000000000656e+00
4.770800000000000374e+00
5.213149999999999729e+00
2.870229999999999837e+00
2.541739999999999972e-02
7.369269999999999814e-03
1.965090000000000003e+00
2.512189999999999923e+00
3.229410000000000114e+00
3.799500000000000099e+00
3.415410000000000057e+00
3.221639999999999837e+00
3.312689999999999912e+00
3.452109999999999790e+00
3.811890000000000001e+00
2.057700000000000085e+00
1.912230000000000096e+00
1.179140000000000077e+00
1.045600000000000085e+00
5.566999999999999726e-01
3.634370000000000100e-01
1.455290000000000056e-02
4.833439999999999959e-01
4.810220000000000051e-01
4.910209999999999853e-01
3.791260000000000185e-01
4.493829999999999769e-01
5.996519999999999628e-01
6.311309999999999976e-01
5.733709999999999640e-01
7.566889999999999450e-01
1.788249999999999895e+00
2.482450000000000045e+00
2.839440000000000186e+00
2.279910000000000103e+00
1.427519999999999900e+00
1.000860000000000083e+00
1.132870000000000044e+00
9.200620000000000465e-01
5.766120000000000134e-01
6.147740000000000427e-01
7.340090000000000225e-01
6.112020000000000231e-01
4.044800000000000062e-01
4.438349999999999795e-01
4.388560000000000239e-01
5.407889999999999642e-01
7.189370000000000482e-01
1.309579999999999966e+00
9.498440000000000216e-01
1.102209999999999912e+00
1.715030000000000054e+00
2.077329999999999899e+00
1.608340000000000103e+00
1.131490000000000107e+00
1.789039999999999964e+00
1.171319999999999917e+00
5.782840000000000202e-01
5.346400000000000041e-01
2.680469999999999797e-01
1.087800000000000017e-01
9.045190000000000174e-02
7.253869999999999763e-02
6.134180000000000188e-02
4.948869999999999658e-02
5.849959999999999882e-02
6.757630000000000581e-02
1.061460000000000042e-01
1.072209999999999969e-01
1.749809999999999977e-01
1.628370000000000095e-01
8.315730000000000344e-02
5.223409999999999859e-02
2.557440000000000060e-02
1.363770000000000086e-02
1.085039999999999963e-02
1.368510000000000039e-02
9.932119999999999144e-03
1.462710000000000052e-02
1.654219999999999996e-02
9.598330000000000403e-03
7.729319999999999594e-03
9.599780000000000466e-03
1.150830000000000082e-02
1.063350000000000059e-02
5.710210000000000286e-03
7.333039999999999871e-03
6.277620000000000249e-03
6.375180000000000256e-03
7.077589999999999923e-03
1.082050000000000026e-02
8.932549999999999171e-03
9.381989999999999774e-03
4.168780000000000402e-03
2.854049999999999903e-03
2.524129999999999863e-03
3.693160000000000019e-03
2.823120000000000143e-03
2.537440000000000181e-03
2.375980000000000193e-03
1.328350000000000060e-03
1.649059999999999936e-03
1.010519999999999995e-03
1.282839999999999935e-03
1.710200000000000045e-03
1.162859999999999935e-03
1.492129999999999932e-03
1.969119999999999985e-03
1.281229999999999956e-03
1.552229999999999929e-03
8.593280000000000233e-04
7.349529999999999952e-04
1.870970000000000012e-03
1.260379999999999964e-03
1.350269999999999986e-03
1.671420000000000067e-03
1.881230000000000012e-03
9.763169999999999835e-04
1.320310000000000103e-03
7.952589999999999833e-04
7.063389999999999469e-04
7.381850000000000347e-04
3.457569999999999763e-04
5.378750000000000501e-04
1.793669999999999922e-04
1.130079999999999995e-04
2.177509999999999960e-04
2.272529999999999873e-04
3.348119999999999786e-04
2.021869999999999939e-04
2.636289999999999792e-04
2.600529999999999986e-04
1.706590000000000071e-04
9.273899999999999418e-05
5.830129999999999693e-05
3.445109999999999953e-05
3.495540000000000078e-05
2.596509999999999980e-05
3.329670000000000259e-05
