9.882274020666361736e+00
9.878968498370641171e+00
9.875951522574707653e+00
9.872769098955254563e+00
9.869616545374162442e+00
9.864875213625074579e+00
9.859418125836050706e+00
9.856076657122946116e+00
9.852266453691324699e+00
9.847716372029406529e+00
9.844544271855765416e+00
9.842810740440716799e+00
9.841092178212029751e+00
9.838546237852646925e+00
9.833468409213729444e+00
9.824811568694359565e+00
9.815714522905658157e+00
9.807937342004702685e+00
9.802821597635647421e+00
9.799048163972623016e+00
9.797121366097094608e+00
9.793011867300815965e+00
9.776625647944754860e+00
9.749106828075161602e+00
9.725731999687965867e+00
9.712766676052844161e+00
9.705959451694869955e+00
9.701144708682788220e+00
9.700551427840125029e+00
9.704712332908089323e+00
9.705372716270099787e+00
9.697165676452376815e+00
9.682463682870590560e+00
9.664703073295722646e+00
9.641895310650777873e+00
9.617446994088329149e+00
9.585646815842235213e+00
9.534817780995229697e+00
9.462006956870373742e+00
9.369937226154080534e+00
9.296851589804703053e+00
9.250607830647302521e+00
9.216192302363925393e+00
9.205499389019724532e+00
9.208766418125025055e+00
9.212584416182043157e+00
9.212730798759993789e+00
9.207359649166638960e+00
9.199415066108276307e+00
9.147846299490138833e+00
9.135008549509405995e+00
9.125546323671191118e+00
9.115979754566366111e+00
9.099566701538599034e+00
9.048169798766018346e+00
8.936052562469214422e+00
8.800083040505722209e+00
8.684320122108369233e+00
8.590445017234559444e+00
8.530933151486008725e+00
8.475881748309415542e+00
8.437101806810412441e+00
8.423748708788464157e+00
8.412018467770083774e+00
8.398700226847498840e+00
8.381624017499143875e+00
8.363640179916952633e+00
8.341256417431257120e+00
8.299245728034939873e+00
8.249662987360606436e+00
8.211891757110214130e+00
8.176958980586908510e+00
8.143879403589762589e+00
8.119589072553530684e+00
8.107491491211268553e+00
8.101080002332439634e+00
8.096878742679614049e+00
8.094264938315593128e+00
8.091346833180271148e+00
8.087887849492933157e+00
8.084629891227640641e+00
8.080406398245163047e+00
8.074560467802895047e+00
8.065060342100961677e+00
8.054103397900011174e+00
8.048977543085957365e+00
8.042957271752344539e+00
8.032139080056586167e+00
8.017396491462319474e+00
8.001936970423225048e+00
7.981610693836866943e+00
7.963230912600367972e+00
7.951382694731233158e+00
7.943356489236180984e+00
7.939394437419626804e+00
7.936853404838678294e+00
7.935787300500657615e+00
7.923111844470437148e+00
7.913632152175117618e+00
7.909422832307850371e+00
7.897998556521349300e+00
7.868887081858717991e+00
7.832821109292605222e+00
7.785018597794297612e+00
7.720956019559827688e+00
7.641008829134291247e+00
7.551563436490166481e+00
7.458725454380363828e+00
7.335419785413372473e+00
7.224763485718593614e+00
7.151985456013862930e+00
7.113993460317803219e+00
7.086672979342960588e+00
7.064356891676217387e+00
7.043456594182330832e+00
7.023112474873014932e+00
7.001322582255581572e+00
6.984891248105252970e+00
6.967939974659806524e+00
6.945903154516326339e+00
6.927231736294674036e+00
6.910256112172421084e+00
6.895321419902526117e+00
6.882069514226488494e+00
6.863853802524373826e+00
6.845402559785324748e+00
6.831638814044883823e+00
6.819321467155125660e+00
6.806612695646648170e+00
6.795865424804326871e+00
6.787120982877839381e+00
6.779315046514311049e+00
6.773997691753224082e+00
6.767362941767117945e+00
6.759500136877894860e+00
6.752428001338016905e+00
6.745273146994258617e+00
6.738247666184609130e+00
6.731346169355338915e+00
6.723403126613013647e+00
6.714579532994191524e+00
6.702658825715418267e+00
6.689588529304547393e+00
6.678370857748773481e+00
6.661889318978374774e+00
6.645436025065058594e+00
6.635057285507225622e+00
6.627673031766615708e+00
6.621109781835096797e+00
6.609082985227876073e+00
6.594285344867982346e+00
6.579976700436226622e+00
6.562630649863462118e+00
6.538172680804754222e+00
6.504091453744252682e+00
6.476464974435581112e+00
6.460376075524846051e+00
6.442529937370381710e+00
6.419400553666476661e+00
6.393146839137871851e+00
6.371601623941981707e+00
6.353739324189078275e+00
6.338972161059158950e+00
6.328171581621302444e+00
6.320306259874186594e+00
6.314777020213956149e+00
6.307889505849597178e+00
6.296114295984732934e+00
6.279678348690777234e+00
6.259032133987697755e+00
6.230088562962214915e+00
6.195902418607315276e+00
6.160951478883355925e+00
6.126884354181929560e+00
6.088543602472318739e+00
6.037239192962340795e+00
5.974676997136846524e+00
5.897523178028068358e+00
5.827445526402112108e+00
5.769061091857447643e+00
5.715448428621334287e+00
5.666068477859686148e+00
5.615125898297029572e+00
5.543339058984737555e+00
5.471545464430020544e+00
5.426016502038001121e+00
5.394066248609144409e+00
5.375817189904760873e+00
5.364166244548050244e+00
5.356660572747634852e+00
5.351082844558654905e+00
5.346615037081920541e+00
5.341917025714111311e+00
5.339767357600821107e+00
5.337001763225914353e+00
5.335172958197192727e+00
5.334005150701738529e+00
5.332840248892627422e+00
5.332125250979301789e+00
5.331591264878475123e+00
5.330961369611591394e+00
5.330608553356299240e+00
5.330525376748922461e+00
5.330143777448812514e+00
5.329096718368954377e+00
5.328189940496081967e+00
5.327679682894566504e+00
5.326737192975779855e+00
5.325170717936819287e+00
5.323796432268576240e+00
5.322944580976022522e+00
5.322442588768209859e+00
5.321830323632303461e+00
5.321169516027072888e+00
5.320943492160419730e+00
5.321040966418673079e+00
5.321416141787850052e+00
5.322028990700776951e+00
5.322824816614186716e+00
5.323693391425652344e+00
5.324634276528742660e+00
5.325708549073646658e+00
5.326776077901767437e+00
5.327724609628303298e+00
5.328434651363057384e+00
5.328463191984502245e+00
5.328045088280068953e+00
5.327189270934614029e+00
5.325156339263302563e+00
5.322215158576300453e+00
5.314318146477809535e+00
5.298020790989511397e+00
5.268460958684801909e+00
5.229779080637376509e+00
5.201153960605454429e+00
5.187678617395883762e+00
