5.486860000000000070e+00
5.474520000000000053e+00
5.181470000000000020e+00
5.104260000000000019e+00
4.753269999999999662e+00
2.232439999999999980e-01
2.130180000000000129e-01
7.679590000000000027e-02
3.323809999999999820e-01
1.651469999999999994e+00
8.555179999999999729e-02
6.692170000000000063e-02
2.882509999999999933e-02
2.502439999999999873e-02
2.596920000000000131e-02
1.950609999999999844e-02
1.516379999999999985e-02
2.296269999999999908e-02
1.501830000000000005e-02
4.829649999999999915e-02
1.249530000000000085e-02
6.509059999999999672e-03
9.925919999999999535e-03
2.049880000000000105e-02
9.301089999999999636e-01
1.959079999999999933e+00
3.643530000000000157e+00
4.370890000000000164e+00
2.016830000000000123e+00
1.639250000000000096e+00
7.091490000000000293e-02
1.437009999999999899e+00
3.832719999999999877e-02
2.643109999999999904e-02
4.960599999999999732e-02
2.938320000000000043e+00
1.622389999999999999e+00
3.955010000000000137e+00
6.836719999999999686e+00
7.627200000000000202e+00
9.226699999999999235e+00
1.470439999999999969e+01
1.337379999999999924e+01
1.434510000000000041e+01
1.666730000000000089e+01
1.779570000000000007e+01
2.073049999999999926e+01
1.837300000000000111e+01
2.014280000000000115e+01
2.416469999999999985e+01
1.515070000000000050e+01
7.045810000000000350e+00
1.228240000000000087e+01
1.833950000000000102e+01
1.825110000000000099e+01
1.061059999999999981e+01
5.462819999999999787e+00
4.220839999999999925e+00
2.479109999999999925e+00
2.814459999999999962e+00
1.797660000000000036e+00
8.281709999999999905e-01
6.876930000000000542e-02
8.894509999999999916e-01
1.210679999999999978e+00
1.342149999999999954e+00
1.485100000000000087e+00
1.546629999999999949e+00
1.203030000000000044e+00
1.139240000000000030e+00
8.672579999999999734e-01
7.653029999999999555e-01
4.955180000000000140e-01
6.631719999999999837e-01
5.655419999999999892e-01
6.227559999999999762e-01
4.622729999999999895e-01
3.419519999999999782e-01
3.459389999999999965e-01
6.667399999999999993e-01
8.928979999999999695e-01
9.059530000000000083e-01
7.870880000000000098e-01
4.511049999999999782e-01
3.696860000000000146e-01
5.571390000000000509e-01
1.082500000000000018e+00
1.268909999999999982e+00
1.690320000000000045e+00
1.427820000000000089e+00
9.251589999999999536e-01
7.302030000000000465e-01
9.551279999999999770e-01
1.049690000000000012e+00
8.705669999999999797e-01
1.214830000000000076e+00
1.939089999999999980e+00
1.694360000000000088e+00
1.151639999999999997e+00
1.259249999999999980e+00
1.637720000000000065e+00
1.458439999999999959e+00
1.183130000000000015e+00
1.499600000000000044e+00
7.803879999999999706e-01
6.385079999999999645e-01
6.633620000000000072e-01
6.104559999999999986e-01
3.749850000000000128e-01
1.771419999999999939e-01
1.967160000000000020e-01
1.894470000000000043e-01
1.663530000000000009e-01
1.947750000000000037e-01
1.463949999999999974e-01
8.494010000000000449e-02
5.093929999999999986e-02
6.157710000000000267e-02
6.325490000000000279e-02
4.028960000000000180e-02
2.747370000000000020e-02
3.322719999999999840e-02
2.076360000000000011e-02
9.424739999999999160e-03
9.256010000000000279e-03
8.183640000000000705e-03
9.764679999999999541e-03
1.379539999999999933e-02
2.277279999999999929e-02
1.403669999999999918e-02
1.984580000000000025e-02
1.554589999999999965e-02
9.209399999999999531e-03
5.495850000000000041e-03
2.762329999999999907e-03
2.235019999999999889e-03
3.615989999999999916e-03
5.842670000000000328e-03
4.371100000000000159e-03
7.648959999999999787e-03
7.314550000000000392e-03
6.779030000000000125e-03
6.237419999999999597e-03
7.938250000000000861e-03
1.077610000000000026e-02
1.247329999999999967e-02
9.054430000000000464e-03
1.237339999999999968e-02
8.799700000000000577e-03
7.793529999999999902e-03
4.420549999999999653e-03
4.571949999999999972e-03
4.030790000000000241e-03
3.623719999999999979e-03
1.925669999999999986e-03
1.258159999999999921e-03
8.685029999999999617e-04
9.111320000000000443e-04
7.598509999999999726e-04
6.221860000000000498e-04
6.760029999999999989e-04
4.674920000000000160e-04
5.520979999999999985e-04
4.980419999999999726e-04
4.697319999999999946e-04
5.887839999999999654e-04
4.173359999999999765e-04
5.707950000000000263e-04
6.866189999999999663e-04
5.668809999999999821e-04
8.590540000000000459e-04
4.874160000000000103e-04
5.324169999999999814e-04
6.692700000000000211e-04
1.399690000000000092e-03
1.193129999999999928e-03
8.664509999999999617e-04
7.538959999999999932e-04
4.164279999999999913e-04
1.615180000000000077e-04
2.071109999999999894e-05
8.970499999999999918e-06
4.356410000000000189e-06
3.892269999999999582e-06
4.187200000000000331e-06
3.444020000000000104e-06
3.244479999999999893e-06
4.337029999999999708e-06
5.953070000000000247e-06
8.656719999999999341e-06
6.914300000000000021e-06
1.789380000000000137e-05
1.939789999999999939e-05
1.564350000000000023e-05
1.330129999999999918e-05
5.726220000000000039e-06
4.308479999999999786e-06
5.950490000000000180e-06
6.117429999999999636e-06
9.119070000000000089e-06
1.280200000000000042e-05
4.111769999999999767e-06
7.521640000000000376e-06
6.829499999999999579e-06
5.973259999999999795e-06
5.306760000000000332e-06
4.180900000000000069e-06
2.487710000000000192e-06
4.286100000000000243e-07
2.952410000000000164e-07
1.818050000000000057e-07
1.419709999999999946e-07
4.806249999999999776e-08
4.770599999999999718e-08
4.683159999999999697e-08
