3.375300000000000189e+00
3.909109999999999668e-02
4.325589999999999991e-02
5.193129999999999968e-02
5.568039999999999795e-02
1.516599999999999893e-01
3.115270000000000206e+00
3.694049999999999834e+00
4.060459999999999958e+00
3.500459999999999905e+00
3.636369999999999880e+00
4.024300000000000210e+00
5.129870000000000374e+00
4.330079999999999707e+00
4.926940000000000097e+00
7.809910000000000352e+00
4.436009999999999565e+00
3.414620000000000211e+00
2.633989999999999831e+00
1.725309999999999899e+00
1.920819999999999972e+00
1.979519999999999946e+00
1.574759999999999938e+00
2.195580000000000087e+00
2.009590000000000209e+00
1.447049999999999947e+00
1.700010000000000021e+00
2.165439999999999809e+00
2.769109999999999960e+00
2.089729999999999865e+00
1.124700000000000033e+00
8.805309999999999526e-01
3.053390000000000010e-03
5.629089999999999788e-03
6.214690000000000145e-03
6.440419999999999652e-03
4.295030000000000028e-03
1.205140000000000100e+00
1.656700000000000061e+00
2.589100000000000179e+00
2.389619999999999855e+00
1.547989999999999977e+00
2.392949999999999910e+00
1.757830000000000004e+00
1.195549999999999891e+00
1.295939999999999939e-02
2.026050000000000129e+00
1.333420000000000050e+00
1.379780000000000006e+00
8.570480000000000320e-01
1.252759999999999898e-03
1.230710000000000094e-03
2.324810000000000071e-03
5.161890000000000089e-01
1.193040000000000100e+00
7.532050000000000134e-01
6.342250000000000387e-01
1.340430000000000010e+00
1.102070000000000105e+00
1.150130000000000097e+00
1.145240000000000036e+00
7.821789999999999576e-01
4.602939999999999809e-01
4.926969999999999961e-01
3.805660000000000154e-01
3.382450000000000179e-01
3.569350000000000023e-01
4.087470000000000270e-01
3.314960000000000129e-01
3.513040000000000052e-01
3.218050000000000077e-01
3.173369999999999802e-01
2.556749999999999856e-01
1.822120000000000128e-01
1.062400000000000011e-01
1.235080000000000067e-01
1.280129999999999879e-01
1.135570000000000052e-01
1.313449999999999895e-01
1.238179999999999975e-01
1.526589999999999892e-01
9.418809999999999683e-02
1.388020000000000087e-01
8.085309999999999719e-02
1.130179999999999935e-01
1.485990000000000089e-01
1.429950000000000110e-01
8.795369999999999577e-02
7.728759999999999797e-02
5.637480000000000269e-02
4.031359999999999805e-02
5.333800000000000346e-02
5.228440000000000171e-02
7.910739999999999439e-02
1.556410000000000016e-01
1.758149999999999991e-01
1.099030000000000007e-01
1.684690000000000076e-01
1.531839999999999868e-01
2.004710000000000103e-01
1.602059999999999873e-01
3.045570000000000221e-01
3.898420000000000218e-01
2.291670000000000096e-01
1.050959999999999950e-01
8.441669999999999729e-02
3.877470000000000222e-02
2.991629999999999984e-02
2.303269999999999970e-02
1.471120000000000066e-02
1.458470000000000079e-02
1.259719999999999937e-02
1.265709999999999925e-02
8.424799999999999650e-03
7.517369999999999781e-03
1.157350000000000045e-02
9.668929999999999192e-03
8.717690000000000161e-03
6.324970000000000071e-03
5.775019999999999633e-03
6.672980000000000231e-03
1.038060000000000024e-02
8.578129999999999783e-03
6.711609999999999798e-03
6.938899999999999582e-03
1.006109999999999990e-02
1.059949999999999955e-02
1.722510000000000013e-02
1.861739999999999923e-02
1.546379999999999977e-02
2.413430000000000089e-02
2.499420000000000114e-02
2.166989999999999889e-02
1.886760000000000173e-02
2.691299999999999942e-02
2.782530000000000073e-02
3.395709999999999701e-02
2.619250000000000050e-02
2.440880000000000133e-02
4.269359999999999822e-02
2.620019999999999988e-02
3.288130000000000219e-02
2.335649999999999879e-02
2.840679999999999941e-02
2.488529999999999909e-02
2.458669999999999953e-02
1.496690000000000000e-02
7.025299999999999948e-03
4.113059999999999980e-03
6.425469999999999966e-03
3.949099999999999659e-03
4.720280000000000309e-03
4.998220000000000267e-03
7.105479999999999956e-03
1.264799999999999952e-02
9.292579999999999937e-03
9.854369999999999449e-03
1.110320000000000057e-02
1.258970000000000054e-02
1.221790000000000029e-02
1.464460000000000067e-02
1.793940000000000118e-02
1.580770000000000092e-02
1.613459999999999894e-02
1.161659999999999950e-02
1.115700000000000025e-02
1.267309999999999964e-02
9.111589999999999273e-03
8.162799999999999570e-03
7.244880000000000417e-03
7.167810000000000153e-03
3.627609999999999862e-03
5.075979999999999902e-03
3.840720000000000158e-03
5.041880000000000320e-03
6.759839999999999599e-03
9.010860000000000744e-03
6.620479999999999768e-03
5.439320000000000092e-03
5.919749999999999665e-03
4.609819999999999716e-03
5.465069999999999824e-03
6.745629999999999855e-03
6.127800000000000087e-03
4.750009999999999823e-03
2.965209999999999808e-03
4.722869999999999673e-03
2.530329999999999906e-03
2.357310000000000048e-03
3.654090000000000029e-03
3.441599999999999954e-03
3.699739999999999973e-03
3.606180000000000063e-03
3.504269999999999868e-03
4.452590000000000194e-03
5.804639999999999800e-03
5.101310000000000393e-03
8.424509999999999638e-03
7.451789999999999803e-03
6.141439999999999746e-03
6.014460000000000119e-03
5.168139999999999887e-03
5.570659999999999848e-03
6.379750000000000004e-03
5.044719999999999933e-03
3.212909999999999811e-03
5.002519999999999883e-03
4.052919999999999787e-03
2.921729999999999987e-03
2.508719999999999874e-03
2.402089999999999954e-03
2.543360000000000152e-03
3.428000000000000057e-03
2.460410000000000114e-03
2.474019999999999952e-03
3.511840000000000014e-03
5.342819999999999861e-03
5.150850000000000220e-03
3.962829999999999651e-03
