1.024784320390775072e+01
1.023562438509100225e+01
1.023685455335508721e+01
1.022596539775353541e+01
1.021070902193329388e+01
1.020987409729168149e+01
1.021060206997139197e+01
1.021144360453852329e+01
1.021252052468235583e+01
1.021241934391410133e+01
1.020982855845788251e+01
1.020669637762658510e+01
1.020580502926299360e+01
1.020665859998359970e+01
1.020756974343935042e+01
1.020850585082997952e+01
1.020945335107207264e+01
1.020984998909213637e+01
1.021056730491196873e+01
1.021138755293685918e+01
1.021212631926359293e+01
1.021293565151418825e+01
1.021400888273687713e+01
1.021510328797413614e+01
1.021622134059620635e+01
1.021737601520545624e+01
1.021854863363000199e+01
1.021974951629568729e+01
1.022098364253004021e+01
1.022220646091262175e+01
1.022342584593956261e+01
1.022470394988631881e+01
1.022608153548995169e+01
1.022754478800698053e+01
1.022910820516121433e+01
1.023085237232210254e+01
1.022902363204523191e+01
1.022656639751556185e+01
1.022820267379429993e+01
1.022996581950373951e+01
1.023185936298109944e+01
1.023391452225467546e+01
1.023624746722858880e+01
1.023502821528048479e+01
1.023336675332357082e+01
1.023614410249678386e+01
1.023546531812163884e+01
1.023160719716094746e+01
1.022709191273374607e+01
1.021941423263025683e+01
1.020406297776414739e+01
1.018081950368394040e+01
1.016152970938118649e+01
1.014838051559877563e+01
1.013457550635885873e+01
1.012160579884411327e+01
1.011187721689521446e+01
1.010177456006908692e+01
1.008843733139138799e+01
1.007649116341737816e+01
1.006699269833499777e+01
1.005373131588760671e+01
1.004769532570668744e+01
1.005147281712651619e+01
1.004680331432199658e+01
1.002573994274408875e+01
9.998559665178104794e+00
9.975833287829635410e+00
9.962571990711950320e+00
9.954439344991765637e+00
9.940883886051542717e+00
9.924639497654142772e+00
9.912919981300422734e+00
9.909854904966790556e+00
9.913190563490728024e+00
9.913095613647316284e+00
9.584765301846848828e+00
9.546959484794463435e+00
9.541859947057874436e+00
9.526189316502543747e+00
9.508164623523347458e+00
9.484073377615983347e+00
9.464897717569497715e+00
9.451729651261526755e+00
9.428798692062963838e+00
9.403460270885624084e+00
9.378710335194011094e+00
9.358500204560730396e+00
9.345546237667878842e+00
9.338868678482436181e+00
9.334105774070346584e+00
9.325474612795330742e+00
9.314193872467846802e+00
9.302237824673783351e+00
9.292791961332337536e+00
9.283794054168335919e+00
9.272472848627140607e+00
9.260750932586667261e+00
9.220414079341221480e+00
9.136032124686950695e+00
9.050263722645796705e+00
8.977868498327262969e+00
8.896640287479437248e+00
8.823713481686896287e+00
8.777047464742395277e+00
8.743200003888375704e+00
8.711810602189116182e+00
8.682716235780725711e+00
8.667664911582507514e+00
8.665084504783489905e+00
8.663638744288062910e+00
8.662820139028774236e+00
8.661331762282667768e+00
8.657861515338389324e+00
8.651862173569483616e+00
8.646904395712407876e+00
8.644975954811677354e+00
8.641387837963220520e+00
8.635819391054697647e+00
8.628885274825368157e+00
8.621191866225624167e+00
8.615020529724574772e+00
8.609289122043387366e+00
8.602585169982017277e+00
8.589976395017339783e+00
8.565022110740857286e+00
8.537861893000323832e+00
8.521144624234331388e+00
8.508339799863623654e+00
8.494464892336782924e+00
8.478068430713875614e+00
8.457807742565204734e+00
8.437282731106051870e+00
8.423306507046785185e+00
8.411712278253373754e+00
8.402978021744798909e+00
8.395471424954701334e+00
8.388007011293620252e+00
8.380536840488748140e+00
8.375597779070753646e+00
8.371847044880222910e+00
8.368550915189835848e+00
8.364702924944660722e+00
8.352714926198922640e+00
8.341571023941556362e+00
8.332373815926068517e+00
8.326323569401552049e+00
8.319249758887183432e+00
8.312257773898004132e+00
8.305433060724974226e+00
8.295355948537910251e+00
8.282445368678375885e+00
8.268596691069152627e+00
8.253081036376446633e+00
8.237842715320221387e+00
8.222934863750932521e+00
8.205334307942104388e+00
8.178591375785298823e+00
8.141048218186188734e+00
8.103687437575716856e+00
8.068931317250580548e+00
8.039330821835772412e+00
8.013060639147557396e+00
7.985702143359500127e+00
7.963091926867922332e+00
7.941278321900569814e+00
7.917541743009879340e+00
7.895845031668039304e+00
7.878137309207509098e+00
7.850383986713285189e+00
7.821222591232482202e+00
7.793566895952114493e+00
7.747233858310441867e+00
7.689847618368797377e+00
7.638547159025505628e+00
7.582120204019296317e+00
7.537460181799278125e+00
7.479676062868144903e+00
7.402874980983366271e+00
7.323161311788704886e+00
7.241038178238391687e+00
7.165072117825097564e+00
7.109676395554138217e+00
7.065960442354263016e+00
7.021118979032521246e+00
6.970235265877338549e+00
6.903048727056284584e+00
6.839873822878178800e+00
6.804753282968992067e+00
6.779003079277774901e+00
6.762551031943920599e+00
6.747814062580060224e+00
6.732531264638457635e+00
6.717626405729966166e+00
6.527423658682064200e+00
6.510618726778699461e+00
6.497655171023061449e+00
6.484577414308409615e+00
6.469920641152635099e+00
6.456446506818043218e+00
6.445498340821127492e+00
6.440255575374506769e+00
6.420668529089327947e+00
6.410237191984045957e+00
6.407093340579746332e+00
6.404168086495564793e+00
6.401910365096653344e+00
6.399607966741261755e+00
6.395417262085635990e+00
6.387193993696868688e+00
6.381264936108422603e+00
6.376821406989142460e+00
6.371826752167937258e+00
6.362763242819040599e+00
6.350410848236177408e+00
6.328110379766393123e+00
6.312331829438067032e+00
6.290915668923651616e+00
6.267185813401050076e+00
6.234466663490261240e+00
6.190653797183291118e+00
6.135352129383353059e+00
6.074436083679120912e+00
6.005665175528359434e+00
5.944937456120050534e+00
5.871867035430385684e+00
5.806496757676151255e+00
5.774575354338734812e+00
5.568763595736139216e+00
5.563530919606819225e+00
5.543694390401601169e+00
5.544849071703771060e+00
5.546289662614788618e+00
5.548254255962297599e+00
5.539884940325732643e+00
5.526313425758424991e+00
