2.514579999999999940e-02
2.564079999999999832e-02
1.018229999999999968e-01
2.296970000000000123e-01
1.098890000000000006e-01
5.953230000000000327e-02
9.042240000000000277e-01
3.658220000000000027e+00
1.524480000000000057e+00
1.779619999999999980e+00
2.002699999999999925e+00
2.088039999999999896e+00
1.958110000000000017e+00
1.271130000000000093e+00
1.139259999999999995e-01
1.447850000000000081e+00
7.379969999999999586e-02
1.749139999999999917e+00
3.683009999999999895e+00
7.230010000000000048e+00
5.571749999999999758e+00
4.032919999999999838e+00
3.031820000000000181e+00
1.700860000000000039e+00
2.434730000000000061e+00
2.265029999999999877e+00
3.835220000000000073e+00
3.045710000000000139e+00
2.060659999999999936e+00
1.225049999999999972e+00
2.650119999999999809e+00
4.581629999999999647e+00
9.416859999999999786e+00
7.924850000000000172e+00
1.001970000000000027e+01
8.336619999999999919e+00
3.325019999999999865e+00
1.393769999999999953e+00
2.981349999999999972e-02
4.187409999999999743e-02
3.529319999999999791e+00
2.526339999999999808e+00
1.918650000000000078e-01
5.351700000000000207e-02
3.871280000000000054e+00
3.079849999999999977e+00
7.838809999999999611e+00
7.688620000000000232e+00
4.047419999999999796e+00
7.426110000000000433e+00
5.478690000000000282e+00
6.187640000000000029e+00
4.255499999999999616e+00
1.056329999999999991e+01
1.164809999999999945e+01
1.645589999999999975e+01
1.829870000000000019e+01
1.231869999999999976e+01
8.587630000000000763e+00
1.477459999999999951e+01
1.772459999999999880e+01
1.356579999999999941e+01
9.094359999999999999e+00
1.317699999999999960e+01
7.236580000000000013e+00
6.770889999999999631e+00
9.427060000000000883e+00
6.772780000000000022e+00
4.860619999999999941e+00
4.439729999999999954e+00
7.461050000000000182e+00
4.685500000000000220e+00
3.231650000000000134e+00
5.203719999999999679e+00
4.230299999999999727e+00
3.128899999999999793e+00
2.412199999999999900e+00
1.790219999999999922e+00
2.216619999999999813e+00
1.620230000000000059e+00
1.866239999999999899e+00
3.045090000000000074e+00
3.952329999999999899e+00
3.844520000000000159e+00
3.339189999999999880e+00
3.458660000000000068e+00
2.322750000000000092e+00
1.534629999999999939e+00
1.783250000000000002e+00
1.568200000000000038e+00
8.507029999999999870e-01
9.914819999999999744e-01
8.846559999999999979e-01
9.014699999999999935e-01
1.493999999999999995e+00
1.447410000000000085e+00
1.427059999999999995e+00
1.212059999999999915e+00
9.443829999999999725e-01
6.713759999999999728e-01
1.002529999999999921e+00
6.589960000000000262e-01
8.950380000000000003e-01
8.870989999999999709e-01
8.404949999999999921e-01
1.354959999999999942e+00
1.691759999999999931e+00
2.704569999999999919e+00
3.516059999999999963e+00
3.737159999999999815e+00
4.020550000000000068e+00
3.914639999999999898e+00
3.194189999999999863e+00
4.104300000000000281e+00
3.075099999999999945e+00
2.503270000000000106e+00
1.312859999999999916e+00
1.257509999999999906e+00
1.007489999999999997e+00
1.028759999999999897e+00
7.602550000000000141e-01
9.704720000000000013e-01
7.449219999999999731e-01
5.379180000000000073e-01
7.641520000000000534e-01
5.989370000000000527e-01
4.724579999999999891e-01
6.671939999999999538e-01
7.932449999999999779e-01
8.376190000000000024e-01
7.872500000000000053e-01
8.728529999999999900e-01
1.241619999999999946e+00
1.020650000000000057e+00
1.254680000000000017e+00
1.181440000000000046e+00
1.283050000000000024e+00
9.922130000000000116e-01
7.364899999999999780e-01
9.600859999999999950e-01
7.449419999999999931e-01
7.226190000000000113e-01
1.264189999999999925e+00
1.564419999999999922e+00
1.133869999999999933e+00
1.249840000000000062e+00
1.408079999999999998e+00
1.576419999999999932e+00
2.205249999999999932e+00
2.714449999999999807e+00
2.435130000000000017e+00
2.123880000000000212e+00
2.095619999999999816e+00
1.764710000000000001e+00
1.194099999999999939e+00
1.470299999999999940e+00
1.962169999999999970e+00
1.551530000000000076e+00
2.141760000000000108e+00
2.108709999999999862e+00
2.110799999999999788e+00
4.377349999999999852e+00
1.367639999999999967e+00
1.216010000000000035e+00
8.587129999999999486e-01
1.882500000000000007e-01
1.972889999999999922e-01
1.212540000000000007e-01
5.499090000000000228e-02
4.169400000000000189e-02
3.312799999999999773e-02
3.448890000000000289e-02
8.846110000000000778e-03
1.479059999999999923e-02
2.188740000000000130e-02
8.486809999999999146e-03
8.165190000000000338e-05
6.766860000000000464e-05
9.241370000000000595e-05
5.735400000000000009e-05
2.295329999999999926e-05
2.597350000000000128e-05
2.754760000000000032e-05
2.611230000000000070e-05
4.259419999999999954e-05
6.074919999999999767e-05
7.163190000000000106e-05
2.642049999999999886e-05
3.343240000000000198e-05
3.348210000000000254e-05
1.441649999999999995e-05
1.828089999999999975e-05
2.273150000000000081e-05
2.032760000000000168e-05
8.324599999999999884e-06
1.030570000000000028e-05
1.032140000000000082e-05
1.034120000000000019e-05
