1.005058080778525742e+01
1.004209882633778506e+01
1.002664764499589367e+01
1.001717112241994911e+01
1.001360815064045973e+01
1.000931064108019797e+01
1.000302084495690025e+01
9.997254415723457299e+00
9.990511561295036813e+00
9.986460004932027346e+00
9.988336848088275488e+00
9.990309545582059414e+00
9.992284817182676804e+00
9.994138469959677806e+00
9.993478996477945131e+00
9.990946796604800895e+00
9.991146743230522986e+00
9.993529692958015076e+00
9.996223506240708545e+00
9.999131411616122733e+00
1.000232592184208258e+01
1.000590944649455949e+01
1.000996053147059683e+01
1.001465912126675306e+01
1.001803023639058843e+01
1.001720451780675347e+01
1.000861294494119313e+01
9.990759179820896563e+00
9.958850929135969920e+00
9.905368389008840424e+00
9.806269537984809048e+00
9.673327847602154250e+00
9.574311442040182030e+00
9.494567812313119859e+00
9.419276529295881772e+00
9.322221362797955990e+00
9.195002475308156065e+00
9.091149716189777408e+00
9.022023996288321968e+00
8.949071244414257720e+00
8.810488582116111189e+00
8.717574814558380680e+00
8.654264162302036212e+00
8.609197280418134923e+00
8.571264995983671753e+00
8.544074248512844250e+00
8.521106687787405320e+00
8.495627580906489840e+00
8.462648019635734542e+00
8.415759377381927919e+00
8.361572972985950258e+00
8.322076574527404347e+00
8.297950815090603172e+00
8.281283412492966178e+00
8.259472030008783605e+00
8.234142555557102838e+00
8.217594477832889766e+00
8.205750949308511011e+00
8.188306815208980183e+00
8.158853811300701864e+00
8.120376479744434661e+00
8.087958789460733655e+00
8.060021324909154572e+00
8.028274301970482085e+00
7.983692125326290245e+00
7.932035189994307345e+00
7.883897536329927291e+00
7.839346670708103204e+00
7.806158258716905607e+00
7.767293927508849727e+00
7.712808745480608685e+00
7.636632302839977626e+00
7.557617866731058065e+00
7.476596889614222086e+00
7.362060038620692026e+00
7.212190268779109736e+00
7.060376721395356547e+00
6.897087461379006967e+00
6.788297084306292639e+00
6.708096120227117432e+00
6.660900561512153928e+00
6.630597694695889111e+00
6.606301808835028488e+00
6.577280345763088398e+00
6.547268759143621608e+00
6.513505258179732138e+00
6.469058753997202871e+00
6.422962260802560941e+00
6.380390351246588487e+00
6.350579429157305000e+00
6.335074589568643333e+00
6.323767583296779904e+00
6.315886415708487078e+00
6.312547576443118480e+00
6.311910602482958765e+00
6.311747505480246545e+00
6.310827084171055645e+00
6.307801861790411024e+00
6.302094882003258292e+00
6.293638735631343017e+00
6.285296203797823722e+00
6.278934138496678585e+00
6.272959577792118324e+00
6.268105044837341211e+00
6.263280914296621482e+00
6.255860816746464437e+00
6.249606769117556304e+00
6.245112735396160630e+00
6.240144716798660340e+00
6.230091119748746742e+00
6.213642582118015234e+00
6.194988615450492730e+00
6.175201492177037288e+00
6.159816750618373860e+00
6.148824680448528923e+00
6.140969746074933511e+00
6.134071869291856771e+00
6.126842197697397019e+00
6.117191722965175771e+00
6.103813979759559416e+00
6.087252420292228017e+00
6.068990602047150240e+00
6.036900244625535983e+00
5.842450093942175293e+00
5.827734908792460367e+00
5.815652116546701222e+00
5.803600491100623593e+00
5.789043857593032527e+00
5.773796680757450339e+00
5.756558521566001119e+00
5.739323879094722081e+00
5.726989499080464618e+00
5.707115205996831975e+00
5.676097989358695806e+00
5.641274765237902500e+00
5.603090217812218832e+00
5.560530699072586458e+00
5.521428388387026764e+00
5.492265765838681979e+00
5.467594788001805206e+00
5.447085125792298754e+00
5.437720446465406532e+00
5.427988924372545654e+00
5.419301337003640029e+00
5.410836259683732941e+00
5.400170021524123953e+00
5.384082679885227485e+00
5.359824103296094933e+00
5.338113703996018700e+00
5.321631565642418238e+00
5.288705196598772140e+00
5.267530753236071561e+00
5.246985780816395106e+00
5.224584853731530920e+00
5.198591113161566746e+00
5.163519162569878418e+00
5.122556624760506772e+00
5.086655192853902996e+00
4.997451479999226898e+00
4.977190238570591063e+00
4.963762807486236106e+00
4.951084349464720979e+00
4.938912813888722830e+00
4.926894226260718490e+00
4.919880533756337826e+00
4.912052451889295845e+00
4.893744567427729564e+00
4.865272801204723940e+00
4.829121008998217057e+00
4.789762570148659471e+00
4.753323323692077551e+00
4.717991529284973673e+00
4.682910962012585721e+00
4.635394264891366412e+00
4.570374793342311115e+00
4.508210445697706348e+00
4.466149626047830168e+00
4.410821082256835446e+00
4.328561031306866091e+00
4.242327706809703614e+00
4.174658622189566515e+00
4.128635093794760458e+00
4.070761703221964289e+00
4.015762004109076244e+00
3.963364183665828655e+00
3.921143137614603535e+00
3.846549258322373710e+00
3.710276492607969434e+00
3.532152827689449825e+00
3.337457264529827050e+00
3.207219529832916027e+00
3.090282748097368692e+00
2.934867444753150867e+00
2.627695549397796704e+00
2.275159267247492068e+00
1.892816156722289644e+00
1.237845226861614245e+00
5.499652499563669750e-01
