6.157490000000000130e+00
6.254879999999999995e+00
6.423650000000000304e+00
6.627989999999999604e+00
6.891949999999999577e+00
7.263180000000000192e+00
9.140010000000000190e+00
1.361009999999999920e+01
1.282910000000000039e+01
1.187589999999999968e+01
5.291170000000000151e+00
1.932739999999999903e+00
9.800520000000000065e-02
3.963749999999999912e-02
4.652939999999999854e-02
5.710980000000000223e-02
4.041580000000000172e-02
3.551250000000000240e-02
3.709790000000000310e-02
2.907850000000000018e-02
1.214569999999999955e-01
1.853280000000000038e+00
1.350449999999999928e+00
2.724439999999999973e+00
1.952700000000000102e+00
7.471989999999999910e+00
4.157899999999999707e+00
2.618380000000000152e+00
1.781840000000000090e+00
2.040420000000000011e-01
6.003979999999999734e-02
6.453820000000000390e-02
7.731919999999999904e-01
3.269359999999999822e+00
2.511620000000000186e+00
3.106710000000000083e+00
4.166409999999999947e+00
7.991069999999999673e+00
8.389359999999999928e+00
1.196129999999999960e+01
7.807690000000000019e+00
8.716020000000000323e+00
4.637069999999999581e+00
8.091359999999999886e+00
8.026569999999999538e+00
7.632119999999999571e+00
1.337790000000000035e+01
1.650570000000000093e+01
1.868469999999999942e+01
1.594679999999999964e+01
2.301089999999999947e+01
1.489480000000000004e+01
1.462139999999999951e+01
8.711690000000000822e+00
9.559150000000000702e+00
9.599539999999999296e+00
1.005620000000000047e+01
5.112250000000000127e-02
1.735249999999999987e-02
5.567929999999999602e+00
9.648059999999999192e+00
3.520630000000000287e-02
2.633260000000000114e-02
1.089650000000000063e-01
8.055300000000000793e+00
6.206929999999999836e+00
4.063030000000000364e+00
6.472629999999999661e+00
3.152909999999999879e+00
7.334240000000000315e+00
9.731210000000000804e+00
8.440239999999999299e+00
1.117450000000000010e+01
9.191100000000000492e+00
7.918409999999999727e+00
5.109680000000000000e+00
4.533610000000000362e+00
1.728639999999999954e+00
1.564859999999999949e-03
9.119819999999999836e-04
1.875460000000000018e-03
1.204399999999999915e+00
1.084240000000000093e+00
2.917250000000000138e-03
1.116690000000000044e-02
1.428579999999999961e+00
1.547379999999999978e+00
1.761579999999999924e+00
2.147819999999999840e+00
1.431550000000000100e+00
2.083899999999999864e+00
1.848240000000000105e+00
3.684909999999999908e+00
2.098910000000000053e+00
7.765729999999999578e-01
6.275020000000000042e-01
1.720979999999999992e-03
6.897389999999999910e-01
3.472529999999999784e-01
7.453969999999999763e-01
9.348870000000000227e-04
1.056929999999999979e-03
3.001289999999999791e-01
3.404059999999999864e-01
6.021959999999999535e-01
1.203619999999999912e+00
1.199940000000000007e+00
1.569409999999999972e+00
2.311469999999999914e+00
2.483340000000000103e+00
3.408510000000000151e+00
3.256909999999999972e+00
3.364380000000000148e+00
1.212339999999999973e+00
2.256629999999999914e+00
3.212520000000000042e+00
2.432030000000000136e+00
1.804410000000000069e+00
1.353140000000000009e+00
1.906919999999999948e+00
2.616740000000000066e+00
1.886060000000000070e+00
1.142789999999999973e+00
5.394870000000000498e-01
5.452120000000000299e-01
3.530139999999999945e-01
2.704889999999999795e-01
1.816780000000000062e-01
1.980490000000000028e-01
2.942899999999999960e-01
4.574500000000000233e-01
7.674360000000000070e-01
5.468859999999999832e-01
8.620160000000000045e-01
1.001219999999999999e+00
1.018129999999999979e+00
1.097220000000000084e+00
6.346389999999999532e-01
3.666730000000000267e-01
4.479790000000000161e-01
4.338989999999999791e-01
5.390890000000000404e-01
5.708720000000000461e-01
4.505739999999999745e-01
4.424029999999999907e-01
4.381700000000000039e-01
4.334549999999999792e-01
5.716520000000000490e-01
6.397150000000000336e-01
8.081469999999999487e-01
3.639390000000000125e-01
3.517930000000000224e-01
3.167349999999999888e-01
4.630059999999999731e-01
3.113859999999999961e-01
3.075209999999999888e-01
2.500109999999999832e-01
2.045410000000000006e-01
1.390609999999999902e-01
1.577469999999999983e-01
1.196460000000000024e-01
1.203759999999999969e-01
1.305369999999999864e-01
1.562600000000000100e-01
1.199940000000000034e-01
1.888529999999999931e-01
1.821419999999999983e-01
2.515680000000000138e-01
2.608059999999999823e-01
2.061360000000000137e-01
1.926190000000000124e-01
2.685130000000000017e-01
1.306130000000000069e-01
1.138770000000000060e-01
1.067970000000000030e-01
9.587510000000000476e-02
7.700110000000000288e-02
8.715420000000000111e-02
1.073189999999999977e-01
1.207509999999999972e-01
1.280219999999999969e-01
1.476790000000000047e-01
1.274119999999999975e-01
1.116150000000000059e-01
6.517820000000000558e-02
7.020830000000000126e-02
7.640030000000000432e-02
7.391520000000000035e-02
5.851549999999999807e-02
3.430919999999999803e-02
2.437289999999999943e-02
3.331610000000000127e-02
2.294560000000000002e-02
3.223419999999999758e-02
6.040829999999999811e-02
7.051069999999999560e-02
9.332169999999999355e-02
9.099039999999999906e-02
8.562250000000000416e-02
9.440030000000000643e-02
9.949379999999999336e-02
2.241699999999999943e-02
9.398669999999999594e-03
5.670630000000000288e-03
2.233830000000000017e-03
1.336780000000000086e-03
1.165900000000000096e-03
4.452349999999999884e-04
3.686660000000000241e-04
6.582600000000000300e-04
1.833199999999999999e-04
1.681280000000000003e-04
1.795370000000000126e-04
1.256750000000000055e-04
1.155399999999999949e-04
