1.044759675730331594e+01
1.044364781310188128e+01
1.044555594565013479e+01
1.044244684296391235e+01
1.043282343318160166e+01
1.042815099874444584e+01
1.042516726273929351e+01
1.041710284301916900e+01
1.041055286021917858e+01
1.040665086884220258e+01
1.040273068283327440e+01
1.039622550862593364e+01
1.038826642949279844e+01
1.038118730663416578e+01
1.037471352775721734e+01
1.037006876065005123e+01
1.036697178267685615e+01
1.036486979866696245e+01
1.036103051708892586e+01
1.035860291781965969e+01
1.035753465459757905e+01
1.035594740925484381e+01
1.035629744545600062e+01
1.035626494031609113e+01
1.035350846792875501e+01
1.034993575694291046e+01
1.034381413982894848e+01
1.033381188845627818e+01
1.032267196584183111e+01
1.031186824551320846e+01
1.030206672108175603e+01
1.029464696087178055e+01
1.029175501429910433e+01
1.029337139522160705e+01
1.029509626752044582e+01
1.029699626841073901e+01
1.029924136718884675e+01
1.029809075561533760e+01
1.029182821355002098e+01
1.028846833022698704e+01
1.029061995748055303e+01
1.029294905987165620e+01
1.029544174118594491e+01
1.029812354765409488e+01
1.030103651003235221e+01
1.030422978665877487e+01
1.030781255103732796e+01
1.031174962401575002e+01
1.031423810966625254e+01
1.031467181678480216e+01
1.030728418746415720e+01
1.028765171572376858e+01
1.025439821119918804e+01
1.020594830858243718e+01
1.014820148745851114e+01
1.009386625914264179e+01
1.003981847915782843e+01
9.968633291155452270e+00
9.886748405307731247e+00
9.803878231689342471e+00
9.745486239050896060e+00
9.695788026215534927e+00
9.653069655652227965e+00
9.642837319233287019e+00
9.644603019058481053e+00
9.644356843811264568e+00
9.646356666935091084e+00
9.648488816308750771e+00
9.651064692004039713e+00
9.647229374863275808e+00
9.640885728946354760e+00
9.640150372458480277e+00
9.638105710442406604e+00
9.637566774924827939e+00
9.640463548042102815e+00
9.643952814081139024e+00
9.641067388749409162e+00
9.630861952504343293e+00
9.623877528746911381e+00
9.613460193647478391e+00
9.600386910481907066e+00
9.588992877148845295e+00
9.571081970957752816e+00
9.542054461432741164e+00
9.511874006843141771e+00
9.484627216681783324e+00
9.459983208876641569e+00
9.442639660339537500e+00
9.430602277365672137e+00
9.421505212360505865e+00
9.414732749008821955e+00
9.407186882630821145e+00
9.398592696874231933e+00
9.390035574984509026e+00
9.369855691820067278e+00
9.343904646949624748e+00
9.320540919924580336e+00
9.294459612489683664e+00
9.253405858538009454e+00
9.190533388121393088e+00
9.107711832558953446e+00
9.007094565436702283e+00
8.919946336108946383e+00
8.860936022497915232e+00
8.821525319045132818e+00
8.788865229284438030e+00
8.772018621899741575e+00
8.757096778819448701e+00
8.741943798295737977e+00
8.717211006072133728e+00
8.689005901907792762e+00
8.665097651620197183e+00
8.637826827316127165e+00
8.609745905689118572e+00
8.582555360328816718e+00
8.552546547955660827e+00
8.512437567860475340e+00
8.470366383000007104e+00
8.435723357996385730e+00
8.409107686843077190e+00
8.390762061009686690e+00
8.374532061154701168e+00
8.360123652046322462e+00
8.348102274879902751e+00
8.337553098695483556e+00
8.327003178175191422e+00
8.318881042734284748e+00
8.313194175135320663e+00
8.307506734689901862e+00
8.302938861659271197e+00
8.296976542347760386e+00
8.288072519884970291e+00
8.278566128139910774e+00
8.267643327342186765e+00
8.255356943043587137e+00
8.242310306244919005e+00
8.229356703554627117e+00
8.211136566589019026e+00
8.188385627893461916e+00
8.067145278885394788e+00
8.039992792788606124e+00
8.006363339785746547e+00
7.973553161467280326e+00
7.959087205586219405e+00
7.947226328621800562e+00
7.936207014241525748e+00
7.928224763895171279e+00
7.921136888398484288e+00
7.915245720399622265e+00
7.910623337825280821e+00
7.905520110247402421e+00
7.900713879495800285e+00
7.895469509188344226e+00
7.888920476850335817e+00
7.883022296727882683e+00
7.878705584958838770e+00
7.875464101782789328e+00
7.872495997132457290e+00
7.868404011310964563e+00
7.863178864656024558e+00
7.858198412010295897e+00
7.850884449886784466e+00
7.839887009185401823e+00
7.829186014808010796e+00
7.818136121343037814e+00
7.804309162627264485e+00
7.788466757654227024e+00
7.766512485442985003e+00
7.742692931062616246e+00
7.724858089306024134e+00
7.701913211212343846e+00
7.665181218633779103e+00
7.620595102130718779e+00
7.571879954361389942e+00
7.519523487290276087e+00
7.466938761745865349e+00
7.422340286831469847e+00
7.388346355925850872e+00
7.357250484744792374e+00
7.325445875088965053e+00
7.293903704182300274e+00
7.271011706459585611e+00
7.250322397076006453e+00
7.229384874810432571e+00
7.212581754223877262e+00
7.191135099871629244e+00
7.168220436685280639e+00
7.144826305416503764e+00
7.122730171628287366e+00
7.090596607129306506e+00
7.053969178261183082e+00
7.031513490216712015e+00
6.995701869036056841e+00
6.973466378920787356e+00
6.952864577385166278e+00
6.933947659115154316e+00
6.919064487757530912e+00
6.906514434107462463e+00
6.894067823476820678e+00
6.883437133684721765e+00
6.873126957495922618e+00
6.863956586454319719e+00
6.855346493836163013e+00
6.838792439936222323e+00
6.819070559872236537e+00
6.801165571777258556e+00
6.788577009793431039e+00
6.776478896154962683e+00
6.763120883731013500e+00
6.584931357365645610e+00
6.564627011493825215e+00
6.536075905729405555e+00
6.509026348593365263e+00
6.488612754138133099e+00
6.471828378594223885e+00
6.459102861551828667e+00
6.451623736447713142e+00
6.444666110995695085e+00
6.438061114966263432e+00
6.431903883509643371e+00
6.425292878740508584e+00
6.419511318825815493e+00
