1.029978613387430642e+01
1.029434495950426864e+01
1.028861806267167900e+01
1.028155148289398113e+01
1.027523992623354587e+01
1.026860371055600929e+01
1.026036241093219026e+01
1.024773519793175858e+01
1.022984559957718531e+01
1.020965439534110075e+01
1.019407010762109955e+01
1.018594425056240027e+01
1.018026354247772858e+01
1.017770383698957914e+01
1.017631703349000460e+01
1.017576686472023084e+01
1.017686939630518417e+01
1.017796625319541448e+01
1.017917535441056742e+01
1.017899707968330603e+01
1.017780478506502995e+01
1.017400453565367968e+01
1.015381791201441075e+01
1.014542017953970543e+01
1.014062115856174984e+01
1.013698993638234214e+01
1.013264705089116191e+01
1.012857049691938194e+01
1.012192078556303798e+01
1.011215573018468739e+01
1.010946042433946701e+01
1.011169927757354969e+01
1.011427729656158547e+01
1.011700267937244213e+01
1.011973414180781106e+01
1.012299526972076436e+01
1.011219262818389097e+01
1.010930175205349002e+01
1.011389992068702881e+01
1.011944065613113963e+01
1.012052128625979996e+01
1.011231336335860220e+01
1.009243991133114093e+01
1.005419541025538877e+01
9.993367002408060529e+00
9.923909461317034442e+00
9.845041578061502818e+00
9.742653659243357467e+00
9.609495161062978852e+00
9.428037553035307994e+00
9.258476846642338387e+00
9.114173801302714040e+00
8.968746247312049391e+00
8.877350033813929286e+00
8.793473974600964027e+00
8.689592079514182998e+00
8.598047085058107442e+00
8.515148973624119932e+00
8.427310797916838681e+00
8.321175735204406010e+00
8.182497394486153652e+00
8.052208984770791389e+00
7.898230835537295214e+00
7.714971504620489640e+00
7.552736335394256706e+00
7.408890918941444248e+00
7.255115648217309143e+00
7.094830853568111273e+00
7.031299371937025811e+00
7.029866509704951305e+00
7.026234916563501187e+00
7.020742366283695191e+00
7.016786890785789765e+00
7.014600334087940148e+00
7.012229630895959964e+00
7.009336145307390353e+00
7.004317073815990113e+00
6.996425417608524100e+00
6.989459606981158757e+00
6.982801110839091052e+00
6.974525508884958924e+00
6.967318600682131269e+00
6.962677542211302750e+00
6.958683787366830131e+00
6.954259398340783882e+00
6.949561738594124627e+00
6.945055267121928111e+00
6.942220433128160728e+00
6.938473691524509768e+00
6.934805378859837610e+00
6.932195138320052408e+00
6.929418414779307867e+00
6.925850241835334486e+00
6.920543845413988926e+00
6.913884287118240657e+00
6.907061311685472660e+00
6.902398365480197029e+00
6.899545836459413550e+00
6.896097222548658756e+00
6.892289434710495932e+00
6.889048897571623975e+00
6.884764220464025364e+00
6.879667486785056241e+00
6.870351810228938483e+00
6.859162323987126442e+00
6.849914239787575632e+00
6.839974907670013593e+00
6.829786054370763360e+00
6.819049479694426985e+00
6.810428108146791004e+00
6.800804340716282148e+00
6.790883753924020105e+00
6.780292823867034357e+00
6.768848169059601183e+00
6.758016656607496842e+00
6.746493302785220969e+00
6.734732640715025198e+00
6.671016320339012928e+00
6.642274536687961195e+00
6.623898179051082025e+00
6.605729434317326287e+00
6.591384085684805605e+00
6.579413145475354163e+00
6.572292931684585504e+00
6.565789987568879660e+00
6.558546579676481691e+00
6.552430931626716415e+00
6.548587170590405293e+00
6.544821821387602157e+00
6.541709013712173615e+00
6.539465032358341645e+00
6.536141622905034865e+00
6.533222807713758407e+00
6.530784768762444514e+00
6.529169750839415975e+00
6.527610569826197917e+00
6.526116903054391294e+00
6.525731356850705822e+00
6.524829551061568367e+00
6.523377029385178716e+00
6.522106317480454329e+00
6.520441607871321210e+00
6.518308588490470790e+00
6.515755985620789836e+00
6.512086429684198485e+00
6.507525304466983407e+00
6.501721843370350307e+00
6.493984740529563204e+00
6.486307186902136479e+00
6.480150725273280621e+00
6.449731342546832558e+00
6.436089463050109316e+00
6.426703154353384129e+00
6.413351742163470703e+00
6.399211497000631077e+00
6.380916397460697276e+00
6.356874484576564122e+00
6.335882960186873802e+00
6.317582839780198967e+00
6.298486280992059427e+00
6.280393960922870278e+00
6.260896240932053658e+00
6.244603646862194601e+00
6.236383568615694095e+00
6.228461956388648524e+00
6.214849144289573246e+00
6.197793136622196997e+00
6.180808047749307477e+00
6.162534536549356012e+00
6.143117893901036908e+00
6.128334636753716147e+00
6.118506117461985028e+00
6.105295539167987506e+00
6.082501730076124602e+00
6.029302593558997891e+00
5.996356664407609394e+00
5.959323353560955105e+00
5.919721731466696113e+00
5.875871190727365523e+00
5.706973676176177790e+00
5.634274686513163211e+00
5.530984306189716371e+00
5.427429303038258546e+00
5.323522289632754756e+00
5.218648396605053641e+00
5.168671284389034781e+00
5.131807865186738482e+00
5.082799726921528816e+00
5.017980237505508256e+00
4.928385097189439179e+00
4.731049389552436146e+00
4.597504317625992876e+00
4.422703076483218254e+00
4.303237108192528915e+00
4.220994086255295485e+00
4.161550667010912363e+00
4.114741052961671031e+00
4.065400433230741406e+00
4.021796886132828597e+00
3.994880885447007479e+00
3.980578260570704519e+00
3.969444336277238694e+00
3.959452107446287172e+00
3.952990904645040438e+00
3.941479629585716626e+00
3.926751848866299355e+00
3.915669931976704543e+00
3.902584825974967142e+00
3.882823830474656734e+00
3.851903194643527151e+00
3.814557885516668634e+00
3.768375373513457305e+00
3.712445973104538499e+00
3.638856504782829404e+00
3.574571772637935130e+00
3.508133623428417724e+00
3.384382091324033226e+00
3.256419456875618845e+00
3.122779276077748190e+00
2.962394435934350589e+00
2.823264856594190686e+00
2.732405019163582693e+00
2.654748163137337080e+00
2.596019484843068881e+00
2.543274422026005066e+00
2.402622427748527745e+00
2.150753370630510197e+00
1.994667263188715456e+00
1.956126151963535564e+00
1.923043927591433278e+00
1.857223909236827675e+00
1.695291631078899020e+00
1.237247070004694471e+00
