5.460539999999999949e+00
5.635239999999999583e+00
5.812229999999999563e+00
5.991489999999999760e+00
6.173090000000000188e+00
9.667960000000000442e-02
1.390679999999999972e-01
5.467240000000000322e+00
6.115149999999999864e+00
4.297830000000000261e+00
4.749400000000000149e-02
1.209819999999999993e-02
6.313260000000000226e-03
9.484219999999999803e-03
6.693679999999999596e-03
1.180160000000000063e-02
3.067200000000000135e-02
4.207609999999999850e+00
5.206830000000000069e+00
2.876050000000000217e+00
3.565049999999999830e+00
8.606749999999999901e+00
8.533419999999999561e+00
6.240319999999999645e+00
8.723219999999999530e+00
5.200029999999999930e+00
6.630580000000000140e+00
5.789209999999999745e+00
5.017879999999999896e+00
1.596740000000000048e+00
1.062899999999999956e+00
9.919569999999999776e-01
1.284070000000000045e+00
1.193429999999999991e+00
8.981580000000000119e-01
1.576070000000000082e+00
2.139580000000000037e+00
2.007249999999999979e+00
1.796100000000000030e+00
1.177499999999999991e+00
7.782930000000000126e-01
1.029709999999999903e+00
7.110039999999999763e-03
5.743800000000000017e-01
3.640999999999999792e-01
1.160330000000000084e+00
1.261589999999999989e+00
3.417269999999999808e+00
6.263779999999999681e+00
5.080029999999999824e+00
7.608889999999999709e+00
8.246190000000000353e+00
5.512629999999999697e+00
3.608200000000000074e+00
2.697150000000000158e+00
1.480450000000000044e+00
1.352919999999999900e+00
8.959690000000000154e-01
5.065119999999999623e-01
3.543780000000000263e-01
2.954269999999999952e-01
4.544409999999999838e-01
3.629830000000000001e-01
2.784860000000000113e-01
1.428719999999999990e-01
1.185699999999999948e-01
1.200729999999999992e-01
1.673459999999999948e-01
1.398089999999999888e-01
1.088080000000000019e-01
1.093009999999999954e-01
1.504620000000000124e-01
1.404449999999999865e-01
2.432570000000000010e-01
3.259329999999999727e-01
2.687800000000000189e-01
4.231800000000000006e-01
3.781740000000000101e-01
2.148299999999999932e-01
1.360899999999999888e-01
1.586589999999999945e-01
1.822239999999999971e-01
2.610649999999999915e-01
2.021100000000000119e-01
1.980729999999999991e-01
3.686599999999999877e-01
2.909450000000000092e-01
4.317819999999999991e-01
3.951549999999999785e-01
6.605210000000000248e-01
8.885690000000000532e-01
9.641210000000000058e-01
5.351329999999999698e-01
2.752789999999999959e-01
1.349249999999999894e-01
1.501349999999999907e-01
7.557149999999999979e-02
7.369770000000000487e-02
5.958850000000000258e-02
5.772100000000000147e-02
2.772830000000000086e-02
1.256990000000000017e-02
1.129969999999999933e-02
1.756270000000000053e-02
1.907589999999999980e-02
1.826710000000000139e-02
2.111400000000000082e-02
2.486429999999999890e-02
2.450640000000000110e-02
2.978739999999999860e-02
2.857770000000000102e-02
2.750330000000000136e-02
3.199359999999999704e-02
2.915210000000000024e-02
2.803189999999999849e-02
2.810069999999999929e-02
3.293229999999999769e-02
1.839359999999999953e-02
1.719899999999999901e-02
9.492270000000000568e-03
9.736500000000000363e-03
1.189119999999999934e-02
1.222209999999999963e-02
6.845040000000000152e-03
5.501769999999999577e-03
6.870770000000000002e-03
5.295750000000000110e-03
8.171809999999999838e-03
1.137990000000000008e-02
1.181399999999999985e-02
1.082310000000000043e-02
7.550170000000000145e-03
1.424729999999999920e-02
9.387319999999999345e-03
9.844449999999999382e-03
1.471019999999999966e-02
1.103510000000000081e-02
6.823240000000000381e-03
6.165219999999999902e-03
5.025639999999999621e-03
5.121460000000000422e-03
5.148490000000000358e-03
3.881569999999999986e-03
4.473320000000000247e-03
4.168050000000000400e-03
3.308360000000000207e-03
2.865439999999999914e-03
2.705529999999999827e-03
3.401899999999999803e-03
5.283190000000000108e-03
6.767119999999999733e-03
6.670180000000000380e-03
1.125969999999999922e-02
1.233859999999999991e-02
1.139500000000000061e-02
1.444619999999999932e-02
1.616429999999999950e-02
1.731629999999999975e-02
2.485909999999999856e-02
1.733729999999999993e-02
1.395809999999999933e-02
1.996440000000000020e-02
2.577379999999999949e-02
2.743280000000000024e-02
2.976260000000000017e-02
2.579649999999999999e-02
2.212269999999999862e-02
1.242290000000000061e-02
1.148960000000000085e-02
8.487869999999999790e-03
1.118000000000000070e-02
6.945800000000000238e-03
5.270279999999999583e-03
4.127780000000000164e-03
2.993860000000000098e-03
4.425229999999999615e-03
3.827619999999999894e-03
3.497440000000000097e-03
2.534170000000000086e-03
1.855929999999999993e-03
3.042149999999999976e-03
2.027929999999999837e-03
1.597220000000000107e-03
1.857680000000000008e-03
2.121899999999999915e-03
2.327210000000000129e-03
3.380499999999999824e-03
3.958060000000000224e-03
4.628619999999999957e-03
5.537410000000000422e-03
4.824379999999999641e-03
5.270819999999999846e-03
3.373479999999999882e-03
4.473920000000000154e-03
3.786630000000000031e-03
3.449040000000000005e-03
1.645200000000000091e-03
1.018269999999999939e-03
1.192899999999999993e-03
1.230289999999999986e-03
9.851750000000000264e-04
1.868859999999999966e-03
1.406869999999999952e-03
8.894909999999999579e-04
7.608100000000000019e-04
5.423830000000000144e-04
5.048319999999999804e-04
2.278140000000000113e-04
1.774420000000000131e-04
1.999780000000000020e-05
3.321779999999999899e-05
2.378899999999999873e-05
3.691019999999999772e-05
4.626219999999999898e-05
5.297749999999999888e-05
6.462760000000000444e-05
