1.019510779577398552e+01
1.018389591538561056e+01
1.016968618747166886e+01
1.015126869719881597e+01
1.013010530168391021e+01
1.011029671520897644e+01
1.008954481538416559e+01
1.006522481502240574e+01
1.004341729827102192e+01
1.002776535272822578e+01
1.001841337006203148e+01
1.001338080659301433e+01
1.001078741603187439e+01
1.000989685970771248e+01
1.000737219408638268e+01
1.000482847116819940e+01
1.000365437031040550e+01
1.000177264184445036e+01
1.000078969755007741e+01
9.997087430997499524e+00
9.987777058438311428e+00
9.977687945962193439e+00
9.963882700885141830e+00
9.944973443623657872e+00
9.923337293823923488e+00
9.894466156393711742e+00
9.862118851406906472e+00
9.826895944437017860e+00
9.788737390811409256e+00
9.757471188641630988e+00
9.737420070731211297e+00
9.731362292883327214e+00
9.730302510910593838e+00
9.724093919463321356e+00
9.718598833746087351e+00
9.717136874983671291e+00
9.708835449201812295e+00
9.687612779986592315e+00
9.669818772505093918e+00
9.664802691175319538e+00
9.667051161436834406e+00
9.669832705671733919e+00
9.672922234541323050e+00
9.676505222112048443e+00
9.675319066137728186e+00
9.673910713582738907e+00
9.672363897308121850e+00
9.663957092989884146e+00
9.657293979909713499e+00
9.645694355076578574e+00
9.619549309171727458e+00
9.577476863526772632e+00
9.522051495503223606e+00
9.460974476197661076e+00
9.404811488380767415e+00
9.347035180578483704e+00
9.273121699701524889e+00
9.196866747249238472e+00
9.126608641506912534e+00
9.082124452923949320e+00
9.055164189760171567e+00
9.037051807167252093e+00
9.033673001153628590e+00
9.036017738926830134e+00
9.038604267990729468e+00
9.041562421645725323e+00
9.045142963590233620e+00
9.043974967257810249e+00
9.029079258928849328e+00
9.008727886652383887e+00
8.992128735392315164e+00
8.973331554614546235e+00
8.955203648655514215e+00
8.939518753429272380e+00
8.926916323982009516e+00
8.912951823250661931e+00
8.898287376399872883e+00
8.891285393387764913e+00
8.886370008371931917e+00
8.881811892767021988e+00
8.877921641014562937e+00
8.870261653468190843e+00
8.858799379348354819e+00
8.838937828804107610e+00
8.830933657815830173e+00
8.824849272213183937e+00
8.819614996097747905e+00
8.810749867238353517e+00
8.791589605917081940e+00
8.753536333339907216e+00
8.696580032120596826e+00
8.653343747388904106e+00
8.626443025331294479e+00
8.600259370300287642e+00
8.573331200142970232e+00
8.546604348654273764e+00
8.525373968231509281e+00
8.504521153466141570e+00
8.483745582365234128e+00
8.462847035831673637e+00
8.443306805952550675e+00
8.423750345736088718e+00
8.400005803810458360e+00
8.368361275872148397e+00
8.348775904657527391e+00
8.322930128408849271e+00
8.289733841827420235e+00
8.250936944135862205e+00
8.187546100941188953e+00
8.096277219456828433e+00
8.007636843828489503e+00
7.953025263175147686e+00
7.907891614033472294e+00
7.858478245010127594e+00
7.812853219397301707e+00
7.770817413923997385e+00
7.736568592228208807e+00
7.705061065076202809e+00
7.668998715414731215e+00
7.640124512952938929e+00
7.624613106306592947e+00
7.611667026591619312e+00
7.600844438723843410e+00
7.591548742461716515e+00
7.582357719340927282e+00
7.568566612855132547e+00
7.548517169146753858e+00
7.526591250184484494e+00
7.499391496882073405e+00
7.464853046105669243e+00
7.433808222900573526e+00
7.408640146107346780e+00
7.379642667741153517e+00
7.350825401122707881e+00
7.301633245832020336e+00
7.093978206038542567e+00
6.987270215144704366e+00
6.862318061949158832e+00
6.698033525071357630e+00
6.543422327039723818e+00
6.452105517050158667e+00
6.391243946591512071e+00
6.341962479744125858e+00
6.307035827100360592e+00
6.283735306182868463e+00
6.265181156582519506e+00
6.243144747936476335e+00
6.217781268332446487e+00
6.196231470442874034e+00
6.175905920535039506e+00
6.158573556172255437e+00
6.142705372396496166e+00
6.126147648337579632e+00
6.111057419082648323e+00
6.097746526628908370e+00
6.087490371389999488e+00
6.074948025097598681e+00
6.061516562954318843e+00
6.053493323165806572e+00
6.045800049334555837e+00
6.036884287596456566e+00
6.027292513667581453e+00
6.016728390942082783e+00
6.006346220346994613e+00
5.995411848397783849e+00
5.983330342928429246e+00
5.972420856888566831e+00
5.961378374475427400e+00
5.952046190779950230e+00
5.944708643888430899e+00
5.934237796350135596e+00
5.922314318128574229e+00
5.911987038044323128e+00
5.905990594858089082e+00
5.899231015440239645e+00
5.888005853783659482e+00
5.856297401750019560e+00
5.744448675215399369e+00
5.697886391744351187e+00
5.641297580526905442e+00
5.580384335931193540e+00
5.519991971305287848e+00
5.450590865216319969e+00
5.384548739990029809e+00
5.331633765089933696e+00
5.293428854151602359e+00
5.270518129099203364e+00
5.253580289562182593e+00
5.239867320115276783e+00
5.223524494950773089e+00
5.204383193907727190e+00
5.184768064258712172e+00
5.166213948963585878e+00
5.150532329062241566e+00
5.137907705431547178e+00
5.123920208366944173e+00
5.111070870875090932e+00
5.096600685203170222e+00
5.068860906041795289e+00
5.038719486016894678e+00
5.011726879838112936e+00
4.992568538948134460e+00
4.968845176503450922e+00
4.935933793459615693e+00
4.894168133633012729e+00
4.840318796449994743e+00
4.523538371703652139e+00
4.211299457229845444e+00
4.120557480345721224e+00
4.010439892275444507e+00
3.866169147633770731e+00
3.552964943442647794e+00
2.873478128536972154e+00
