1.048034331897652649e+01
1.048103394145814526e+01
1.048181799480051346e+01
1.048276928326568225e+01
1.048376126516410167e+01
1.048476378816943111e+01
1.048434967355919412e+01
1.048237328545858205e+01
1.048173206168989502e+01
1.048271926736659587e+01
1.048333334944406303e+01
1.048360441168513546e+01
1.048390808571811128e+01
1.048335618226275301e+01
1.048301784827227401e+01
1.048366430788117576e+01
1.048447209905592281e+01
1.048576684052343921e+01
1.048611863842190139e+01
1.048625757681685933e+01
1.048766147711864427e+01
1.048712281415833125e+01
1.048485907824687935e+01
1.048313065555793067e+01
1.048274641956939490e+01
1.048358016563806316e+01
1.048438384228588660e+01
1.048617818889110787e+01
1.048803715585800589e+01
1.048892562713760590e+01
1.048735758934379803e+01
1.048342039313019924e+01
1.048023265989891861e+01
1.047748880180802011e+01
1.047352784291593686e+01
1.046806952946429803e+01
1.046231861958471399e+01
1.045733376490409761e+01
1.044908635444286382e+01
1.044085872616256871e+01
1.043221222181290564e+01
1.042178320084243737e+01
1.041354283388418267e+01
1.040808046852236934e+01
1.040488329859257632e+01
1.040464559559469038e+01
1.040740620224567259e+01
1.041070301749371652e+01
1.034838859785749321e+01
1.032481110820637582e+01
1.032288676782136427e+01
1.031385457083109358e+01
1.029991459920962349e+01
1.027895241659548731e+01
1.025480901041480664e+01
1.023041826421516731e+01
1.020419326366683421e+01
1.017732290727047939e+01
1.015368379430334045e+01
1.013094456804467924e+01
1.012173707107504583e+01
1.012125116549576909e+01
1.011088587219665236e+01
1.009291705011260554e+01
1.007233446832098522e+01
1.005049962510435613e+01
1.001541005687620078e+01
9.981097052079855203e+00
9.958146109873885266e+00
9.924846600292150711e+00
9.887442872450344922e+00
9.859712171807801795e+00
9.841620969655989981e+00
9.825180662297549716e+00
9.814395443837401700e+00
9.810581292517117191e+00
9.814362149105740230e+00
9.813262656157403896e+00
9.806344838873396696e+00
9.798100006052194999e+00
9.785626620135854381e+00
9.765891231882005030e+00
9.745169295026409273e+00
9.728688100648785309e+00
9.708606986468447886e+00
9.686682734498885949e+00
9.655656972516929670e+00
9.611498138569233518e+00
9.553331923790270963e+00
9.449294768742861450e+00
9.316934373559535132e+00
9.211419583309341519e+00
9.126410669180220481e+00
9.051657940035811478e+00
9.008876839904699452e+00
8.985239601925123054e+00
8.959834805616720743e+00
8.933998219616503533e+00
8.889337005009982917e+00
8.837864203410333630e+00
8.809388656458185807e+00
8.771754993650537457e+00
8.734120263168378528e+00
8.710224867203629984e+00
8.697198818982531776e+00
8.691229180202849847e+00
8.687446018208905940e+00
8.685532152143803586e+00
8.683951626530332035e+00
8.681437530305576189e+00
8.677549468764306440e+00
8.674887766855993831e+00
8.673834331784185281e+00
8.673127853959552880e+00
8.672294631914013507e+00
8.671037625517374892e+00
8.670030508412057912e+00
8.669719369613746451e+00
8.668907502301861356e+00
8.667106312969426796e+00
8.665635391671008492e+00
8.661199130716251915e+00
8.652048977513548067e+00
8.641103116161517050e+00
8.629142415631164909e+00
8.616148751127131078e+00
8.604450704553368467e+00
8.588548446360597666e+00
8.505604392539684255e+00
8.497217238347571922e+00
8.490312516987190250e+00
8.484406619943619887e+00
8.477634866029786664e+00
8.468610191043254076e+00
8.452484122125216714e+00
8.442716449927210931e+00
8.433007750675345804e+00
8.423750345736088718e+00
8.407732426476208332e+00
8.380692318215038128e+00
8.347651957036516635e+00
8.309855771637142396e+00
8.246003439287639125e+00
8.144820082540991990e+00
8.015418439887636026e+00
7.861998326420702732e+00
7.721462710679301011e+00
7.581164284641671358e+00
7.429438958346853639e+00
7.288718600266807179e+00
7.185230416167562417e+00
7.155345148442539660e+00
7.140778214595858486e+00
7.132288513429503318e+00
7.126235339652178702e+00
7.120330394816839714e+00
7.110892600802217522e+00
7.094474622549407528e+00
7.074000458490585785e+00
7.049776042639469331e+00
7.023437664229715161e+00
6.999228007267496388e+00
6.972942545893229926e+00
6.947670901499916951e+00
6.930489545954100272e+00
6.919696652112049762e+00
6.912055110780298328e+00
6.907812682689600692e+00
6.905090726102391940e+00
6.903672094177371932e+00
6.903688900221823133e+00
6.903740940621538869e+00
6.903802188519729377e+00
6.903307622560638457e+00
6.901849936161656096e+00
6.898931312871791732e+00
6.895398786276607517e+00
6.892534798673922047e+00
6.890197945435115656e+00
6.885104412745335800e+00
6.877650609940654469e+00
6.866260748812123005e+00
6.845755807996354747e+00
6.823822959312927594e+00
6.802571919558412894e+00
6.778806540431747685e+00
6.755162638580581635e+00
6.721511368122385477e+00
6.694476207478657237e+00
6.667260513135048861e+00
6.639416757492414334e+00
6.608137562111644492e+00
6.570640995307454268e+00
6.508695325287977340e+00
6.428861790510875807e+00
6.354054629417998257e+00
6.261122444040791102e+00
6.149637804733764312e+00
6.094593398691855235e+00
6.034848956470860948e+00
5.944609487362540357e+00
5.837320709129800278e+00
5.729334909058128922e+00
5.594814484003450161e+00
5.497546074532918325e+00
5.395637365884245362e+00
5.235488045541697666e+00
5.068052212112269750e+00
4.932864758065252708e+00
4.811971587603555811e+00
4.714695988854843200e+00
4.633359363264988318e+00
4.565941040363586723e+00
4.461788059948744944e+00
4.339101479614999590e+00
4.235649628459347227e+00
4.073542397955625560e+00
3.838212918603800539e+00
3.503390239634269321e+00
3.173331980368649496e+00
2.894991352796307815e+00
2.568987438034731952e+00
2.422835968779522453e+00
2.295597884303029801e+00
2.167763217798227338e+00
2.011659238648920933e+00
1.809104982427225394e+00
1.643427012872187953e+00
1.400337632407853361e+00
1.045753147594141286e+00
8.252845757260062198e-01
2.847329427532283019e-01
