4.650120000000000253e+00
4.879179999999999851e+00
5.096829999999999750e+00
5.349899999999999878e+00
5.292480000000000295e+00
5.413350000000000328e+00
2.419409999999999894e-01
4.211039999999999672e+00
3.892590000000000217e+00
3.077700000000000102e+00
8.444790000000000629e-02
6.063890000000000252e-02
1.358530000000000015e+00
5.949369999999999659e-02
8.829710000000000336e-02
2.842419999999999947e-01
6.094190000000000024e-02
1.849720000000000031e+00
2.574619999999999909e+00
1.648580000000000045e-01
1.706190000000000137e-02
2.211160000000000070e-01
4.491110000000000241e-02
2.038070000000000159e-02
4.701020000000000199e-02
1.730380000000000029e+00
2.671879999999999811e+00
1.965950000000000086e+00
2.248069999999999791e+00
2.078489999999999949e+00
2.326090000000000102e-02
9.394609999999999420e-03
9.956899999999999432e-03
3.601499999999999840e-02
4.035440000000000360e+00
7.282030000000000447e-02
2.059210000000000207e+00
2.169599999999999973e+00
6.867130000000000400e+00
7.408610000000000362e+00
6.932760000000000034e+00
1.294650000000000034e+01
1.358990000000000009e+01
1.740540000000000020e+01
1.224150000000000027e+01
4.417860000000000120e+00
7.468740000000000379e+00
5.144619999999999749e+00
7.604700000000000237e+00
7.173879999999999590e+00
5.296669999999999767e+00
5.777250000000000441e+00
6.581690000000000040e+00
4.384249999999999758e+00
2.254300000000000193e+00
8.753429999999999545e-02
8.855880000000000002e-03
1.391889999999999968e-02
5.361280000000000212e-02
4.266359999999999708e+00
2.128239999999999993e-02
2.422660000000000091e-02
2.136959999999999901e-02
1.232460000000000111e+00
2.185249999999999915e+00
2.331240000000000048e-02
2.103470000000000173e+00
5.485660000000000203e+00
4.260080000000000311e+00
3.402309999999999945e+00
3.953819999999999890e+00
3.845460000000000100e+00
1.949440000000000062e+00
2.731009999999999938e+00
2.067540000000000155e+00
2.134539999999999882e+00
2.030229999999999979e+00
1.600819999999999910e+00
1.552659999999999929e+00
1.944499999999999895e+00
2.768559999999999910e+00
3.298189999999999955e+00
2.023050000000000015e+00
1.637219999999999898e+00
1.704010000000000025e+00
2.501749999999999918e+00
1.667040000000000077e+00
2.795910000000000117e+00
2.539719999999999978e+00
3.459070000000000089e+00
4.409349999999999881e+00
2.744450000000000056e+00
2.590230000000000032e+00
1.250220000000000109e+00
1.092989999999999906e+00
1.138540000000000108e+00
1.427019999999999955e+00
2.167450000000000099e+00
2.494920000000000027e+00
3.552989999999999871e+00
4.457069999999999865e+00
4.869139999999999802e+00
5.457340000000000302e+00
1.139830000000000076e+01
1.050259999999999927e+01
6.729079999999999728e+00
6.618019999999999570e+00
4.138080000000000425e+00
1.813109999999999999e+00
9.786040000000000294e-01
5.383299999999999752e-01
4.206179999999999919e-01
9.394540000000000113e-01
8.278370000000000450e-01
7.456530000000000102e-01
5.059770000000000101e-01
3.741729999999999778e-01
1.730540000000000134e-01
1.422130000000000061e-01
1.921380000000000032e-01
2.733840000000000159e-01
4.676139999999999741e-01
6.851599999999999913e-01
4.628149999999999764e-01
5.279409999999999936e-01
9.090819999999999457e-01
1.166479999999999961e+00
1.918420000000000014e+00
1.610859999999999959e+00
1.058829999999999938e+00
5.617539999999999756e-01
6.126249999999999751e-01
4.249220000000000219e-01
4.192670000000000008e-01
5.990870000000000362e-01
4.118700000000000139e-01
3.823969999999999869e-01
2.962380000000000013e-01
2.365079999999999960e-01
1.144759999999999944e-01
6.945650000000000435e-02
8.631529999999999758e-02
9.085780000000000245e-02
1.183209999999999956e-01
1.275219999999999965e-01
1.243490000000000012e-01
1.932419999999999971e-01
1.889710000000000001e-01
2.111669999999999936e-01
2.648820000000000063e-01
2.478740000000000110e-01
2.372809999999999919e-01
8.902780000000000415e-02
7.255799999999999750e-02
5.867789999999999812e-02
6.622089999999999921e-02
3.373410000000000297e-02
1.846619999999999859e-02
7.580980000000000184e-03
6.617399999999999845e-03
5.200109999999999975e-03
6.183160000000000045e-03
5.920510000000000356e-03
9.379790000000000696e-03
1.324129999999999925e-02
2.127990000000000090e-02
2.222920000000000104e-02
5.001420000000000171e-02
6.178580000000000183e-02
7.937909999999999411e-02
6.734660000000000646e-02
5.680999999999999939e-02
3.865230000000000055e-02
4.355780000000000068e-02
2.167070000000000107e-02
1.858349999999999932e-02
1.725990000000000163e-02
1.574129999999999974e-02
9.638610000000000580e-03
1.040360000000000069e-02
1.057789999999999946e-02
7.843930000000000693e-03
6.825300000000000290e-03
6.273769999999999694e-03
4.921960000000000397e-03
3.603990000000000058e-03
2.737799999999999869e-03
2.812729999999999831e-03
3.849710000000000111e-03
4.509420000000000095e-03
4.243969999999999687e-03
3.879759999999999893e-03
2.759539999999999996e-03
3.583180000000000046e-03
2.523930000000000184e-03
4.143149999999999958e-03
3.032260000000000164e-03
3.523249999999999906e-03
2.069679999999999957e-03
1.077070000000000067e-03
5.575699999999999623e-04
2.560619999999999888e-04
3.046069999999999789e-04
2.404739999999999883e-04
1.038010000000000045e-04
6.086719999999999891e-05
6.933769999999999853e-05
8.397900000000000351e-05
7.608560000000000214e-05
9.325990000000000473e-05
7.820339999999999735e-05
7.632809999999999855e-05
5.818819999999999966e-05
5.659289999999999818e-05
