1.014342702808775165e+01
1.013235255968890591e+01
1.012237317910406631e+01
1.011378630975782400e+01
1.010571451057092141e+01
1.009705591144441073e+01
1.008796233615496440e+01
1.007854743766382555e+01
1.006270605064291956e+01
1.005556179732798050e+01
1.005299772638894495e+01
1.005124902161051637e+01
1.004954362144732372e+01
1.004833302207904921e+01
1.004754743307863585e+01
1.004175970627403380e+01
1.003324276174317475e+01
1.002666398260454272e+01
1.001843418286338405e+01
1.000955287078806499e+01
9.998976465616429721e+00
9.978951150767207068e+00
9.953062522170776916e+00
9.928902063306084713e+00
9.907515621933697503e+00
9.895991838920423334e+00
9.891096249119657458e+00
9.887276256545804998e+00
9.884146552059707602e+00
9.878972515463255277e+00
9.871383182126800548e+00
9.865435049800247214e+00
9.861442404758717473e+00
9.854937890413953738e+00
9.825039040223042974e+00
9.794763314653817332e+00
9.752751972807001124e+00
9.715759402081882712e+00
9.678506542760866083e+00
9.587921888888056188e+00
9.451378037440740343e+00
9.335339531791124301e+00
9.191953767152995169e+00
9.067628716728245664e+00
8.979147127098913828e+00
8.910884690151988252e+00
8.862463535264657466e+00
8.833904712318789265e+00
8.822893477547232521e+00
8.815650124706719382e+00
8.801468197616813427e+00
8.766578650508909831e+00
8.701417725984070373e+00
8.613689633643497601e+00
8.545026157093404962e+00
8.497163329675498034e+00
8.459965137493899334e+00
8.442645929386277004e+00
8.432298902532540552e+00
8.418717152894780398e+00
8.401095393432338909e+00
8.388765284975931991e+00
8.378946328305598712e+00
8.372871516004151360e+00
8.370929235527386325e+00
8.370326156562938991e+00
8.369850132103472617e+00
8.364969142453515971e+00
8.357961513386786834e+00
8.354356262178818326e+00
8.349304730744579572e+00
8.343168237387141417e+00
8.340206080040022840e+00
8.338699471157557497e+00
8.337976113482518770e+00
8.338972161059158950e+00
8.330995824800497829e+00
8.306463629789003988e+00
8.271011706459585611e+00
8.222016354940624439e+00
8.155418029382232703e+00
8.072077027983072028e+00
7.935449826329283418e+00
7.723956176778730587e+00
7.486453149426529841e+00
7.032844309794715976e+00
6.049392480943728501e+00
7.746329774808018875e+00
7.735851898327544163e+00
7.723966836998465091e+00
7.706905452560296688e+00
7.682129726817357174e+00
7.647177511970462582e+00
7.601165509917819918e+00
7.558200797105396163e+00
7.501312640905140938e+00
7.424322898745818300e+00
7.347612946506127507e+00
7.274564232628871530e+00
7.202431097581187380e+00
7.133094806875373450e+00
7.057110521067861519e+00
6.974004335813741129e+00
6.913824444802880720e+00
6.845462694245711077e+00
6.792636786563921447e+00
6.760484305667767480e+00
6.744952922075865054e+00
6.733197265106569240e+00
6.724743508586065843e+00
6.717844352390516249e+00
6.709266568036936995e+00
6.689553025611917114e+00
6.663187193258970353e+00
6.636449781077353727e+00
6.606169541151963642e+00
6.546979206067620183e+00
6.521204792491826829e+00
6.495007034178600591e+00
6.469660045463107245e+00
6.448098500703226321e+00
6.428706454760609645e+00
6.414301342241159887e+00
6.405110619294485552e+00
6.400897018888220380e+00
6.396234228785799836e+00
6.389249390009550389e+00
6.382434917488084558e+00
6.376655414938563027e+00
6.372777645336693553e+00
6.369764874201928606e+00
6.366223042362189943e+00
6.362880019027038259e+00
6.361187464230573241e+00
6.360428676047983565e+00
6.359585074479110034e+00
6.358713212416760463e+00
6.356593703687822838e+00
6.352587670586047786e+00
6.348880943431997714e+00
6.344620169355282613e+00
6.338753226511574468e+00
6.333372702452886749e+00
6.329454832279870935e+00
6.325380181761395271e+00
6.320509777657750128e+00
6.314446595787193139e+00
6.306975856761837917e+00
6.302003893983570748e+00
6.295232729447698183e+00
6.287692023138768072e+00
6.282032685605381417e+00
6.259835086602175913e+00
6.251470309453512009e+00
6.237717119728433346e+00
6.166545555109739674e+00
6.126735166701147151e+00
6.092190608394541407e+00
6.066724622207926743e+00
6.032816122581861507e+00
5.992892250264097775e+00
5.956022359981493430e+00
5.908896599298629759e+00
5.854264736305726302e+00
5.768314664504357481e+00
5.663623668740770611e+00
5.578212727419245454e+00
5.492239202330662984e+00
5.403738050363855905e+00
5.322051748833541041e+00
5.243856232806505702e+00
5.153101120908592847e+00
5.055068556723600004e+00
4.963715596278641229e+00
4.885949494026529116e+00
4.831991282982671443e+00
4.785724792147592055e+00
4.743404706064549892e+00
4.703462482233824460e+00
4.665071357548791653e+00
4.617540250928171552e+00
4.574038216383840449e+00
4.497525356913320671e+00
4.456938135234313592e+00
4.412557979749182735e+00
4.341361311592678796e+00
4.220706792259773188e+00
4.073754998123192195e+00
3.950424249335520166e+00
3.826134433073066443e+00
3.714540986766453834e+00
3.630033067382715029e+00
3.046385894116015791e+00
2.800068588511093637e+00
2.638922337052072020e+00
2.587614444409134684e+00
2.536955943051252049e+00
2.479506209102396053e+00
2.447960733862634797e+00
2.415377387906851858e+00
2.373774214793163750e+00
2.330206723828075255e+00
2.288714132423426584e+00
2.261878773066803294e+00
2.225317036915225533e+00
2.162797321837345965e+00
2.083552782962375449e+00
1.983868396300555448e+00
1.809120484844184196e+00
1.545854897512797921e+00
1.289604558326751693e+00
1.045217326738262287e+00
8.207221691740138603e-01
4.991658914977922246e-01
2.089967286253625531e-02
-2.470753923173432121e-01
-5.987666603078122263e-01
-1.096933356963833095e+00
