1.058925573917962382e+01
1.058672792130950668e+01
1.058453814353052103e+01
1.057686403208854031e+01
1.056897220635353030e+01
1.056062984665520865e+01
1.055189016895749710e+01
1.054357763522346758e+01
1.053734803930636410e+01
1.053525486716414683e+01
1.053501927535948646e+01
1.053354964470071664e+01
1.053120803719986753e+01
1.052957663460762205e+01
1.052941110329838992e+01
1.052789529354377507e+01
1.052647238892776649e+01
1.052620612504064113e+01
1.052432470757332439e+01
1.052207760206974463e+01
1.051899665961181718e+01
1.051403213703887296e+01
1.050920117776406215e+01
1.050482820979962817e+01
1.049960598841971482e+01
1.049244048526531614e+01
1.048465567261692044e+01
1.048052433666943095e+01
1.047784881203573804e+01
1.047186794256885634e+01
1.046346594672172792e+01
1.045441034823449300e+01
1.037748292051810317e+01
1.035772717411623667e+01
1.034280942547267301e+01
1.032830007745001311e+01
1.032222756693098198e+01
1.031967849235663692e+01
1.031187883514294157e+01
1.030579618591745650e+01
1.029957048798173602e+01
1.028933472223726753e+01
1.027399842469061753e+01
1.025559810388044824e+01
1.024100077957411337e+01
1.023340481516415679e+01
1.022225592690407403e+01
1.021280264124647985e+01
1.021248591286170004e+01
1.021414417655588025e+01
1.021611837810119283e+01
1.021821767653883306e+01
1.022043760820616676e+01
1.022276847934858068e+01
1.022517483643528635e+01
1.022782759542518249e+01
1.023067878114647478e+01
1.023375989824405252e+01
1.023712381772920033e+01
1.024087609409532362e+01
1.024512755427737609e+01
1.025010270506462540e+01
1.025630393510110672e+01
1.025303495983065893e+01
1.022582082740643550e+01
1.019122458573777479e+01
1.015253906177103005e+01
1.008987333263172737e+01
1.001010481958262410e+01
9.895597665118613051e+00
9.702354700629491902e+00
9.486034970396831412e+00
9.390774423731844678e+00
9.351421353582102469e+00
9.331872498488898771e+00
9.318434831882312253e+00
9.302107878735787594e+00
9.285323221962499929e+00
9.273566066536238495e+00
9.268053506818963783e+00
9.263714163571073357e+00
9.259534153315902572e+00
9.254567410879261047e+00
9.250983243797598732e+00
9.248659743048335713e+00
9.243097604988616212e+00
9.234471725758018223e+00
9.223820307608217917e+00
9.208908723927258677e+00
9.191579551079897215e+00
9.179048844401503260e+00
9.168800853332461642e+00
9.156482518057119435e+00
9.145305199264260665e+00
9.135482491335711330e+00
9.128334636753715259e+00
9.123325597608999971e+00
9.117317706326586446e+00
9.108169107697088762e+00
9.095162374757533641e+00
9.081987833716118175e+00
9.069934362823893537e+00
9.056458899169374632e+00
9.041566368216690464e+00
9.029489294366220165e+00
9.018492453401472986e+00
9.005227715860373294e+00
8.991953131603649396e+00
8.975725375059516509e+00
8.962547374117407983e+00
8.953397709365960466e+00
8.945689123149458410e+00
8.942142539402464507e+00
8.937611661418030096e+00
8.914508697031115148e+00
8.892728877383810016e+00
8.884520091437257960e+00
8.871296159756562716e+00
8.857140037210101013e+00
8.844638685860532590e+00
8.820700512741810329e+00
8.779801326056173139e+00
8.739394318425093289e+00
8.687305067958011051e+00
8.621590637869253726e+00
8.569696876496715632e+00
8.529971601683477900e+00
8.489660414607202554e+00
8.452971071499062461e+00
8.417833592841812873e+00
8.386712938858595479e+00
8.353525786405610276e+00
8.305604992152472832e+00
8.256214866089292670e+00
8.230760479754765768e+00
8.213371639473601604e+00
8.196413862355385049e+00
8.180776542370823634e+00
8.161122331745625402e+00
8.132301323437008733e+00
8.093327110744393593e+00
8.054773874585350768e+00
8.022044636778129956e+00
7.997305984415726599e+00
7.982022347190409484e+00
7.975248860770688175e+00
7.811473122375689471e+00
7.739985083997622972e+00
7.728739199508686042e+00
7.714080681651106275e+00
7.682916369828453718e+00
7.673089134872633998e+00
7.661191550546043061e+00
7.642721657237073529e+00
7.607299507225882884e+00
7.556805267412658900e+00
7.513786073691043121e+00
7.488563406738208528e+00
7.468557041052202194e+00
7.447117702125014560e+00
7.426205358290183689e+00
7.395894012741440982e+00
7.365186494872188128e+00
7.340638413193164347e+00
7.312917481116368634e+00
7.291774978954762787e+00
7.278831309854790987e+00
7.264208439285540386e+00
7.245231272290206803e+00
7.212991503681217331e+00
7.173730980815983926e+00
7.138653150820716498e+00
7.079756305343440026e+00
6.994334752899904473e+00
6.901978400369855216e+00
6.795788979679588060e+00
6.666853867268479839e+00
6.477111121063525268e+00
6.240067263482923288e+00
6.053431884512207262e+00
5.842216574753056335e+00
5.575110450451385979e+00
5.277941396993806933e+00
5.143170993200178565e+00
5.091519237186417968e+00
5.048181459608714228e+00
5.000633607522554591e+00
4.963436473197835319e+00
4.939959314341138885e+00
4.920536544585401018e+00
4.899936444669958036e+00
4.874587334380477088e+00
4.847538728560283339e+00
4.817544877251451751e+00
4.780977254980526503e+00
4.694610463077203200e+00
4.647598107778650345e+00
4.604993492468259397e+00
4.561140754715786727e+00
4.489288953335715426e+00
4.401340217914317066e+00
4.354742123424167666e+00
4.318353463670860037e+00
4.298206609739117390e+00
4.293143694720667369e+00
4.288600186884583998e+00
4.283165490467750303e+00
4.277955137011584696e+00
4.274564232628871530e+00
4.272697738939124967e+00
4.271634861029577124e+00
4.271137339406424260e+00
4.271339671630065560e+00
4.271925205983594154e+00
4.272226958966841792e+00
4.272284964357758952e+00
4.272150379986188184e+00
4.272008789341323443e+00
4.271878763833056425e+00
4.270557729109916600e+00
4.267915261021774320e+00
4.263863215008734109e+00
4.255846359620218955e+00
4.243511791610977468e+00
4.225717533400335846e+00
4.203500671655250542e+00
4.180088582755408844e+00
4.152484038644294273e+00
4.121040875670351156e+00
4.089085180856657509e+00
4.065090250901861602e+00
4.049919307063640339e+00
4.037302965428846591e+00
4.025510672852580463e+00
4.014969721373360834e+00
4.007705114364780385e+00
