4.455850000000000088e-01
2.890370000000000092e-02
1.352680000000000028e-02
5.348620000000000110e-03
1.568450000000000096e-03
1.155559999999999921e-03
5.815889999999999775e-03
3.420359999999999893e-03
1.142710000000000080e-02
5.128090000000000079e-03
5.910130000000000418e-03
1.362799999999999949e-02
4.746210000000000151e-01
6.247399999999999620e-01
1.195729999999999960e+00
1.413170000000000037e+00
1.819600000000000106e+00
2.105859999999999843e+00
2.617290000000000116e+00
1.805549999999999988e+00
1.311420000000000030e+00
1.347609999999999975e+00
7.751169999999999449e-01
6.493870000000000475e-01
1.217170000000000085e+00
1.888530000000000042e+00
1.420039999999999969e+00
1.332189999999999985e+00
2.325429999999999886e+00
1.515190000000000037e+00
1.825020000000000087e+00
1.321499999999999897e+00
6.206639999999999935e-01
7.548679999999999835e-01
1.537819999999999965e+00
1.903289999999999926e+00
2.483070000000000110e+00
2.802579999999999849e+00
1.232520000000000060e+00
1.149899999999999922e+00
1.249390000000000001e+00
8.920599999999999641e-01
8.415380000000000082e-01
1.511230000000000073e+00
1.695629999999999971e+00
1.123969999999999914e+00
5.240989999999999815e-01
3.518450000000000188e-01
3.274210000000000176e-01
3.911459999999999937e-01
5.892889999999999517e-01
7.222260000000000346e-01
6.121379999999999599e-01
3.396520000000000095e-01
4.026989999999999736e-01
7.127790000000000514e-01
4.789889999999999981e-01
6.190890000000000004e-01
6.092450000000000365e-01
6.665459999999999718e-01
6.415399999999999991e-01
8.691309999999999869e-01
1.138169999999999904e+00
1.019009999999999971e+00
5.219329999999999803e-01
4.998110000000000053e-01
3.772010000000000085e-01
3.436049999999999938e-01
2.399350000000000094e-01
2.462000000000000022e-01
2.175070000000000059e-01
1.859010000000000107e-01
1.212509999999999977e-01
1.319700000000000040e-01
1.867719999999999936e-01
2.670540000000000136e-01
2.815230000000000232e-01
4.016080000000000205e-01
2.566060000000000008e-01
4.171520000000000228e-01
6.045939999999999648e-01
9.297149999999999581e-01
9.186480000000000201e-01
6.257099999999999884e-01
5.164119999999999822e-01
5.598919999999999453e-01
2.936869999999999759e-01
1.690290000000000126e-01
1.715889999999999915e-01
2.796239999999999837e-01
2.953149999999999942e-01
3.316930000000000156e-01
2.139399999999999913e-01
2.062630000000000019e-01
1.914710000000000023e-01
1.473800000000000110e-01
9.018819999999999615e-02
6.461069999999999314e-02
4.435189999999999966e-02
7.051109999999999323e-02
7.742140000000000133e-02
6.136119999999999769e-02
6.685000000000000664e-02
5.509060000000000346e-02
4.205860000000000154e-02
3.620609999999999801e-02
4.387230000000000296e-02
4.036320000000000185e-02
5.722569999999999740e-02
8.179519999999999846e-02
6.432580000000000242e-02
6.196449999999999875e-02
4.755899999999999711e-02
4.435800000000000159e-02
5.004600000000000021e-02
5.196490000000000137e-02
4.996860000000000190e-02
5.704309999999999936e-02
4.690459999999999768e-02
2.741040000000000143e-02
2.893799999999999845e-02
2.522949999999999846e-02
1.932750000000000093e-02
1.191060000000000035e-02
8.431839999999999474e-03
5.642150000000000290e-03
5.395370000000000027e-03
5.949849999999999584e-03
5.997419999999999835e-03
6.318909999999999631e-03
5.065990000000000250e-03
7.072140000000000197e-03
4.890330000000000024e-03
5.131179999999999942e-03
8.283789999999999210e-03
1.293910000000000025e-02
9.722579999999999764e-03
5.410510000000000319e-03
7.787839999999999867e-03
6.733610000000000116e-03
8.487120000000000775e-03
7.537499999999999929e-03
5.614110000000000281e-03
8.043160000000000587e-03
5.571340000000000146e-03
6.403250000000000088e-03
1.068000000000000026e-02
1.380209999999999944e-02
2.238259999999999902e-02
4.624910000000000132e-02
5.481350000000000111e-02
7.294359999999999733e-02
5.634659999999999669e-02
4.706260000000000304e-02
5.762810000000000155e-02
3.469060000000000199e-02
5.617760000000000115e-02
1.476990000000000074e-02
1.389450000000000060e-02
1.010710000000000081e-02
6.629720000000000404e-03
1.336719999999999922e-02
7.556639999999999885e-03
8.428589999999999693e-03
6.504539999999999628e-03
6.965700000000000017e-03
8.381579999999999586e-03
1.475199999999999949e-02
1.145939999999999979e-02
8.649989999999999762e-03
9.719290000000000221e-03
7.716119999999999923e-03
6.165369999999999878e-03
1.589640000000000020e-03
2.294860000000000129e-03
1.049239999999999895e-03
9.300180000000000122e-04
1.427660000000000083e-03
8.450929999999999944e-04
6.388709999999999485e-04
6.126569999999999586e-04
6.829279999999999639e-04
4.676029999999999748e-04
5.354609999999999882e-04
2.951329999999999947e-04
3.904180000000000150e-04
3.957400000000000024e-04
2.890260000000000073e-04
2.373900000000000023e-04
3.381710000000000120e-04
5.137889999999999558e-04
4.684320000000000172e-04
2.350780000000000014e-04
1.931099999999999993e-04
3.104110000000000202e-04
6.452979999999999871e-04
6.820389999999999526e-04
4.630980000000000036e-04
2.966859999999999983e-04
2.504580000000000066e-04
1.741880000000000067e-04
1.297740000000000081e-04
8.360410000000000140e-05
3.058570000000000093e-05
4.631280000000000151e-05
2.907900000000000060e-05
6.520069999999999393e-05
5.444700000000000234e-05
1.040559999999999944e-04
1.170929999999999985e-04
1.891969999999999980e-04
1.777949999999999876e-04
8.085539999999999839e-05
7.249959999999999955e-05
1.043419999999999981e-04
1.107889999999999992e-04
3.063799999999999770e-04
6.524690000000000036e-05
