1.051459290631406596e+01
1.051389515681007225e+01
1.051213317547948733e+01
1.050840580953736314e+01
1.050468557788416035e+01
1.050323759258429668e+01
1.050280798488243050e+01
1.050183810148166508e+01
1.049876942259681201e+01
1.049160819105721210e+01
1.048553120358471880e+01
1.048588886723483071e+01
1.048745655289685885e+01
1.048780274785110578e+01
1.048607751547470457e+01
1.048455464560688633e+01
1.048457172224493661e+01
1.048454753014285146e+01
1.048189818369911031e+01
1.047832691828241103e+01
1.047590207283590225e+01
1.047536605827892409e+01
1.047738754034931574e+01
1.047803376146306498e+01
1.047594271903560070e+01
1.047305026637303094e+01
1.045460250179134221e+01
1.044089177288223880e+01
1.042375361961282820e+01
1.040480635862554237e+01
1.038327485357115698e+01
1.036327343669045931e+01
1.035209951167839826e+01
1.034574218533446732e+01
1.033928444931287949e+01
1.032994066240659414e+01
1.031889979856913797e+01
1.030640572514476894e+01
1.030006043750975309e+01
1.030213170506863563e+01
1.030428151635180356e+01
1.030660514198128830e+01
1.030918926252819112e+01
1.031199318669379572e+01
1.031512821507550370e+01
1.031883727596934897e+01
1.031775420774425456e+01
1.030954713260224764e+01
1.029909525353488320e+01
1.027825959584357918e+01
1.024874302709956098e+01
1.021384169686735355e+01
1.017583929517958730e+01
1.015536336982410326e+01
1.014926531173865420e+01
1.014200443799201601e+01
1.011336502167551643e+01
1.006478358800406170e+01
1.002859158435527931e+01
1.001947770576324359e+01
1.002262217257822563e+01
1.002657411815033406e+01
1.002504767011087239e+01
1.001278240737910608e+01
9.993813924459628240e+00
9.975877363631127537e+00
9.964700773752580787e+00
9.954383391018344795e+00
9.944776215215519244e+00
9.931546856342816199e+00
9.911054218361137202e+00
9.883667112168563307e+00
9.850545153477737514e+00
9.820693293691089565e+00
9.786972770758149309e+00
9.745131808517500716e+00
9.675663797434491897e+00
9.567753112738339283e+00
9.446462603680567227e+00
9.329066183636484766e+00
9.203905496799931640e+00
9.071893048550904837e+00
8.981658264491837684e+00
8.948386555175993351e+00
8.928643657169633485e+00
8.919395063972848092e+00
8.913810674607589135e+00
8.907793887397888355e+00
8.896562590884860455e+00
8.877370193893492356e+00
8.856768150279123120e+00
8.833700309524383343e+00
8.804291442886805541e+00
8.778361832145415988e+00
8.755797132863481380e+00
8.734775034905126745e+00
8.718698446951670178e+00
8.700440638430874785e+00
8.683075870110458894e+00
8.667401581687286694e+00
8.631598991400849741e+00
8.564589138798480050e+00
8.487136960834876120e+00
8.386882259659701688e+00
8.260669919943595119e+00
8.136314613296711684e+00
8.013751232157110493e+00
7.952916371165967391e+00
7.909270327832337522e+00
7.860654177643282559e+00
7.803500133254274829e+00
7.756432984347735093e+00
7.728909485632828869e+00
7.709175797081736725e+00
7.690468093612631506e+00
7.672166230833441070e+00
7.654086014303143060e+00
7.631648691419267827e+00
7.606560850735506918e+00
7.581074274359676402e+00
7.550123130941918781e+00
7.519318612814381630e+00
7.497807031896276619e+00
7.483080681261679246e+00
7.472311691279303503e+00
7.464733899733293931e+00
7.459211494015455912e+00
7.455074898957142260e+00
7.451358068289294145e+00
7.447884866045137109e+00
7.444124461339554522e+00
7.431366981143234796e+00
7.426940463978093376e+00
7.419519583749814906e+00
7.410719885853660038e+00
7.402337054900059776e+00
7.304160804148585484e+00
7.237950698486789847e+00
7.219547853238012181e+00
7.194938716300201875e+00
7.178147833112912046e+00
7.162432963269227848e+00
7.134132464146105690e+00
7.084758536134479812e+00
7.018633935024163328e+00
6.954711294381453079e+00
6.909965527713922029e+00
6.883505856063879769e+00
6.864337803341253874e+00
6.843798176597788441e+00
6.825593571244984226e+00
6.810269491957522625e+00
6.784987960564954790e+00
6.752472542550261636e+00
6.724936641474477561e+00
6.702747524641175403e+00
6.681640062248701106e+00
6.656113541061394301e+00
6.626418389634776140e+00
6.595224978655698678e+00
6.572041702123566864e+00
6.557112428102953139e+00
6.543250802275816014e+00
6.524930708723552186e+00
6.383544296002416019e+00
6.327436589515313514e+00
6.261729038885407661e+00
6.222419905416399999e+00
6.189538035745665745e+00
6.158956225036678056e+00
6.127519448814640945e+00
6.099815258437485177e+00
6.079481529228308645e+00
6.066169327447927806e+00
6.057030549967835853e+00
6.030040810393976436e+00
6.010783179611837390e+00
5.991080695658086874e+00
5.968373660708795825e+00
5.932545802880259345e+00
5.893550387258747136e+00
5.865571197096805633e+00
5.836391850234245560e+00
5.767357005487839139e+00
5.730322713717251659e+00
5.687249745866132855e+00
5.640380056632315231e+00
5.581250859209233361e+00
5.475849807845922790e+00
5.310638092908654961e+00
5.222648851173858908e+00
5.141926138484376629e+00
5.053888626562555331e+00
4.976814750922297748e+00
4.918075442323454283e+00
4.850796282811120186e+00
4.774918958212053255e+00
4.696855060374496738e+00
4.591283926031194618e+00
4.466044200529320385e+00
4.331945306289031628e+00
4.188244880921779156e+00
4.072264606745687132e+00
3.946338763728809429e+00
3.785134002368905737e+00
3.575202860168794849e+00
3.253660213707162630e+00
2.760408157500897630e+00
1.917929094507988097e+00
