1.030144888775607548e+01
1.029248202296168735e+01
1.029316359564165850e+01
1.029392577759942817e+01
1.029474611259977479e+01
1.029560228188783988e+01
1.029642384850377645e+01
1.029728767138101198e+01
1.029826780321687707e+01
1.029928061322739197e+01
1.030032369310450946e+01
1.030139681953991904e+01
1.030247162942615624e+01
1.030357616878314886e+01
1.030474250056812835e+01
1.030598085502008487e+01
1.030728204703334683e+01
1.030862203111991882e+01
1.031002808834840501e+01
1.031155679495290656e+01
1.031324273681401138e+01
1.031518707025650450e+01
1.031324484806817487e+01
1.031084619106896305e+01
1.030811601586561466e+01
1.030178717908433761e+01
1.029705324978245962e+01
1.028997224665164545e+01
1.028219145627555697e+01
1.027939542513876603e+01
1.028134249306697789e+01
1.027965782011896145e+01
1.027411164526534826e+01
1.027260269641767998e+01
1.027085345029243335e+01
1.026582685664362771e+01
1.025832593474897259e+01
1.024966787555957914e+01
1.024385127875461521e+01
1.023619452739053237e+01
1.023255397172290060e+01
1.023425399494329824e+01
1.023658260309314194e+01
1.023605584484236530e+01
1.022824889391043079e+01
1.021564549326799565e+01
1.020292130580374135e+01
1.019712611485162235e+01
1.019873404371474201e+01
1.020021280965803889e+01
1.020148998239500315e+01
1.020322060533197828e+01
1.020514479328795687e+01
1.020721144464573449e+01
1.020937827068010861e+01
1.021169441355770147e+01
1.021425025987107205e+01
1.021699409974279327e+01
1.022001389348034550e+01
1.022339988194872085e+01
1.022731840940173953e+01
1.023211138247035024e+01
1.022647101531713965e+01
1.020491184772810378e+01
1.017841574097945312e+01
1.014816135033503031e+01
1.011478773480028792e+01
1.008170367195086214e+01
1.004623755483102698e+01
1.000685951018561681e+01
9.974733618994596540e+00
9.948408075047437293e+00
9.909557098930699581e+00
9.856360278315364098e+00
9.808168419436171348e+00
9.764483244142542873e+00
9.718359668791205053e+00
9.685348456919967930e+00
9.678914253275046065e+00
9.669395920548691237e+00
9.643899572385597807e+00
9.625538801411039458e+00
9.610033816654894423e+00
9.593567380988279325e+00
9.584437523027597550e+00
9.579139677929402907e+00
9.569239269163173134e+00
9.557882385723123875e+00
9.541671584105190007e+00
9.519443387623708119e+00
9.496980819885859404e+00
9.473937818302911040e+00
9.453131736841394073e+00
9.440480870668849889e+00
9.432661489793520815e+00
9.429707072275967050e+00
9.432841066934322782e+00
9.434851422869090953e+00
9.432788163528053715e+00
9.421380141762888627e+00
9.405361730137064669e+00
9.395796260392781818e+00
9.388591371972374588e+00
9.381881867655925689e+00
9.376830525593009114e+00
9.367227291166789982e+00
9.356035423045524269e+00
9.341367248240500132e+00
9.310032342217210655e+00
9.270709107627293832e+00
9.217339155253771565e+00
9.147462988440821618e+00
9.071786304757749164e+00
8.981599819812641883e+00
8.901117618090097494e+00
8.846842875760890124e+00
8.811291415512979341e+00
8.767353295272084068e+00
8.720681796811200925e+00
8.668312285418352303e+00
8.622730929896544438e+00
8.577322874690022303e+00
8.527760040844430733e+00
8.472848562619883950e+00
8.414185893345504041e+00
8.359590767170558934e+00
8.299509477794277501e+00
8.212094340974294582e+00
8.102680627595637119e+00
8.005545132432468236e+00
7.898866633268855963e+00
7.806028623130661259e+00
7.747103263767326276e+00
7.687530744761205348e+00
7.610831505294404664e+00
7.532222966614108728e+00
7.469219474651748847e+00
7.418034333671353231e+00
7.379923426267948727e+00
7.357525121710964733e+00
7.344789049328126929e+00
7.337634940302390163e+00
7.330811356345752650e+00
7.324230995556900936e+00
7.317651813067361566e+00
7.311531360553932046e+00
7.305680190753927938e+00
7.298534331356475668e+00
7.290210520675961980e+00
7.280546502727495373e+00
7.265412210692552719e+00
7.246454262771178989e+00
7.227542216185560697e+00
7.210267675228639206e+00
7.198354624736939655e+00
7.187937894326240418e+00
7.174461046554807098e+00
7.161900809184328587e+00
7.153247625479040472e+00
7.145985315471722998e+00
7.138466909394180604e+00
7.129425626743080002e+00
7.113996800646317453e+00
7.102203804949570376e+00
7.087064097919040684e+00
7.068801603536792655e+00
7.046881292306012234e+00
7.020998995036795698e+00
6.992737269904094610e+00
6.963889308220381658e+00
6.933187531355214261e+00
6.902397278012199600e+00
6.864787470179610551e+00
6.811234406919592921e+00
6.754419437965688999e+00
6.696679586266886197e+00
6.634129493836649516e+00
6.581740364209191618e+00
6.514163756939097993e+00
6.474561522078130515e+00
6.435532224078194474e+00
6.400346270391235493e+00
6.249044186072556073e+00
6.233227164695163580e+00
6.219969405613423596e+00
6.192807113291702414e+00
6.162713725583078173e+00
6.134428938103388518e+00
6.083065238547026965e+00
5.889547639666883327e+00
5.836190514786487427e+00
5.792107203503713997e+00
5.724320116218495791e+00
5.651165548187431220e+00
5.583658904959628799e+00
5.502394341805474376e+00
5.403122237751404988e+00
5.256727364796368818e+00
5.092896010921855954e+00
4.887942899112879047e+00
4.516285433930283588e+00
4.082361636818877315e+00
4.021379519750045262e+00
3.994431541418785869e+00
3.962178431475669615e+00
3.924345976165172001e+00
3.877276297552418427e+00
3.807135049485335099e+00
3.728193022724837657e+00
3.653876958342555881e+00
3.557625083022868839e+00
3.414497033299317419e+00
3.213419465165737066e+00
2.817607673202318530e+00
1.798921218434310187e+00
