3.567689999999999806e+00
3.660559999999999814e+00
3.723460000000000214e+00
3.828570000000000029e+00
3.962320000000000064e+00
4.232219999999999871e+00
5.157000000000000028e+00
5.222819999999999574e+00
5.568340000000000067e+00
6.079390000000000072e+00
2.538190000000000168e+00
2.527169999999999916e+00
1.994510000000000005e+00
1.787959999999999994e+00
1.927450000000000108e+00
1.771379999999999955e+00
1.234459999999999891e+00
4.978890000000000260e-01
2.084360000000000032e-02
1.179509999999999934e-02
1.123620000000000001e-02
1.724389999999999951e-02
8.797970000000000443e-03
1.091540000000000045e-02
1.177540000000000010e-02
2.142329999999999929e-02
1.418119999999999971e-02
1.220549999999999934e-02
8.912740000000000593e-03
7.605340000000000364e-03
9.230280000000000429e-03
2.722909999999999914e-02
4.205359999999999654e-02
1.444410000000000138e-01
3.541980000000000128e+00
4.351630000000000109e+00
7.732190000000000119e+00
1.534089999999999954e+01
2.003940000000000055e+01
1.741430000000000078e+01
1.386839999999999939e+01
2.157160000000000011e+01
2.225720000000000098e+01
2.376160000000000139e+01
2.214310000000000045e+01
1.564739999999999931e+01
1.638670000000000115e+01
7.312879999999999825e+00
8.291439999999999699e+00
4.645599999999999952e+00
1.651580000000000048e+00
8.623099999999999862e-03
2.321959999999999802e+00
2.612560000000000215e+00
2.301060000000000105e+00
2.193340000000000067e+00
2.022749999999999826e+00
1.658269999999999911e+00
1.438730000000000064e+00
1.183619999999999894e+00
1.374179999999999957e+00
1.545579999999999954e+00
2.383620000000000072e+00
1.560119999999999951e+00
1.194550000000000001e+00
1.135739999999999972e+00
6.540300000000000002e-01
6.237169999999999659e-01
4.485029999999999850e-01
2.901670000000000083e-01
3.207820000000000116e-01
4.007910000000000084e-01
3.128110000000000057e-01
2.522150000000000225e-01
2.117700000000000138e-01
1.372299999999999909e-01
2.117060000000000053e-01
1.484530000000000016e-01
1.308560000000000001e-01
1.303279999999999994e-01
1.327000000000000124e-01
8.531500000000000195e-02
9.711789999999999312e-02
4.446350000000000302e-02
5.018190000000000150e-02
5.132810000000000150e-02
4.322489999999999666e-02
2.424530000000000088e-02
1.428089999999999915e-02
1.978229999999999919e-02
2.194070000000000048e-02
2.071320000000000106e-02
4.133880000000000193e-02
6.163520000000000110e-02
7.118770000000000653e-02
9.145580000000000376e-02
1.300219999999999987e-01
1.621190000000000131e-01
1.517959999999999865e-01
2.142100000000000115e-01
1.302000000000000102e-01
1.906339999999999979e-01
1.217150000000000037e-01
1.501180000000000014e-01
1.318310000000000037e-01
1.050959999999999950e-01
4.896110000000000045e-02
5.086790000000000062e-02
3.022599999999999940e-02
2.947429999999999842e-02
2.943410000000000123e-02
1.836439999999999947e-02
1.725569999999999882e-02
1.809989999999999863e-02
1.909040000000000042e-02
1.355980000000000033e-02
1.030140000000000049e-02
1.355239999999999917e-02
9.620999999999999344e-03
1.111219999999999916e-02
9.376360000000000250e-03
7.035330000000000229e-03
8.563390000000000585e-03
1.800770000000000148e-02
1.868179999999999841e-02
3.736720000000000319e-02
6.919619999999999937e-02
9.005489999999999329e-02
6.770030000000000492e-02
8.657270000000000243e-02
7.618110000000000159e-02
3.592259999999999898e-02
3.281250000000000139e-02
2.674330000000000110e-02
1.878259999999999999e-02
1.367299999999999939e-02
1.212139999999999919e-02
1.165320000000000071e-02
9.464280000000000262e-03
1.156010000000000024e-02
2.150260000000000019e-02
2.321070000000000078e-02
2.658359999999999890e-02
4.342759999999999676e-02
4.238600000000000007e-02
3.824559999999999765e-02
6.548370000000000579e-02
4.464060000000000250e-02
3.542730000000000185e-02
1.889390000000000167e-02
1.142570000000000044e-02
1.238210000000000005e-02
1.296439999999999919e-02
1.102739999999999970e-02
7.522680000000000339e-03
1.132299999999999973e-02
9.785409999999999595e-03
7.344080000000000226e-03
7.731420000000000133e-03
6.829400000000000227e-03
7.375549999999999815e-03
1.087600000000000025e-02
1.669620000000000132e-02
1.379629999999999919e-02
2.400559999999999847e-02
2.528209999999999832e-02
2.117930000000000160e-02
1.826260000000000036e-02
9.964809999999999293e-03
6.068989999999999801e-03
7.046369999999999717e-03
8.633200000000000596e-03
5.522670000000000357e-03
6.871040000000000134e-03
9.596230000000000732e-03
7.643249999999999870e-03
8.533670000000000144e-03
9.857569999999999527e-03
1.554520000000000034e-02
2.722019999999999995e-02
2.246280000000000152e-02
2.375000000000000028e-02
1.547660000000000008e-02
1.510470000000000042e-02
6.064260000000000136e-03
6.762370000000000186e-03
4.319189999999999661e-03
4.184610000000000066e-03
1.512799999999999909e-03
9.923729999999999531e-04
7.635009999999999800e-04
1.497520000000000014e-03
1.668159999999999912e-03
1.528660000000000045e-03
2.534999999999999927e-03
1.836409999999999909e-03
9.370269999999999988e-04
8.470679999999999746e-04
7.591660000000000292e-04
5.982449999999999617e-04
4.337620000000000256e-04
2.645160000000000133e-04
2.245600000000000048e-04
1.795610000000000110e-04
1.980670000000000130e-04
6.999140000000000212e-05
1.077709999999999953e-04
7.840340000000000221e-05
3.528350000000000193e-05
