9.984638460505388835e+00
9.980422456761882444e+00
9.966252522387796020e+00
9.951593939151770485e+00
9.934141779352131607e+00
9.910956134634812287e+00
9.901294817165567252e+00
9.894465602637728452e+00
9.889545959475448456e+00
9.881973778961095078e+00
9.872617720437879996e+00
9.864894182850227011e+00
9.859587976673617860e+00
9.858834244815836811e+00
9.860788241317720804e+00
9.862857380230048321e+00
9.865061905880308402e+00
9.867452755774655415e+00
9.870022120262380128e+00
9.872816248407994877e+00
9.875774079161441676e+00
9.879028750858713792e+00
9.879902905471269037e+00
9.883742609411308777e+00
9.884895008095611502e+00
9.876144489451840869e+00
9.865549298020958702e+00
9.855342252155413263e+00
9.814480000982051422e+00
9.737268200189909351e+00
9.684997876311634002e+00
9.627661772513192773e+00
9.581374995247367465e+00
9.540919814004036326e+00
9.489597119803475422e+00
9.432313347637293788e+00
9.379715138932180452e+00
9.320949714575275991e+00
9.230004180561179439e+00
9.102910276118910460e+00
8.961664041155058769e+00
8.844568498459350891e+00
8.780957838052136921e+00
8.748344654982753710e+00
8.723086898833532388e+00
8.686851575903922651e+00
8.650973513374255575e+00
8.623450880327599322e+00
8.601336288365548199e+00
8.585486673598706986e+00
8.575279083385845880e+00
8.567309918478308362e+00
8.560270179498729703e+00
8.555100497205861743e+00
8.551282835626313528e+00
8.547869427847947676e+00
8.544649609394410206e+00
8.542992144126055010e+00
8.542433264963165129e+00
8.539774675454561148e+00
8.540553447898627581e+00
8.540673519985556794e+00
8.538915405212698317e+00
8.522345103933671950e+00
8.506829617234558327e+00
8.504047916132272178e+00
8.496579581852680363e+00
8.464458248488320180e+00
8.396228996710890513e+00
8.297064206881501036e+00
8.167695331383606927e+00
8.050321743328819224e+00
7.983163785652024558e+00
7.941560623388192575e+00
7.922152247013467985e+00
7.907084979809802405e+00
7.895373367416787858e+00
7.881361828602578612e+00
7.851372718261375283e+00
7.828689535800115173e+00
7.812370483455566728e+00
7.799654093368832974e+00
7.789280973760940974e+00
7.780875126595615754e+00
7.775034161490167683e+00
7.767656686220598239e+00
7.759084365361836433e+00
7.749371416772559584e+00
7.741669920585291464e+00
7.736418017250150214e+00
7.727822562702920450e+00
7.715976616998161397e+00
7.692026888237467830e+00
7.661162176136762092e+00
7.639512386791212251e+00
7.621580257833165284e+00
7.599475866552463543e+00
7.577157333262180217e+00
7.549906488888597167e+00
7.508043306190316457e+00
7.463895973817450624e+00
7.425411935693315257e+00
7.388015898041535578e+00
7.351467757109761081e+00
7.320277178118081984e+00
7.289303490708703315e+00
7.262073587881427095e+00
7.242056676032311735e+00
7.224703949886319698e+00
7.210487067228943836e+00
7.197713258267448566e+00
7.189871943321379355e+00
7.182520217105796689e+00
7.174559845607689113e+00
7.168479804961788382e+00
7.160258386202669634e+00
7.150943621872710487e+00
7.143926174172526622e+00
7.137173645415161083e+00
7.131532053416349548e+00
7.128686764378104002e+00
7.125640640420979111e+00
7.122369902584464896e+00
7.116262296038763147e+00
7.106659967572558578e+00
7.097586984499245411e+00
7.087603973687808256e+00
7.077665812687578217e+00
7.068890554257935221e+00
7.059907839250467276e+00
7.053550914010899398e+00
7.047636953053892483e+00
7.038310124781572696e+00
7.024251627470300186e+00
6.988659715777583159e+00
6.971495260493905555e+00
6.957911234693933800e+00
6.942650333684990294e+00
6.925013862986057589e+00
6.904481839548734179e+00
6.877606860836141145e+00
6.843542966655013160e+00
6.809193945295750616e+00
6.788139370052752142e+00
6.772981450344963683e+00
6.763473666960147845e+00
6.757780042545963539e+00
6.750281545957260931e+00
6.732846316157836242e+00
6.703169242497937219e+00
6.660514486954972391e+00
6.611499200963312006e+00
6.567714336602657355e+00
6.529502217484227877e+00
6.499363990304159344e+00
6.480590403697690682e+00
6.463649656222943740e+00
6.446766990313636647e+00
6.434080047708786054e+00
6.428001892548360630e+00
6.423824001993972743e+00
6.419729460101462948e+00
6.415347348285907358e+00
6.411486703955796784e+00
6.407649194620022470e+00
6.402304379779788945e+00
6.395473172031566733e+00
6.383397021520772263e+00
6.366620913029074735e+00
6.347905440106827335e+00
6.327454979485967357e+00
6.305824106052693168e+00
6.288094891668349007e+00
6.276454910555328226e+00
6.267481492887260863e+00
6.256527730638485885e+00
6.243680329348971547e+00
6.231110078276620001e+00
6.211318145691328674e+00
6.188267403502703878e+00
6.171067932705372350e+00
6.153744762033777960e+00
6.129709222384028600e+00
6.101568371734063412e+00
6.077843733033971851e+00
6.054045880276871294e+00
6.030551149503480701e+00
6.013304998789541500e+00
5.997954440414488886e+00
5.986404891561178054e+00
5.973964680786359338e+00
5.962512340403941735e+00
5.954721898886313092e+00
5.948460403012926001e+00
5.941335492828862641e+00
5.933380472691196950e+00
5.925784297573560622e+00
5.918001487763308255e+00
5.909557098930700469e+00
5.901757374833775494e+00
5.895753389957330448e+00
5.886044921583848399e+00
5.867028257153441118e+00
5.843214084963352484e+00
5.815754352063534860e+00
5.781397023632063537e+00
5.731748272639698882e+00
5.690093255285715301e+00
5.638683897064931116e+00
5.485306803823880806e+00
5.349450433575687391e+00
5.234851227767435944e+00
5.160885517691638391e+00
5.108318041545270027e+00
5.069701389079605214e+00
5.039148305149051765e+00
5.012887819173346138e+00
4.996563329110998097e+00
4.989559267442092327e+00
4.982862104748676302e+00
4.979033198132834848e+00
4.977257974940662244e+00
4.976674546701830515e+00
4.976458653675711830e+00
4.976543465221650031e+00
4.975998090053689538e+00
4.974398844410091058e+00
4.973280753780565888e+00
4.973359723424984224e+00
4.972970277762853719e+00
4.972443531935615724e+00
4.972150516169342005e+00
4.969758739172661421e+00
4.964456691989069803e+00
4.954230445536161653e+00
4.943189215346202481e+00
