1.033843657138244509e+01
1.032810833955601915e+01
1.031684016083636557e+01
1.030447329352352348e+01
1.029120673687953591e+01
1.027698310412924343e+01
1.026973937208859944e+01
1.026546641987178177e+01
1.025449973891738331e+01
1.024465309909826338e+01
1.024049183774628169e+01
1.024174814164238434e+01
1.024107806659753095e+01
1.024007725823536852e+01
1.024136714768871492e+01
1.024242464005298281e+01
1.024367289523947200e+01
1.024282208860076437e+01
1.023773219311736682e+01
1.023471464524382846e+01
1.023605584484236530e+01
1.023743062589274899e+01
1.023882111637142778e+01
1.024068899873193139e+01
1.024281463978553042e+01
1.024283450300891829e+01
1.023898897901705496e+01
1.023430970391503259e+01
1.022591893396155527e+01
1.022178707542095388e+01
1.022073030527212012e+01
1.022309338957418667e+01
1.022573561162498201e+01
1.022877237839744247e+01
1.022675452260004292e+01
1.022413665601426302e+01
1.022532479196610744e+01
1.022415998406765603e+01
1.021747078357565641e+01
1.020335658241485355e+01
1.018927971263717680e+01
1.016779863258505934e+01
1.013438432055354710e+01
1.009040267607630526e+01
1.004168869413156351e+01
1.001319968821663586e+01
9.994529187972501560e+00
9.972818655251280973e+00
9.950539608134874925e+00
9.921418014138900787e+00
9.895767744755541884e+00
9.872571714203770554e+00
9.844205579123880057e+00
9.816552156823510344e+00
9.799375015901906849e+00
9.794139355767773836e+00
9.795946719853873219e+00
9.798237558588784424e+00
9.800934171254615634e+00
9.792567473136317702e+00
9.782168655009016334e+00
9.784272001827146070e+00
9.786979154140496462e+00
9.787065675179597690e+00
9.781504057208731950e+00
9.778949617957216844e+00
9.778120848705839308e+00
9.763496127524728507e+00
9.741531341928977739e+00
9.724471667685811838e+00
9.707941296688806787e+00
9.689153408945633927e+00
9.675261278533721310e+00
9.664972740600219936e+00
9.653846121297899430e+00
9.644334188677486708e+00
9.634449055217560343e+00
9.626650320415686579e+00
9.620557647075873575e+00
9.612817751551713030e+00
9.601410235263749371e+00
9.586345337502077513e+00
9.572787986657823822e+00
9.564653047056188129e+00
9.557815068900250566e+00
9.548393103784734492e+00
9.538902848522354816e+00
9.529013056706382656e+00
9.516023437689973719e+00
9.500982534648597877e+00
9.478781425384058323e+00
9.457298915463836053e+00
9.441869446721634418e+00
9.431346070319662545e+00
9.426828326959471482e+00
9.423199983793537626e+00
9.418970450995875154e+00
9.411690399310982613e+00
9.401021229208666341e+00
9.385899278830018844e+00
9.363429575511293734e+00
9.335078605050885159e+00
9.300484613790439781e+00
9.235601664804907074e+00
9.125006047036571033e+00
9.012816141937047831e+00
8.903397684178678162e+00
8.787413004174903008e+00
8.708105475925203010e+00
8.667890762487612477e+00
8.646674218216263696e+00
8.635056279207095287e+00
8.617045446659473029e+00
8.589927271986546486e+00
8.564722861995999637e+00
8.544221881431475651e+00
8.530367490496420402e+00
8.522897853817156033e+00
8.520537243065735566e+00
8.518307271822166626e+00
8.514266100401785664e+00
8.505573209148243663e+00
8.489046769646211743e+00
8.470157544441059727e+00
8.448785134883214809e+00
8.426629984825137143e+00
8.389603703548766944e+00
8.324099230828727158e+00
8.229748376151569289e+00
8.142464553774022562e+00
8.082070529423228678e+00
8.035733837965024051e+00
7.990638494520222679e+00
7.951840018566930901e+00
7.898040299023252331e+00
7.825711009771706195e+00
7.771587480881255061e+00
7.720025271857038796e+00
7.675740774492869178e+00
7.639385872699766544e+00
7.621386105446949166e+00
7.610030618692530169e+00
7.593416778850185622e+00
7.575336819342195938e+00
7.553926696519025263e+00
7.530617137640758685e+00
7.499704948796047432e+00
7.457936369280553812e+00
7.410029434773682588e+00
7.343940057645710340e+00
7.257486579073881394e+00
7.154652168836808990e+00
7.066586796470694765e+00
7.009676058628845574e+00
6.968390476013587964e+00
6.924613150836647968e+00
6.886389189918882714e+00
6.866616923272689910e+00
6.857968995019776415e+00
6.854858428788118907e+00
6.853037143346804250e+00
6.851788353797020115e+00
6.850656648325070819e+00
6.841702265069717903e+00
6.837406602484111140e+00
6.828917561616686172e+00
6.817415951845807953e+00
6.794723603207203588e+00
6.696640291303708636e+00
6.625235259063748217e+00
6.534330767227452874e+00
6.433905779610212150e+00
6.345024586108531039e+00
6.252705005960811135e+00
6.161894826218956567e+00
6.099020758113793406e+00
6.035421732682526574e+00
5.967729986084179039e+00
5.908815171627649576e+00
5.858769921858238305e+00
5.798833576766423192e+00
5.738971510969862244e+00
5.686471813880564774e+00
5.634437970274064789e+00
5.585253120972975438e+00
5.542109308713704330e+00
5.511709608433286611e+00
5.485066652888786365e+00
5.450395388559997834e+00
5.400865960756572548e+00
5.341820173000986216e+00
5.279404554582423970e+00
5.222872477069839370e+00
5.163030112304435981e+00
5.062544381346464561e+00
4.968993994483947851e+00
4.835419131883108790e+00
4.664190525950085764e+00
4.429215942387682681e+00
4.209177098516765803e+00
4.032336659845735305e+00
3.912856290395249292e+00
3.811481837030391784e+00
3.681181517778508994e+00
3.574629602695905017e+00
3.517763146264198948e+00
3.470325211513724639e+00
3.406020419271727384e+00
3.326845652765201056e+00
3.224222186084648722e+00
3.086402546064049179e+00
2.910080395911929685e+00
2.661129956758038428e+00
2.188523515685598220e+00
