1.045044926886266445e+01
1.045144254688628038e+01
1.045248105782214054e+01
1.045338867782324321e+01
1.045435848270539836e+01
1.045553309020807475e+01
1.045665141962975930e+01
1.045778655333403862e+01
1.045908173541693742e+01
1.046041669662573526e+01
1.046180905484773582e+01
1.046326123567296840e+01
1.046478156220477551e+01
1.046639453021313848e+01
1.046810056923873233e+01
1.046997362453494063e+01
1.047069855289707263e+01
1.046878288360536757e+01
1.046645684741039517e+01
1.046295324023440365e+01
1.045860461478501158e+01
1.045375700053690693e+01
1.045043387517256406e+01
1.044847752091599347e+01
1.044806135439779737e+01
1.044941514032201368e+01
1.045184934995553938e+01
1.045453846005174192e+01
1.045768513341263706e+01
1.045845805166207398e+01
1.045146711939290185e+01
1.044095156531701818e+01
1.043181551708170218e+01
1.042263415335408716e+01
1.041101160481656684e+01
1.038653641849056974e+01
1.035125503354763410e+01
1.032504129273412374e+01
1.030898463286349198e+01
1.029445740790999864e+01
1.028189655024605997e+01
1.027070212208781896e+01
1.025734252650517497e+01
1.023682937992796660e+01
1.021714690623266719e+01
1.018855727745200035e+01
1.013614641187372989e+01
1.007118584237187164e+01
1.001033812537594869e+01
9.960680501111728091e+00
9.927939295871238912e+00
9.902570151229173945e+00
9.877598801309858345e+00
9.861603701287046775e+00
9.855814641883570815e+00
9.857508591265444764e+00
9.859322067690898805e+00
9.861263713858292590e+00
9.863327619485959374e+00
9.865533316917320050e+00
9.867925112087883477e+00
9.870573609853408925e+00
9.873554255659460210e+00
9.877098818350622977e+00
9.881742331572798577e+00
9.866597438691732336e+00
9.830968269848675334e+00
9.816245941282055298e+00
9.810081900604883387e+00
9.789139143040678448e+00
9.766592774329746263e+00
9.743242363979629062e+00
9.720690885278635562e+00
9.699848994839335603e+00
9.684873177135742139e+00
9.683809537413671009e+00
9.687131939869345842e+00
9.683383891253084741e+00
9.674793190831103118e+00
9.670611323241526947e+00
9.663487022727311526e+00
9.653254011043220117e+00
9.644088846545441740e+00
9.631638549020280493e+00
9.605868293676200764e+00
9.561653445654119565e+00
9.522192452322418177e+00
9.507913863670744092e+00
9.497112179364265216e+00
9.483595854411321469e+00
9.469331501576483845e+00
9.449421312324272293e+00
9.428826197641731355e+00
9.413981691178884503e+00
9.394899753583944246e+00
9.371199054829666863e+00
9.347363196099689020e+00
9.202836920485747640e+00
9.160162286077664362e+00
9.133877270754071631e+00
9.115650444963087295e+00
9.104371010792100094e+00
9.093369146361609978e+00
9.081908718737453867e+00
9.074831063108835139e+00
9.069094330971676499e+00
9.062424030241368555e+00
9.055726086455182511e+00
9.048150363332396751e+00
9.038425420859798720e+00
9.022007483190149557e+00
8.989970125273918811e+00
8.947524394677357051e+00
8.906301633252290628e+00
8.814571863313755529e+00
8.702224542399077833e+00
8.604321112119203363e+00
8.513888506184711602e+00
8.437544461797491735e+00
8.379231164522845887e+00
8.327661302436599300e+00
8.280396238060141911e+00
8.241362165161833175e+00
8.195481754172645239e+00
8.156724771884762859e+00
8.125533312856710211e+00
8.098228265502939394e+00
8.074575098887420310e+00
8.048593275207547748e+00
8.019867862729856967e+00
7.995788267390025794e+00
7.978547069323205676e+00
7.962236232669648750e+00
7.944835393143208080e+00
7.929083623157211491e+00
7.907440921892882280e+00
7.886923675739633488e+00
7.864124078074906876e+00
7.845916843386980588e+00
7.828077009687500087e+00
7.806995545622839927e+00
7.784401874793273279e+00
7.764401817171886933e+00
7.741517954148434910e+00
7.719405044477570144e+00
7.704190854572462221e+00
7.651237296981825864e+00
7.639884741916303845e+00
7.632187925840637099e+00
7.617661769117319182e+00
7.596544317393967738e+00
7.568815171729797342e+00
7.528703355327723834e+00
7.455554389668761495e+00
7.358736028491817294e+00
7.264210802889398799e+00
7.129428850461291489e+00
6.976111900203695093e+00
6.863065776899035519e+00
6.768655857388148789e+00
6.681518916098092120e+00
6.617641867604354466e+00
6.575461502819035076e+00
6.542959801022848687e+00
6.516307921190997554e+00
6.494542779969012969e+00
6.478862176872574707e+00
6.467787113430582657e+00
6.459166233791152401e+00
6.455648703297218738e+00
6.452195983088465425e+00
6.447826020652597911e+00
6.440545444270485476e+00
6.427434172420059433e+00
6.410348630503728273e+00
6.374653047314256860e+00
6.352562600690303540e+00
6.319886462901447288e+00
6.277441881294983261e+00
6.126686507527080217e+00
5.894869656745252762e+00
5.725571900757746135e+00
5.440858726162569603e+00
5.172004196309196722e+00
5.004471845800051888e+00
4.915306950640035311e+00
4.858977284157264265e+00
4.830107920324105741e+00
4.808518854875943660e+00
4.797849673091244327e+00
4.795361333838542350e+00
4.794368825872252771e+00
4.792466633853344149e+00
4.784628702518642029e+00
4.767550634751949623e+00
4.746542349173794584e+00
4.720640483198346615e+00
4.690119850225613618e+00
4.666491772338475563e+00
4.647196105040435121e+00
4.615039497954376735e+00
4.573607189329442768e+00
4.514495952981667948e+00
4.448921095731752651e+00
4.410431346670865338e+00
4.370489033422063407e+00
4.326255959782929317e+00
4.296019849522832779e+00
4.250380962848046451e+00
4.171714755327814217e+00
4.066594247628905201e+00
3.951361321756148293e+00
3.861997729679145674e+00
3.742183692855630905e+00
3.560450647763205634e+00
3.369137900122142870e+00
3.174644097630544781e+00
2.839037873388305933e+00
2.275633787751013770e+00
