3.334020000000000206e+00
2.776569999999999983e+00
2.264629999999999976e-01
1.247179999999999955e-01
1.546549999999999869e-01
5.423109999999999736e-02
1.827650000000000108e-01
7.050829999999999598e-02
5.454989999999999839e-02
7.025080000000000213e-02
1.509259999999999942e-02
1.141009999999999941e-02
1.224979999999999992e-02
2.965109999999999968e-02
6.067419999999999758e-02
1.304389999999999994e-01
5.397339999999999777e-02
5.827729999999999716e-02
2.059029999999999888e-02
1.742909999999999945e-02
3.485719999999999791e-02
3.196419999999999817e-02
1.261570000000000052e-02
6.828530000000000190e-03
7.155589999999999867e-03
5.840119999999999860e-03
7.187080000000000204e-03
5.376040000000000332e-03
2.376860000000000171e-03
3.546469999999999918e-03
6.507190000000000370e-03
3.929580000000000226e-03
6.488589999999999809e-03
1.479439999999999922e-02
2.699700000000000016e-02
5.605840000000000128e-02
1.544399999999999940e-01
4.895410000000000039e+00
8.028219999999999246e+00
8.410479999999999734e+00
1.102669999999999995e+01
6.477479999999999905e+00
3.968770000000000131e+00
1.175169999999999959e+01
1.473279999999999923e+01
8.979020000000000223e+00
1.148060000000000080e+01
1.040509999999999913e+01
1.084169999999999945e+01
1.560519999999999996e+01
1.281359999999999921e+01
1.469810000000000016e+01
1.696039999999999992e+01
2.079420000000000002e+01
1.734649999999999892e+01
2.195360000000000156e+01
2.734349999999999881e+01
2.971750000000000114e+01
3.531439999999999912e+01
3.077199999999999847e+01
3.331089999999999662e+01
1.430899999999999928e+01
8.570890000000000342e+00
3.364339999999999886e+00
3.438250000000000028e+00
2.822659999999999947e+00
1.366810000000000080e+00
2.132039999999999935e+00
1.261700000000000044e+00
1.547940000000000094e+00
8.322699999999999543e-01
6.139390000000000125e-01
5.086690000000000378e-01
2.502860000000000085e-01
1.972849999999999882e-01
2.482409999999999894e-01
1.648310000000000053e-01
3.103369999999999740e-01
2.646600000000000064e-01
1.905229999999999979e-01
2.125809999999999922e-01
2.234530000000000127e-01
2.806750000000000078e-01
2.565749999999999975e-01
2.479349999999999887e-01
2.195300000000000029e-01
7.299250000000000183e-02
5.042340000000000017e-02
3.496699999999999808e-02
1.966060000000000030e-02
3.926079999999999848e-02
4.855460000000000331e-02
4.377879999999999966e-02
5.200869999999999799e-02
3.915840000000000293e-02
5.897299999999999764e-02
5.343540000000000095e-02
5.234079999999999983e-02
5.707840000000000136e-02
3.749399999999999955e-02
3.660340000000000121e-02
4.178330000000000238e-02
2.623380000000000156e-02
2.203319999999999931e-02
1.342360000000000081e-02
1.068969999999999990e-02
1.146980000000000048e-02
1.557779999999999929e-02
2.486050000000000065e-02
3.207759999999999778e-02
4.080860000000000043e-02
5.612339999999999690e-02
6.454070000000000640e-02
4.456530000000000213e-02
5.915220000000000200e-02
2.987690000000000137e-02
3.806389999999999774e-02
3.486670000000000047e-02
1.414669999999999990e-02
1.003320000000000080e-02
8.856489999999999849e-03
8.618449999999999722e-03
8.394590000000000385e-03
8.388029999999999445e-03
7.709309999999999601e-03
1.032409999999999925e-02
2.353059999999999874e-02
2.963469999999999993e-02
4.865420000000000161e-02
4.126660000000000050e-02
5.228929999999999689e-02
5.524409999999999737e-02
3.735879999999999757e-02
3.265579999999999872e-02
2.319090000000000040e-02
1.962590000000000168e-02
1.673039999999999944e-02
1.698320000000000038e-02
1.449100000000000041e-02
2.126240000000000074e-02
2.079759999999999942e-02
2.706180000000000044e-02
2.558590000000000170e-02
2.529549999999999854e-02
5.041729999999999823e-02
6.011849999999999833e-02
5.797959999999999919e-02
7.547089999999999355e-02
9.123879999999999491e-02
1.831450000000000022e-01
1.872840000000000060e-01
1.200370000000000048e-01
9.973400000000000321e-02
9.439490000000000380e-02
9.288259999999999572e-02
6.322930000000000217e-02
6.180519999999999764e-02
5.934869999999999729e-02
6.070389999999999814e-02
4.775460000000000121e-02
3.211549999999999822e-02
2.181380000000000124e-02
1.640480000000000063e-02
2.173910000000000078e-02
4.084070000000000061e-02
4.438120000000000259e-02
3.058220000000000036e-02
3.720160000000000133e-02
5.220310000000000228e-02
8.205339999999999856e-02
8.988659999999999706e-02
6.368409999999999349e-02
1.492080000000000073e-01
1.641420000000000101e-01
1.279399999999999982e-01
1.348669999999999869e-01
1.178659999999999985e-01
9.862260000000000471e-02
4.392650000000000027e-02
2.616150000000000073e-02
1.332449999999999954e-02
5.712509999999999637e-03
3.591109999999999788e-03
2.396210000000000180e-03
1.105159999999999997e-03
8.831789999999999953e-04
9.896639999999999084e-04
8.451930000000000510e-04
6.253759999999999701e-04
9.883760000000000115e-04
1.400100000000000042e-03
9.598710000000000532e-04
3.860040000000000129e-04
4.076330000000000188e-04
4.135809999999999964e-04
3.239089999999999916e-04
2.245980000000000068e-04
2.307350000000000058e-04
2.034840000000000054e-04
1.905219999999999895e-04
1.944279999999999891e-04
1.779589999999999948e-04
1.191780000000000031e-04
9.484329999999999367e-05
3.624500000000000280e-05
4.542560000000000093e-05
6.915820000000000474e-05
5.600480000000000291e-05
5.156640000000000149e-05
1.002170000000000063e-04
1.299990000000000000e-04
1.424320000000000078e-04
1.612890000000000070e-04
2.330400000000000050e-04
2.135869999999999999e-04
1.223230000000000010e-04
6.151570000000000464e-05
2.680869999999999965e-05
4.527669999999999969e-05
2.517699999999999967e-05
8.157919999999999983e-05
1.678879999999999891e-04
1.729359999999999990e-04
7.336350000000000325e-05
1.522910000000000095e-04
1.301589999999999984e-04
2.037279999999999983e-04
1.831779999999999867e-04
5.743160000000000084e-05
8.969799999999999399e-05
5.819919999999999667e-05
2.353620000000000007e-05
1.242199999999999940e-06
