3.469460000000000210e+00
3.627359999999999918e+00
3.766929999999999890e+00
3.883630000000000138e+00
3.999690000000000190e+00
4.248660000000000103e+00
5.864049999999999763e+00
1.035399999999999920e+01
9.269370000000000331e+00
9.509940000000000282e+00
4.484770000000000145e+00
2.160439999999999916e+00
1.678230000000000111e+00
1.144660000000000011e+00
2.114819999999999922e+00
1.486949999999999994e+00
1.480410000000000004e+00
1.600780000000000092e+00
3.043019999999999836e+00
1.907180000000000097e+00
2.442420000000000008e-02
2.485050000000000106e-02
8.277149999999999785e-02
9.300960000000000477e-03
4.698319999999999753e-03
3.320519999999999982e-03
4.261390000000000317e-03
3.618570000000000206e-03
2.647280000000000119e-03
3.300790000000000061e-03
4.694320000000000090e-03
3.882619999999999821e-03
2.053329999999999912e-03
1.649939999999999914e-03
2.710100000000000009e-03
2.934410000000000143e-03
2.371709999999999964e-03
6.622059999999999926e-03
1.216779999999999945e-02
3.213749999999999940e-02
2.672229999999999883e+00
7.676940000000000097e+00
5.202029999999999710e+00
4.665460000000000385e+00
6.567820000000000213e+00
4.990899999999999892e+00
4.590399999999999814e+00
2.526259999999999964e-02
4.994950000000000223e+00
4.087299999999999933e+00
2.324699999999999989e+00
2.392279999999999962e+00
2.558139999999999858e+00
3.843430000000000124e+00
5.560389999999999944e+00
3.273390000000000022e+00
2.337829999999999853e+00
1.518040000000000056e+00
1.340600000000000014e+00
7.251199999999999868e-01
1.272140000000000049e+00
1.571329999999999893e+00
2.727329999999999810e+00
2.689550000000000107e+00
1.488510000000000000e+00
1.539239999999999942e+00
1.547539999999999916e+00
1.761840000000000073e+00
1.010639999999999983e+00
9.939109999999999889e-01
9.593970000000000553e-01
1.110540000000000083e+00
1.056400000000000006e+00
7.459160000000000235e-01
5.774799999999999933e-01
4.809350000000000014e-01
2.186619999999999953e-01
1.547250000000000014e-01
1.971719999999999862e-01
1.371729999999999894e-01
1.571700000000000041e-01
1.673509999999999998e-01
1.297909999999999897e-01
7.741660000000000208e-02
3.995350000000000290e-02
4.967699999999999894e-02
4.982169999999999654e-02
5.791690000000000033e-02
5.355519999999999725e-02
5.757450000000000068e-02
6.342369999999999952e-02
4.955380000000000201e-02
5.771609999999999935e-02
7.191219999999999557e-02
6.240439999999999876e-02
6.216970000000000135e-02
6.412760000000000682e-02
8.012289999999999690e-02
1.121719999999999939e-01
1.569500000000000062e-01
1.436679999999999902e-01
2.491589999999999916e-01
2.335389999999999966e-01
1.684390000000000054e-01
1.389380000000000059e-01
9.275690000000000324e-02
4.984319999999999723e-02
5.731080000000000202e-02
3.538319999999999660e-02
2.919559999999999864e-02
4.259639999999999954e-02
4.601310000000000122e-02
3.990219999999999878e-02
3.631619999999999987e-02
4.352690000000000031e-02
5.141069999999999668e-02
3.833749999999999658e-02
3.856559999999999849e-02
2.463689999999999977e-02
2.642989999999999923e-02
1.661129999999999898e-02
1.729019999999999863e-02
1.902620000000000006e-02
1.871190000000000006e-02
2.860539999999999958e-02
3.130850000000000299e-02
4.044829999999999953e-02
4.541289999999999910e-02
4.942409999999999859e-02
1.027180000000000037e-01
5.042110000000000342e-02
2.582999999999999879e-02
1.925570000000000059e-02
1.397639999999999993e-02
8.584819999999999951e-03
8.205149999999999597e-03
6.856359999999999712e-03
8.463450000000000834e-03
8.145009999999999403e-03
5.864639999999999957e-03
6.718649999999999622e-03
4.632660000000000250e-03
5.944529999999999953e-03
8.661230000000000664e-03
9.194950000000000345e-03
6.890359999999999888e-03
5.570880000000000276e-03
8.209299999999999237e-03
9.926640000000000463e-03
1.043859999999999927e-02
2.094980000000000106e-02
1.960280000000000009e-02
1.911190000000000111e-02
1.844809999999999853e-02
1.895229999999999831e-02
1.989760000000000140e-02
1.271480000000000006e-02
1.358810000000000053e-02
7.752600000000000116e-03
1.161090000000000039e-02
8.441070000000000170e-03
1.428920000000000017e-02
1.773689999999999989e-02
1.950879999999999975e-02
1.724120000000000166e-02
2.380109999999999865e-02
1.650549999999999934e-02
2.084290000000000101e-02
1.930660000000000015e-02
1.290250000000000077e-02
1.424809999999999965e-02
1.631780000000000036e-02
1.338789999999999945e-02
8.397339999999999666e-03
4.960039999999999762e-03
6.404319999999999805e-03
6.557509999999999901e-03
1.004369999999999916e-02
1.065130000000000070e-02
6.182550000000000198e-03
5.119600000000000192e-03
6.580990000000000104e-03
4.172000000000000361e-03
5.611109999999999882e-03
6.303040000000000205e-03
5.549280000000000185e-03
3.090439999999999854e-03
3.329640000000000030e-03
3.470040000000000190e-03
2.828649999999999828e-03
4.358260000000000085e-03
6.429050000000000389e-03
7.137669999999999605e-03
5.620240000000000305e-03
4.251669999999999928e-03
3.170339999999999790e-03
2.128360000000000148e-03
1.815229999999999925e-03
2.197900000000000027e-03
1.681610000000000049e-03
1.157140000000000078e-03
1.000129999999999899e-03
8.135329999999999645e-04
7.607659999999999596e-04
1.308370000000000106e-03
6.879329999999999473e-04
5.356539999999999913e-04
2.369700000000000029e-04
1.213170000000000042e-04
1.148549999999999972e-04
8.342829999999999539e-05
5.818799999999999922e-05
3.715099999999999718e-05
3.558240000000000003e-05
1.340540000000000043e-05
7.783950000000000241e-06
9.991910000000000697e-06
7.377370000000000315e-06
