1.017095368746730699e+01
1.016893038363136270e+01
1.016510181378344768e+01
1.016050454575413120e+01
1.015505654130745761e+01
1.015074416281096781e+01
1.014388563995849246e+01
1.013348142441403255e+01
1.012812774980811703e+01
1.012208802938248731e+01
1.011218256540409222e+01
1.010252631785188626e+01
1.009484830836239233e+01
1.008883040456690594e+01
1.008399683224209653e+01
1.008089333010680555e+01
1.007726976908415750e+01
1.007144381137062439e+01
1.006388479168391115e+01
1.005657328954086793e+01
1.005010509321799361e+01
1.004461814582388435e+01
1.003828626659854528e+01
1.003012185665291689e+01
1.002197032642343366e+01
1.001529267772247955e+01
1.001072386539177295e+01
1.000601225633865710e+01
9.993067474813793538e+00
9.978641510277341808e+00
9.960563049362818333e+00
9.945155800191743722e+00
9.936374987355939936e+00
9.925941928933415426e+00
9.906972544729624630e+00
9.874368155673007408e+00
9.833690118705577632e+00
9.798060598553982814e+00
9.766104120608410710e+00
9.744405650318544332e+00
9.729473385620089232e+00
9.714380899520644874e+00
9.699029932839549062e+00
9.680298338391898127e+00
9.653667801700413165e+00
9.631345331304869362e+00
9.610684644686811495e+00
9.581982635754330957e+00
9.540439598909465246e+00
9.483701382339459585e+00
9.402948829344405013e+00
9.301689622087296883e+00
9.214518004979840526e+00
9.140702834787710174e+00
9.040594429395726550e+00
8.931214210948025922e+00
8.878110284663655705e+00
8.847015862563146982e+00
8.837806793058941679e+00
8.840224693372931597e+00
8.842911767583560234e+00
8.845906315974175982e+00
8.849378255226714174e+00
8.849899513656007244e+00
8.846169424768415723e+00
8.836696208674167607e+00
8.819470888963550692e+00
8.794644866269576866e+00
8.772939696296257139e+00
8.764291978633034219e+00
8.758403909717188185e+00
8.751870081427014725e+00
8.744400956435564254e+00
8.735403263456809952e+00
8.717378379177306513e+00
8.689155185833451256e+00
8.658162180430545973e+00
8.613948533199600632e+00
8.550150050653421374e+00
8.458733005738807265e+00
8.350563930195121998e+00
8.225642629880386636e+00
8.112464235141874980e+00
8.037681421702821183e+00
7.990178962358267967e+00
7.956342305622650102e+00
7.937281121950058527e+00
7.927532038333964692e+00
7.920102446246396255e+00
7.917776924417974982e+00
7.917053124625774707e+00
7.916446578641639142e+00
7.915057752984487216e+00
7.911536851292633621e+00
7.906454644906390605e+00
7.902048059981722439e+00
7.897728231645022134e+00
7.890727767163914663e+00
7.877010051544005798e+00
7.855002783398958854e+00
7.830870195257004340e+00
7.812410620464911304e+00
7.797943046178696491e+00
7.788757875750447646e+00
7.785099099281858059e+00
7.779235631675863516e+00
7.766474566086237097e+00
7.720988221111401373e+00
7.682581859836121296e+00
7.638185643903925737e+00
7.589629065287440746e+00
7.535099086897320220e+00
7.483986464719332155e+00
7.447057201276406246e+00
7.420989887524855000e+00
7.399723896032664783e+00
7.384358791254221011e+00
7.369801944911356983e+00
7.354419636059475351e+00
7.341567068041954691e+00
7.329387708410986413e+00
7.316112988815182128e+00
7.307050818391156888e+00
7.297379652764780289e+00
7.281862509737461409e+00
7.245968930781295114e+00
7.221599393011549850e+00
7.191504110287007201e+00
7.161553660875458860e+00
7.134511787108199776e+00
7.113863167462118220e+00
7.102200372673420858e+00
7.091146195430312993e+00
7.079025595969304696e+00
7.065273397376738984e+00
6.930553250866890558e+00
6.910240092358628239e+00
6.898262126050492604e+00
6.883125190512473957e+00
6.861029332077254850e+00
6.823319655431133057e+00
6.774653436835668785e+00
6.727689249779738034e+00
6.669401499298073688e+00
6.603541662354116326e+00
6.553302771129071225e+00
6.520441607871321210e+00
6.503688564199030964e+00
6.492358026454666309e+00
6.472112573021507664e+00
6.445887414120623937e+00
6.408489273774431005e+00
6.359355407035800489e+00
6.300791067987798755e+00
6.250573686081964730e+00
6.218341158281620373e+00
6.189740094531351211e+00
6.156903347543223326e+00
6.126206111181306646e+00
6.094774993511678396e+00
6.041440060154025460e+00
5.975590790930911389e+00
5.935806432970663238e+00
5.914471151976935737e+00
5.896824279289321069e+00
5.881096934125380038e+00
5.866548428153716799e+00
5.851273028847814750e+00
5.835396927212961771e+00
5.824676979441901992e+00
5.818667883372953931e+00
5.811238431301080531e+00
5.801911119514436166e+00
5.787555399642107190e+00
5.767248654135498143e+00
5.744411908750269191e+00
5.722048711424142731e+00
5.706122672912620430e+00
5.692890082303875943e+00
5.679247963302402447e+00
5.664887254460655441e+00
5.645657039323505266e+00
5.618428853106971488e+00
5.590254282069925473e+00
5.567341674221342629e+00
5.542839115108224135e+00
5.512393524271106848e+00
5.482573473883918247e+00
5.448197541987446435e+00
5.391266880192396194e+00
5.313753361260643793e+00
5.222297578106283034e+00
4.724726318870432706e+00
4.519887032819033479e+00
4.397025290460758740e+00
4.333533923219888173e+00
4.222258530221243866e+00
3.982607680906328440e+00
3.725752416226464803e+00
3.626427628184738516e+00
3.517206458173726347e+00
3.382060289664533315e+00
3.217207487025166124e+00
2.861677160960100164e+00
