1.056921819122694650e+01
1.056196791444341265e+01
1.055444796973148947e+01
1.054656857231926637e+01
1.053825946034216621e+01
1.052942137064116856e+01
1.051870735525323575e+01
1.050197483589789549e+01
1.048021828652121634e+01
1.045832353269494597e+01
1.044208606028150399e+01
1.043572335799638573e+01
1.043477801756836065e+01
1.043596852334398051e+01
1.043726368999233323e+01
1.043859613784982443e+01
1.043999547395380745e+01
1.044148932711032707e+01
1.044308140658545092e+01
1.044480024830212805e+01
1.044664122374219950e+01
1.044700289846616315e+01
1.044621552096407413e+01
1.044489068961022227e+01
1.044311271904946103e+01
1.043731605104636984e+01
1.041951297182319891e+01
1.040223902216316354e+01
1.039992626554648680e+01
1.039999197211525228e+01
1.040199986705501978e+01
1.040438551237145681e+01
1.040645671974977660e+01
1.040589080814432954e+01
1.040371576597360281e+01
1.040210827741521982e+01
1.039945219210745719e+01
1.039281298405707332e+01
1.038217919696025504e+01
1.036773227072350778e+01
1.035281901669987015e+01
1.034103863167752202e+01
1.033206056034886267e+01
1.032448411870283245e+01
1.031344114985700422e+01
1.030322414521002194e+01
1.028825146189208795e+01
1.026322406264786125e+01
1.023047191283048818e+01
1.019563401532552405e+01
1.015249320964954016e+01
1.010397808766873951e+01
1.006376481151012925e+01
1.002946494663823529e+01
1.000255480814848319e+01
9.971796133553482377e+00
9.936763490512536379e+00
9.917665124138480337e+00
9.921717681151571711e+00
9.915758520888273253e+00
9.888150839650188928e+00
9.868808957236163693e+00
9.872638101388872656e+00
9.877433548051747891e+00
9.866653528303343634e+00
9.840304368635001353e+00
9.822083697694885984e+00
9.803473503810220535e+00
9.786035523861865926e+00
9.767923554333705738e+00
9.731459021482704586e+00
9.687619021162893418e+00
9.629882376039935465e+00
9.562446327717756489e+00
9.499187906939059900e+00
9.444119775542796802e+00
9.399284239083639747e+00
9.366997899930426641e+00
9.358918513953197404e+00
9.361306554931072554e+00
9.364130567451299569e+00
9.361159104487898119e+00
9.351769259245411803e+00
9.348489836994986035e+00
9.351861987038706303e+00
9.348818701299050460e+00
9.337622964445177587e+00
9.324710364098775628e+00
9.308336002108426044e+00
9.293024270040360690e+00
9.278332817252714193e+00
9.249682539826395100e+00
9.221382936211139025e+00
9.187602495864219065e+00
9.170625431398413241e+00
9.163748587789568134e+00
9.161942687634246241e+00
9.160435515079704771e+00
9.156385578676539794e+00
9.152248583208997701e+00
9.149911583408364635e+00
9.152865999881200310e+00
9.154442233185505984e+00
9.154296131117074964e+00
9.152994263493974714e+00
9.147224794264174008e+00
9.137480709384135480e+00
9.126780577012009843e+00
9.109872026741143713e+00
9.086929024048364667e+00
9.056146078338258576e+00
9.017171122419949114e+00
8.974545311263435465e+00
8.943549417546780234e+00
8.922200563000343365e+00
8.881873462233306427e+00
8.834483649564347729e+00
8.792832064908667533e+00
8.764227706469471357e+00
8.733748413035954172e+00
8.684581474510080668e+00
8.627387365928283813e+00
8.585021701043867637e+00
8.561146719717578790e+00
8.546730159252550862e+00
8.534831723867343456e+00
8.527549993645587634e+00
8.523311955037547349e+00
8.520746780816519816e+00
8.516869724623292726e+00
8.509382656672924483e+00
8.494378643304242971e+00
8.477297831907375070e+00
8.451487083530849986e+00
8.419341026388799776e+00
8.382218825491900560e+00
8.321886207931530777e+00
8.285699050395074039e+00
8.265478203580642003e+00
8.249987932826947201e+00
8.232454809894353076e+00
8.212278183990370906e+00
8.187382514240004738e+00
8.163537044214448812e+00
8.142721005353259045e+00
8.121671439919461832e+00
8.100415350967020700e+00
8.074461695087544300e+00
8.039901683027348867e+00
7.992885186835239075e+00
7.950727426517028462e+00
7.925654955921318745e+00
7.893433282395716510e+00
7.862393785698265525e+00
7.828717240240290920e+00
7.801166944706164230e+00
7.775101956729823627e+00
7.753462787860506467e+00
7.737063766980345036e+00
7.723029378126915923e+00
7.697405466651351169e+00
7.686648779622735184e+00
7.675339244124684157e+00
7.661785245585499560e+00
7.648825286305688920e+00
7.634183946778851926e+00
7.607063445536742741e+00
7.540639753066341378e+00
7.481177384222617022e+00
7.444261888890306267e+00
7.411478284736510602e+00
7.369598016840158472e+00
7.329265638427215457e+00
7.305056723260650031e+00
7.282735372621018222e+00
7.261662473785851724e+00
7.243772006237848338e+00
7.226561242256585693e+00
7.205707680495752498e+00
7.179393784935429679e+00
7.146214885889887292e+00
7.108808485095037710e+00
7.067814511161840230e+00
7.029692139033621778e+00
6.919389835295277180e+00
6.891776560432385068e+00
6.859353288918591751e+00
6.823435101778779099e+00
6.789488344262735176e+00
6.765434583568460170e+00
6.751801636942290408e+00
6.738787690999407332e+00
6.726291065995415153e+00
6.715108778534285783e+00
6.692293347688911709e+00
6.655268127292024438e+00
6.602984054795816959e+00
6.383723831464773291e+00
6.266099929730803098e+00
6.100811509218808659e+00
5.792645187439842580e+00
5.320007040200648518e+00
5.024136614128980938e+00
4.764418253203083431e+00
4.525169243746057113e+00
4.358753139761520679e+00
4.191319644271815470e+00
4.036097677537895834e+00
3.938730316940198595e+00
3.770403499888220100e+00
3.549198282702734630e+00
3.420148908776235341e+00
3.238450085187018157e+00
2.971493869225249274e+00
2.490261957859259745e+00
