3.796100000000000030e+00
7.259930000000000549e-02
8.154730000000000312e-02
4.317829999999999835e+00
4.532549999999999635e+00
5.137529999999999930e+00
5.716969999999999885e+00
4.795180000000000220e+00
5.879809999999999981e+00
5.199699999999999989e+00
3.167409999999999837e+00
2.653469999999999995e+00
4.029329999999999856e+00
4.932509999999999728e+00
5.600450000000000372e+00
3.945669999999999789e+00
2.168530000000000069e+00
3.045859999999999790e+00
4.546820000000000306e+00
5.774569999999999759e+00
5.921540000000000248e+00
8.002929999999999211e+00
4.282930000000000348e+00
3.473129999999999828e+00
2.334540000000000060e+00
5.179809999999999970e-02
1.955920000000000103e+00
1.550229999999999997e+00
1.492169999999999996e+00
1.479850000000000110e+00
2.192930000000000046e+00
2.841380000000000017e+00
3.614889999999999937e+00
3.916180000000000216e+00
3.969090000000000007e+00
6.182979999999999698e+00
3.690999999999999837e+00
3.569109999999999783e+00
1.600740000000000052e+00
1.251500000000000008e-02
7.916650000000000770e-03
1.651659999999999934e-02
3.013559999999999850e-02
3.627709999999999990e+00
8.769449999999999815e-03
5.431400000000000290e-03
7.580299999999999885e-03
5.679929999999999701e-01
2.411119999999999930e-02
1.889979999999999993e+00
2.715409999999999879e+00
2.851350000000000051e+00
8.625439999999999774e-01
1.176289999999999975e-02
5.346210000000000129e+00
7.785910000000000331e+00
7.777700000000000280e+00
5.689600000000000435e+00
3.769449999999999967e+00
3.175889999999999880e+00
4.065479999999999983e+00
3.660029999999999895e+00
3.934930000000000039e+00
6.018419999999999881e+00
5.241109999999999935e+00
2.331020000000000092e+00
1.866209999999999924e+00
1.031500000000000083e+00
4.976499999999999813e-01
3.643319999999999892e-01
2.012700000000000045e-01
1.187580000000000024e-01
7.208630000000000593e-02
8.650170000000000081e-02
8.206380000000000619e-02
1.074920000000000042e-01
9.285000000000000198e-02
1.000889999999999974e-01
1.911410000000000053e-01
1.270890000000000075e-01
1.454330000000000067e-01
1.447029999999999983e-01
2.573719999999999897e-01
2.534020000000000161e-01
2.574380000000000002e-01
1.488780000000000103e-01
8.300019999999999620e-02
4.494979999999999809e-02
5.740460000000000007e-02
3.335439999999999933e-02
3.894210000000000033e-02
4.240170000000000050e-02
7.002300000000000191e-02
1.529250000000000054e-01
1.320220000000000005e-01
1.549709999999999976e-01
1.956559999999999966e-01
2.465559999999999974e-01
2.556309999999999971e-01
3.088299999999999934e-01
3.664439999999999920e-01
2.273769999999999958e-01
1.631140000000000090e-01
9.509960000000000635e-02
7.613530000000000297e-02
7.216939999999999467e-02
5.339119999999999977e-02
4.492129999999999734e-02
4.323710000000000053e-02
5.515869999999999801e-02
3.850490000000000163e-02
6.431099999999999317e-02
5.480850000000000305e-02
6.148089999999999805e-02
6.914170000000000038e-02
7.425900000000000556e-02
4.117629999999999901e-02
3.249180000000000124e-02
3.601080000000000253e-02
2.429790000000000075e-02
2.578880000000000061e-02
2.231299999999999950e-02
1.979030000000000025e-02
1.657569999999999877e-02
1.069640000000000001e-02
1.815309999999999840e-02
1.179389999999999952e-02
1.307559999999999972e-02
2.310759999999999897e-02
2.573440000000000102e-02
2.838430000000000120e-02
3.933090000000000197e-02
3.985910000000000147e-02
5.381760000000000016e-02
7.049110000000000098e-02
6.406320000000000070e-02
7.905739999999999990e-02
8.289480000000000459e-02
6.586699999999999500e-02
5.194139999999999868e-02
4.385370000000000240e-02
5.657199999999999729e-02
7.945589999999999598e-02
7.284090000000000009e-02
4.653360000000000135e-02
5.630430000000000157e-02
4.641409999999999980e-02
3.185140000000000193e-02
2.879829999999999890e-02
2.709750000000000006e-02
2.201159999999999922e-02
2.279849999999999932e-02
1.529460000000000021e-02
1.349949999999999935e-02
2.012929999999999928e-02
3.005990000000000051e-02
3.681159999999999988e-02
4.726840000000000208e-02
5.321859999999999785e-02
6.014570000000000333e-02
4.093310000000000004e-02
4.805000000000000243e-02
4.269980000000000303e-02
6.024850000000000344e-02
4.070839999999999875e-02
3.296099999999999725e-02
2.846339999999999981e-02
2.214690000000000061e-02
2.340209999999999860e-02
1.698219999999999938e-02
1.507239999999999969e-02
1.442949999999999962e-02
1.105730000000000081e-02
1.893239999999999854e-02
1.108740000000000073e-02
8.391900000000000748e-03
9.810170000000000001e-03
1.043409999999999997e-02
9.820080000000000128e-03
1.046019999999999936e-02
7.817189999999999903e-03
9.122339999999999616e-03
7.174970000000000132e-03
5.083660000000000262e-03
6.128319999999999601e-03
3.801119999999999846e-03
3.459079999999999794e-03
2.867179999999999989e-03
1.353899999999999895e-03
5.341849999999999550e-04
3.968600000000000187e-04
3.399140000000000256e-04
1.606939999999999898e-04
1.393590000000000052e-04
1.524979999999999890e-04
6.957680000000000104e-05
6.058899999999999876e-05
6.211620000000000000e-05
6.174470000000000533e-05
7.176239999999999583e-05
5.269800000000000265e-05
4.347540000000000052e-05
2.485780000000000110e-05
3.051590000000000034e-05
1.980599999999999977e-05
