5.982490000000000308e+00
8.734870000000000134e-02
7.197059999999999569e-02
4.338530000000000164e-02
3.656439999999999690e-02
4.547059999999999991e-02
7.479299999999999837e-02
2.237410000000000093e-02
1.493550000000000086e-02
2.118429999999999966e-02
1.115090000000000005e-02
2.303449999999999942e-02
3.497940000000000077e-02
2.540610000000000090e-02
1.958009999999999959e-02
8.357699999999999158e-03
1.683449999999999877e-02
2.877640000000000059e-02
2.642380000000000076e-02
1.859039999999999998e-02
2.715489999999999918e-02
4.154850000000000210e-02
3.357699999999999907e+00
5.896640000000000215e-02
4.246749999999999581e+00
2.437030000000000030e+00
3.180099999999999927e+00
4.173090000000000188e+00
3.310299999999999798e+00
7.161839999999999873e-02
8.400649999999999784e-02
3.271539999999999893e+00
2.789190000000000058e+00
5.109339999999999715e-02
3.582230000000000025e+00
2.408560000000000034e+00
5.802509999999999835e+00
2.721900000000000208e+00
3.754620000000000068e+00
3.853730000000000100e+00
2.367670000000000052e-01
4.451030000000000264e-02
3.910620000000000068e-02
2.873110000000000053e+00
6.046739999999999782e+00
6.207469999999999821e+00
5.448380000000000223e+00
8.384969999999999923e-02
1.721409999999999954e-02
1.518809999999999882e-01
1.324220000000000119e-01
4.349630000000000163e-02
3.726789999999999964e-02
3.229619999999999713e-02
5.968890000000000307e-02
1.937039999999999942e-02
1.721210000000000101e-02
4.416180000000000105e-02
3.074239999999999959e-02
6.158009999999999873e-02
6.848390000000000033e-02
2.368000000000000105e-01
1.250699999999999967e+01
1.588969999999999949e+01
1.620080000000000098e+01
1.798300000000000054e+01
1.680219999999999914e+01
1.556530000000000058e+01
1.691189999999999927e+01
1.585030000000000072e+01
9.611549999999999372e+00
1.174479999999999968e+01
1.615850000000000009e+01
1.665520000000000067e+01
9.784639999999999560e+00
1.087870000000000026e+01
1.008200000000000074e+01
3.638819999999999943e+00
5.222170000000000284e-02
5.502740000000000187e+00
5.229119999999999990e+00
2.391840000000000188e+00
4.116950000000000109e+00
2.228470000000000173e+00
8.064139999999999156e-03
2.098349999999999937e+00
2.601220000000000088e+00
2.605370000000000186e+00
4.244510000000000005e+00
4.169859999999999900e+00
3.954419999999999824e+00
3.954819999999999780e+00
2.837390000000000079e+00
1.442239999999999966e+00
1.502909999999999968e+00
4.539419999999999740e-03
7.473630000000000204e-03
5.012020000000000364e-01
1.387049999999999894e+00
3.346140000000000114e+00
2.424469999999999903e+00
1.433890000000000109e+00
1.891860000000000097e+00
1.316980000000000040e+00
1.634169999999999900e+00
2.808660000000000156e+00
2.150360000000000049e+00
4.150750000000000384e+00
6.453149999999999942e+00
5.705009999999999692e+00
9.014010000000000744e+00
6.896930000000000227e+00
8.109650000000000247e+00
6.393989999999999618e+00
4.326730000000000409e+00
2.181719999999999882e+00
2.055590000000000028e+00
2.232920000000000016e+00
2.227770000000000028e+00
2.357200000000000184e+00
1.229409999999999892e+00
1.811160000000000103e+00
1.553660000000000041e+00
1.803309999999999969e+00
1.342889999999999917e+00
1.328179999999999916e+00
1.292159999999999975e+00
1.892370000000000108e+00
1.193219999999999947e+00
1.044170000000000043e+00
9.033529999999999616e-01
4.504580000000000251e-01
3.248869999999999814e-01
3.808500000000000218e-01
3.810290000000000066e-01
2.686549999999999772e-01
1.836059999999999914e-01
1.458490000000000064e-01
7.881269999999999942e-02
5.201000000000000068e-02
2.572040000000000090e-02
2.493129999999999999e-02
2.430219999999999950e-02
2.408060000000000062e-02
2.476039999999999838e-02
2.197850000000000151e-02
2.391559999999999866e-02
3.095880000000000160e-02
3.059800000000000020e-02
3.945930000000000271e-02
5.851089999999999763e-02
5.474910000000000193e-02
5.475719999999999893e-02
4.285830000000000195e-02
2.821009999999999837e-02
3.693609999999999949e-02
4.106080000000000146e-02
3.076150000000000065e-02
2.350839999999999874e-02
2.559579999999999841e-02
2.563800000000000107e-02
3.366510000000000336e-02
3.211409999999999959e-02
3.899099999999999788e-02
4.754350000000000243e-02
5.224079999999999696e-02
6.101850000000000329e-02
6.428699999999999692e-02
6.509520000000000584e-02
6.084500000000000325e-02
6.307730000000000281e-02
5.658200000000000035e-02
8.204989999999999506e-02
8.945309999999999373e-02
7.067600000000000271e-02
7.568859999999999477e-02
6.131410000000000332e-02
4.256279999999999786e-02
3.527629999999999655e-02
2.992830000000000143e-02
3.023319999999999827e-02
2.168089999999999948e-02
1.170410000000000027e-02
5.997970000000000038e-03
1.022559999999999962e-02
1.726559999999999900e-02
1.098329999999999966e-02
1.550310000000000056e-02
2.059630000000000141e-02
1.556740000000000033e-02
8.920660000000000395e-03
1.049429999999999981e-02
1.490939999999999974e-02
8.294720000000000218e-03
1.087489999999999984e-02
8.511400000000000562e-03
1.104879999999999925e-02
1.032229999999999953e-02
6.591379999999999982e-03
7.554390000000000237e-03
5.665159999999999814e-03
3.917149999999999994e-04
1.228350000000000123e-04
1.167560000000000050e-04
1.523329999999999932e-04
1.386179999999999932e-04
1.917280000000000048e-04
2.254190000000000046e-04
1.714829999999999978e-04
1.542380000000000096e-04
1.950579999999999881e-04
1.948820000000000088e-04
1.755070000000000122e-04
1.965989999999999925e-04
2.351749999999999972e-05
