1.028273990239642366e+01
1.027570054756856344e+01
1.027758858769112216e+01
1.027972396426542190e+01
1.028230482837057025e+01
1.027983798224504852e+01
1.027165112547868908e+01
1.026457700605326551e+01
1.025874979207795690e+01
1.025195926070347774e+01
1.024330102742123927e+01
1.023359000185005740e+01
1.022151073700547386e+01
1.020898656963328222e+01
1.019535713714797431e+01
1.014322096308122134e+01
1.012115260481831847e+01
1.010912951013527916e+01
1.009640246058484259e+01
1.008373188972177559e+01
1.007120427381147465e+01
1.006132428297759418e+01
1.005857784913322561e+01
1.005798163236125475e+01
1.005721331942029373e+01
1.005627199674275118e+01
1.005345876499263547e+01
1.004627269239886012e+01
1.003055519741618262e+01
1.000771791389564314e+01
9.987830658056843447e+00
9.973523158824740165e+00
9.964835007365367758e+00
9.958859523259468105e+00
9.946109213781161529e+00
9.929514970813929864e+00
9.914999128525348482e+00
9.893833306596473420e+00
9.862341913373274593e+00
9.842343340053556489e+00
9.839173117160083137e+00
9.841417038818326191e+00
9.843887153582254967e+00
9.846557296810711790e+00
9.849437841743206690e+00
9.849523214357922996e+00
9.849167486798867444e+00
9.848237779887741183e+00
9.842815729987085760e+00
9.839031581955195449e+00
9.831312957688114196e+00
9.815335299185154128e+00
9.788408086452825785e+00
9.750406558984488825e+00
9.706504422233276586e+00
9.650529957068947340e+00
9.621915407652879892e+00
9.604448544996316173e+00
9.592248948687865706e+00
9.577314828996238205e+00
9.561989347207592971e+00
9.544087897358526362e+00
9.521079214498396226e+00
9.487688322094184556e+00
9.450138210464078981e+00
9.407649194620022470e+00
9.360286610775274241e+00
9.317944305260983384e+00
9.237058404355600771e+00
9.085572403482133907e+00
8.910569981286233343e+00
8.795061382907404024e+00
8.711290828511478068e+00
8.629007741816417720e+00
8.563441925929810239e+00
8.543519245861673994e+00
8.532442237086250714e+00
8.504883891452315936e+00
8.468542276011355341e+00
8.437128791531490535e+00
8.409067051102050883e+00
8.375513642185252294e+00
8.338321004468642883e+00
8.298863988194280950e+00
8.249142078966889002e+00
8.157701499813640567e+00
8.050774038824112466e+00
7.971297191745885691e+00
7.913708443736785725e+00
7.872427840479675254e+00
7.849903808829296281e+00
7.831753349846328760e+00
7.813662369463296287e+00
7.794998025704037659e+00
7.775321307503302748e+00
7.757375528394827136e+00
7.743126256094292614e+00
7.733681061289786385e+00
7.723720765247768405e+00
7.714555232510038607e+00
7.708970432020656460e+00
7.705266574494126885e+00
7.702376246242079283e+00
7.698827532379276306e+00
7.693081181301851146e+00
7.686355585024660542e+00
7.681373315194682583e+00
7.677327673632799332e+00
7.672475622194243172e+00
7.666516108591872936e+00
7.658195574817708184e+00
7.648097403025961860e+00
7.641112047555323805e+00
7.636141727026810599e+00
7.631373748604246110e+00
7.628264244090312118e+00
7.626782650178667744e+00
7.624726478670658558e+00
7.620089186133821357e+00
7.610900661568042125e+00
7.606529687894795444e+00
7.603604416043724612e+00
7.598145697208339655e+00
7.592201192715089419e+00
7.587241628578551556e+00
7.581928051145178316e+00
7.574799578479783690e+00
7.563197396089116786e+00
7.545937684641882193e+00
7.528205571492855519e+00
7.513475968381582604e+00
7.502666052782012152e+00
7.489986588190379990e+00
7.476456275323291933e+00
7.453734085000506049e+00
7.424641565444233926e+00
7.401459132116284145e+00
7.354519479168563301e+00
7.291932445734219392e+00
7.235187442396655122e+00
7.174266288493469368e+00
7.106710922961962495e+00
7.038226615406204090e+00
6.970035225568065762e+00
6.893525969892965399e+00
6.821228490543318479e+00
6.762481248705621617e+00
6.711165855083250698e+00
6.671022804634374026e+00
6.633649205663889603e+00
6.546241514051822641e+00
6.412524384866830296e+00
6.372634039176579002e+00
6.325919804247986278e+00
6.283088553298035173e+00
6.246975943798979358e+00
6.187374051182667145e+00
6.131304216276441288e+00
6.092218706021420793e+00
6.041092523448375218e+00
5.981986133727372312e+00
5.910192029371408751e+00
5.854772278387494922e+00
5.804267588248277043e+00
5.755873331829530315e+00
5.696257634495342614e+00
5.629255631750631039e+00
5.571161252412725418e+00
5.531879815677300805e+00
5.492229415365499356e+00
5.449634192706263036e+00
5.410768800392774303e+00
5.357391639322501398e+00
5.296513818837951248e+00
5.237060920436777955e+00
5.168789075934832056e+00
5.084769254823488183e+00
4.982891469131742745e+00
4.841113467464164266e+00
4.703124508184187036e+00
4.616251744703292914e+00
4.520503183630228072e+00
4.433052616138875912e+00
4.369004226491856713e+00
4.265737364317490510e+00
4.227830165557194597e+00
4.201276925567632325e+00
4.181883586910286610e+00
4.169442238953297242e+00
4.162056337360551694e+00
4.148910993109356404e+00
4.132186019764746199e+00
4.108507519877804270e+00
4.074527546060396688e+00
4.029509583096885450e+00
3.958889123938727383e+00
3.873035629764634891e+00
3.798216133671251438e+00
3.291262262039732711e+00
2.898518952423651207e+00
2.302724775947721625e+00
1.658455962947867235e+00
1.346454689173969266e+00
1.018263488441297104e+00
8.233679248689433905e-01
7.115237910437490765e-01
5.918611961478252859e-01
3.845146986856525229e-01
-1.131501433763886233e-01
