4.791030000000000122e+00
4.819580000000000197e+00
6.260930000000000106e-01
5.190400000000000347e+00
5.418829999999999814e+00
5.959800000000000431e+00
5.707580000000000098e+00
5.754639999999999755e-01
2.032879999999999965e-01
1.360899999999999888e-01
9.012190000000000478e-02
4.332939999999999708e-02
4.137369999999999937e-02
1.776079999999999881e-01
4.714979999999999866e-02
4.684259999999999813e-02
1.974909999999999860e-02
1.584620000000000126e-02
2.638209999999999861e-02
1.537370000000000056e-02
1.321549999999999982e-02
1.942549999999999832e-02
2.672259999999999913e-02
5.371569999999999817e-02
2.622429999999999900e-02
1.818960000000000021e-02
4.489619999999999722e-02
2.157380000000000131e-01
3.269909999999999872e+00
1.029590000000000005e+00
3.618669999999999831e+00
4.176599999999999646e+00
4.836520000000000152e+00
3.894730000000000025e+00
3.139920000000000044e+00
3.551709999999999923e+00
7.836929999999999730e+00
1.182620000000000005e+01
8.333759999999999835e+00
9.557130000000000791e+00
7.409970000000000390e+00
6.975340000000000096e+00
7.299140000000000406e+00
7.617639999999999745e+00
6.035809999999999675e+00
8.440759999999999152e+00
5.697639999999999816e+00
4.348889999999999922e+00
6.703170000000000073e+00
1.009660000000000046e+01
1.526939999999999920e+01
1.312809999999999988e+01
9.161089999999999733e+00
8.515610000000000568e+00
9.427369999999999806e+00
1.545620000000000083e+01
2.669770000000000110e+01
2.401859999999999928e+01
1.527050000000000018e+01
9.503859999999999530e+00
8.322860000000000369e+00
1.346690000000000076e+01
7.195809999999999818e+00
8.218500000000000583e+00
5.428300000000000125e+00
3.250220000000000109e+00
3.309410000000000185e+00
5.015600000000000058e+00
9.836420000000000385e+00
1.679169999999999874e+01
1.229049999999999976e+01
1.301950000000000074e+01
1.110699999999999932e+01
5.762190000000000367e+00
8.869659999999999656e+00
8.702809999999999491e+00
1.090579999999999927e+01
7.067759999999999820e+00
5.744110000000000049e+00
1.012209999999999965e+01
4.418280000000000207e+00
3.124849999999999905e+00
1.637049999999999894e+00
1.233889999999999931e+00
1.117329999999999934e+00
1.230240000000000000e+00
7.825600000000000334e-01
9.905169999999999808e-01
1.532459999999999933e+00
2.490250000000000075e+00
1.897590000000000110e+00
1.773779999999999912e+00
1.236790000000000056e+00
6.981939999999999813e-01
4.079099999999999948e-01
1.825489999999999891e-01
9.817159999999999775e-02
6.115469999999999934e-02
2.790520000000000153e-02
3.159700000000000009e-02
4.255679999999999880e-02
4.727239999999999914e-02
5.289010000000000239e-02
4.680270000000000263e-02
4.718200000000000172e-02
5.528559999999999724e-02
4.294540000000000163e-02
4.252559999999999674e-02
6.182390000000000108e-02
5.493870000000000003e-02
5.284409999999999802e-02
3.896000000000000157e-02
2.607359999999999886e-02
3.147490000000000010e-02
3.604389999999999677e-02
2.327339999999999964e-02
1.356910000000000061e-02
1.259719999999999937e-02
9.190310000000000146e-03
9.018860000000000071e-03
6.823799999999999658e-03
1.039029999999999988e-02
1.139390000000000021e-02
1.258669999999999928e-02
1.487549999999999983e-02
1.628140000000000143e-02
1.850009999999999849e-02
1.940800000000000164e-02
2.415549999999999989e-02
2.907529999999999837e-02
5.029009999999999730e-02
6.338570000000000315e-02
6.029090000000000144e-02
8.176849999999999397e-02
7.988919999999999355e-02
8.041629999999999612e-02
7.160099999999999798e-02
5.866470000000000018e-02
5.625940000000000107e-02
4.509359999999999757e-02
3.635370000000000268e-02
2.537760000000000016e-02
3.888760000000000133e-02
4.047529999999999878e-02
2.476940000000000044e-02
2.154920000000000099e-02
1.804330000000000170e-02
1.220929999999999932e-02
1.197840000000000016e-02
8.864079999999999876e-03
8.759990000000000485e-03
6.765789999999999825e-03
1.105279999999999978e-02
1.164519999999999965e-02
1.344009999999999996e-02
1.643319999999999850e-02
1.503640000000000011e-02
1.668050000000000088e-02
1.057589999999999919e-02
7.711629999999999700e-03
6.624709999999999800e-03
6.237780000000000061e-03
4.001470000000000027e-03
2.257789999999999971e-03
2.271599999999999921e-03
2.568239999999999846e-03
2.610809999999999867e-03
3.380419999999999866e-03
3.491909999999999979e-03
4.324279999999999791e-03
5.167569999999999802e-03
6.608880000000000136e-03
1.115979999999999923e-02
1.183370000000000082e-02
1.430750000000000077e-02
9.309019999999999448e-03
5.292859999999999926e-03
3.584350000000000036e-03
5.225729999999999612e-03
3.116830000000000121e-03
3.252380000000000028e-03
3.135559999999999910e-03
2.093450000000000172e-03
1.283649999999999895e-03
6.547379999999999780e-04
4.913190000000000439e-04
4.048619999999999736e-04
5.360799999999999767e-04
3.889179999999999786e-04
5.161659999999999773e-04
4.643879999999999861e-04
6.670520000000000095e-04
6.436019999999999545e-04
1.318699999999999907e-03
1.330699999999999982e-03
1.614379999999999895e-03
1.631250000000000104e-03
2.765510000000000104e-03
2.389210000000000118e-03
2.673109999999999809e-03
1.772560000000000064e-03
1.798319999999999953e-03
2.059270000000000198e-03
6.483220000000000042e-04
7.641739999999999514e-04
3.121299999999999812e-04
1.783389999999999878e-04
2.052649999999999939e-04
1.035780000000000034e-04
6.521850000000000585e-05
3.490179999999999845e-05
2.639950000000000025e-05
