1.417419999999999965e-02
1.519620000000000137e-01
2.425140000000000073e-01
8.520229999999999748e-01
7.850329999999999808e-01
8.178079999999999794e-01
1.838039999999999896e+00
2.951589999999999936e+00
1.967600000000000016e+00
8.688510000000000399e-01
9.698639999999999484e-01
1.767120000000000024e+00
3.142450000000000188e+00
3.112490000000000201e+00
2.338459999999999983e+00
1.402719999999999967e+00
1.294559999999999933e+00
1.068330000000000002e+00
8.091950000000000531e-02
3.588829999999999798e-02
2.193399999999999864e-02
3.702609999999999929e-02
5.490289999999999754e-02
5.256410000000000249e-02
2.378869999999999943e-02
7.640719999999999734e-01
7.921049999999999480e-01
2.259930000000000216e+00
3.249550000000000161e+00
2.004939999999999944e+00
8.087840000000000307e-02
1.456020000000000092e-01
2.049640000000000128e+00
1.204190000000000094e+00
1.844649999999999901e+00
5.674999999999999822e+00
9.535489999999999355e+00
8.312789999999999679e+00
7.851259999999999906e+00
1.090639999999999965e+01
7.402750000000000163e+00
9.299269999999999925e+00
1.363230000000000075e+01
9.370739999999999625e+00
5.625210000000000043e+00
7.349700000000000344e+00
1.085459999999999958e+01
1.037289999999999957e+01
6.554730000000000167e+00
4.565389999999999837e+00
5.137809999999999988e+00
1.883110000000000062e+00
3.578699999999999937e-02
3.463979999999999837e+00
6.183980000000000032e+00
5.571640000000000370e+00
4.695960000000000356e+00
3.174679999999999946e+00
4.339080000000000048e+00
6.576089999999999769e+00
9.372030000000000527e+00
8.738509999999999778e+00
6.127159999999999940e+00
5.486919999999999575e+00
5.028850000000000264e+00
4.073369999999999713e+00
4.548820000000000086e+00
6.521279999999999966e+00
6.616920000000000357e+00
6.245610000000000106e+00
4.752360000000000362e+00
2.554590000000000138e+00
3.750469999999999970e+00
4.189639999999999809e+00
6.705919999999999881e+00
4.459649999999999892e+00
2.373190000000000133e+00
1.600119999999999987e+00
5.285520000000000218e-01
3.277829999999999910e-01
2.331459999999999921e-01
6.919410000000000283e-01
1.317909999999999915e+00
1.428849999999999953e+00
8.458909999999999485e-01
6.369329999999999714e-01
5.549079999999999568e-01
4.690810000000000257e-01
4.264140000000000152e-01
9.491589999999999749e-01
9.788259999999999739e-01
1.156039999999999957e+00
1.310869999999999980e+00
1.136879999999999891e+00
1.484590000000000076e+00
1.027619999999999978e+00
6.890669999999999851e-01
1.271309999999999940e+00
1.529819999999999958e+00
2.221839999999999815e+00
2.511800000000000033e+00
2.226259999999999906e+00
2.542609999999999815e+00
3.060400000000000009e+00
4.270920000000000272e+00
2.899869999999999948e+00
2.511489999999999778e+00
1.203699999999999992e+00
8.527780000000000360e-01
4.360789999999999944e-01
3.044540000000000024e-01
2.736410000000000231e-01
2.532170000000000254e-01
3.368599999999999928e-01
3.708460000000000090e-01
3.755189999999999917e-01
3.780600000000000072e-01
1.902480000000000004e-01
1.506949999999999956e-01
2.429169999999999940e-01
5.334590000000000165e-01
4.832779999999999854e-01
5.285440000000000138e-01
4.490469999999999740e-01
4.301340000000000163e-01
3.639490000000000225e-01
5.056380000000000319e-01
4.052180000000000226e-01
3.240580000000000127e-01
1.853009999999999935e-01
1.291319999999999968e-01
7.410170000000000645e-02
6.776250000000000329e-02
5.515880000000000088e-02
6.404899999999999483e-02
5.227609999999999896e-02
8.502519999999999523e-02
7.580080000000000151e-02
5.638440000000000119e-02
4.421540000000000192e-02
2.030780000000000085e-02
2.264499999999999846e-02
2.204690000000000122e-02
3.351289999999999825e-02
2.202580000000000163e-02
2.237770000000000037e-02
2.741510000000000127e-02
1.534789999999999939e-02
2.296159999999999868e-02
2.443760000000000029e-02
1.341140000000000040e-02
1.769710000000000033e-02
1.201559999999999954e-02
7.239830000000000050e-03
5.763090000000000226e-03
4.817880000000000079e-03
3.813459999999999853e-03
4.727180000000000097e-03
6.087630000000000124e-03
7.148009999999999781e-03
6.182370000000000400e-03
4.982870000000000354e-03
4.600390000000000208e-03
4.568449999999999941e-03
4.905399999999999865e-03
5.779750000000000165e-03
5.686540000000000344e-03
6.182660000000000412e-03
4.405809999999999588e-03
5.318050000000000381e-03
5.591259999999999807e-03
2.098759999999999862e-03
1.869530000000000107e-03
9.746859999999999986e-04
9.572489999999999688e-04
1.051760000000000108e-03
1.220919999999999905e-03
1.657550000000000039e-03
2.765319999999999931e-03
2.120410000000000090e-03
1.743580000000000000e-03
1.941400000000000027e-03
3.604200000000000112e-03
2.420209999999999896e-03
1.839560000000000067e-03
2.003870000000000044e-03
1.347450000000000037e-03
8.538699999999999546e-04
1.047339999999999903e-03
1.242239999999999924e-03
1.399810000000000030e-03
1.533220000000000069e-03
1.150159999999999898e-03
8.303050000000000404e-04
1.937480000000000105e-03
1.684409999999999900e-03
1.564770000000000050e-03
1.362120000000000084e-03
1.154330000000000070e-03
1.292549999999999949e-03
1.665019999999999912e-03
7.839910000000000498e-04
7.469790000000000457e-04
8.258820000000000050e-04
4.254409999999999811e-04
4.697190000000000067e-04
2.483769999999999836e-04
3.718130000000000263e-04
2.090849999999999946e-04
1.592540000000000036e-04
8.933140000000000329e-05
1.524709999999999976e-04
9.568119999999999457e-05
1.559900000000000024e-04
2.365479999999999992e-04
1.341210000000000123e-04
2.839210000000000214e-04
2.700930000000000041e-04
6.551260000000000156e-04
6.162299999999999462e-04
2.182200000000000079e-04
2.391989999999999980e-04
1.381990000000000096e-04
1.703700000000000104e-04
9.498549999999999376e-05
5.932000000000000125e-05
3.367479999999999817e-05
2.904380000000000134e-05
