9.967668700791687542e+00
9.964276134016666120e+00
9.963003501229705350e+00
9.956321175342880636e+00
9.944392842865562798e+00
9.938999285661759941e+00
9.934087191804872319e+00
9.920199008037249300e+00
9.908246895893343620e+00
9.904872360550045940e+00
9.905495816816053178e+00
9.905581107762813531e+00
9.905365148831407396e+00
9.907231800941028510e+00
9.908255479169909563e+00
9.909312606367846499e+00
9.909421227276439481e+00
9.907168345883116345e+00
9.904673357713388526e+00
9.901091986392719591e+00
9.896122599078420734e+00
9.890470761394718480e+00
9.880620402561888227e+00
9.870960756144800285e+00
9.868942876557470711e+00
9.868021640415552298e+00
9.865719726545426838e+00
9.862100953771227196e+00
9.849372726166366832e+00
9.816004528392378248e+00
9.774408196011766137e+00
9.740126527022283653e+00
9.699368503787130891e+00
9.643150539341174721e+00
9.591234950681098326e+00
9.543583846395737424e+00
9.488949576592375479e+00
9.439885080817301599e+00
9.393022112796701961e+00
9.358408883488118946e+00
9.329517878586420565e+00
9.310769758433137255e+00
9.264839065154907516e+00
9.238843668857748881e+00
9.242687990375582530e+00
9.247108724737856278e+00
9.249865801395557696e+00
9.246811140625920800e+00
9.238868725802413806e+00
9.224390605156481016e+00
9.197985885934160777e+00
9.159482972841535897e+00
9.105847270810036420e+00
9.022609804860138638e+00
8.900782650693960463e+00
8.742359793353401187e+00
8.594612404645769033e+00
8.516930488019040624e+00
8.462594134902827747e+00
8.431574426306669423e+00
8.417979595373759949e+00
8.411451342137937104e+00
8.402440223353806914e+00
8.394481449992174049e+00
8.385999284138968335e+00
8.373838490372930821e+00
8.355476423815940024e+00
8.321281447595193725e+00
8.278762743898312237e+00
8.244299391742689664e+00
8.216010109151618224e+00
8.187833638515979118e+00
8.156343160892465249e+00
8.128964388487725401e+00
8.108990991592115449e+00
8.094114602314334661e+00
8.083352095660051972e+00
8.073967494267524359e+00
8.063490982619365255e+00
8.048224213353437406e+00
8.026059081385691130e+00
8.002161740396880774e+00
7.983516233873602097e+00
7.960058168322660777e+00
7.933475139581402935e+00
7.915658857092055634e+00
7.902036632217803280e+00
7.891089552237503746e+00
7.879096453204425643e+00
7.866064521363909989e+00
7.853854505332661162e+00
7.841683505940260979e+00
7.828776508921485799e+00
7.821183915987870883e+00
7.817860087404960190e+00
7.814025062720966197e+00
7.771383145397619430e+00
7.760720204824415269e+00
7.745528376744705845e+00
7.723419547740385305e+00
7.695742525064916073e+00
7.663689620396994862e+00
7.622450281226138102e+00
7.578362961256628338e+00
7.545602732018883430e+00
7.511811195284872511e+00
7.466134778931587057e+00
7.411665153007753304e+00
7.356429353111421321e+00
7.304425895809397495e+00
7.244492358738303217e+00
7.178694995794196565e+00
7.104749930161462501e+00
7.020775488193558012e+00
6.919602591631395683e+00
6.800274312077814187e+00
6.711991027418753752e+00
6.657548220472688350e+00
6.625217760325980088e+00
6.602680588815560192e+00
6.584060837138880906e+00
6.561925045741622498e+00
6.542586437028913515e+00
6.529526596911845893e+00
6.517840920237937041e+00
6.509002135929435440e+00
6.503255313298059725e+00
6.500045639816192100e+00
6.495232032763933461e+00
6.491713189989565258e+00
6.490364474402621653e+00
6.489329773330576145e+00
6.488048449434444365e+00
6.485278390521728831e+00
6.479952293193310453e+00
6.469288757869963824e+00
6.453937227266314025e+00
6.427489354931801735e+00
6.396629939736806492e+00
6.368061774612368886e+00
6.331645907243618865e+00
6.294541174071779821e+00
6.257851298543531726e+00
6.221865252493116394e+00
6.190720987727726055e+00
6.172062645820660443e+00
6.157780026431999509e+00
6.144720504404367567e+00
6.130279076116581294e+00
6.117161879447015949e+00
6.021023822031585482e+00
5.998479046312413132e+00
5.972952252249029925e+00
5.959623243329950526e+00
5.950694831742231905e+00
5.940690765404612605e+00
5.931056445943478472e+00
5.923469399398237023e+00
5.915878719800266694e+00
5.906921428250777595e+00
5.897757909670298559e+00
5.891108526468739726e+00
5.883383738544849528e+00
5.874594870305368310e+00
5.866903186779373058e+00
5.861555915968060582e+00
5.855148302501629765e+00
5.846274623670524306e+00
5.837439439571881827e+00
5.829600278637463440e+00
5.821502392506058499e+00
5.809823577774752223e+00
5.793368453322691458e+00
5.771735894580772630e+00
5.748551596411347830e+00
5.722522867133024604e+00
5.689205824080328711e+00
5.650569769463976932e+00
5.614160821317714323e+00
5.566448098986405135e+00
5.520843657845361463e+00
5.431249545776966947e+00
5.377843321833933210e+00
5.343871200863121729e+00
5.324504691337137885e+00
5.306028083342861912e+00
5.288168710378027271e+00
5.271969321426966282e+00
5.255631855713723155e+00
5.237020661388601006e+00
5.215642850006438458e+00
5.197608567834987703e+00
5.186280931610695255e+00
5.175943573823921895e+00
5.162692824005013392e+00
5.149951559109739563e+00
5.139655587538154435e+00
5.125406436984198955e+00
5.101740202143869141e+00
5.079814130800684779e+00
5.067665881974249054e+00
5.057102905407038662e+00
5.044433917613106111e+00
5.030154270922102100e+00
5.017575868391074501e+00
5.002908696607174299e+00
4.987174053776072036e+00
4.977572718892295356e+00
4.973085346102132931e+00
4.967495090157894033e+00
4.961788309188598589e+00
4.959269456342872751e+00
4.956145369979137350e+00
4.953458624708268587e+00
4.951684718401332397e+00
4.949799709248014601e+00
4.948566995624921638e+00
4.945285867275441838e+00
4.940384981374576157e+00
4.934147844211648426e+00
4.926177753987388996e+00
4.919182729042500313e+00
4.913327912280067267e+00
4.907871211387432098e+00
4.845264280937525037e+00
4.636712507922924331e+00
4.350026937201882937e+00
4.133318511873352641e+00
3.668434376031501465e+00
