6.839199999999999946e+00
1.484609999999999985e+00
2.793829999999999814e+00
2.179580000000000073e+00
1.988499999999999934e+00
1.729479999999999906e-02
1.093039999999999984e-01
1.157870000000000080e-02
1.935709999999999861e-02
8.255240000000000494e-03
1.075060000000000078e-02
8.181960000000000274e-03
7.746379999999999759e-03
7.600069999999999569e-03
9.812140000000000445e-03
1.231510000000000070e-02
1.908299999999999927e-02
2.094899999999999887e-02
2.629540000000000002e-02
1.727220000000000144e-02
1.288319999999999917e-02
1.575529999999999986e-02
1.305639999999999926e-02
1.435640000000000006e-02
2.434189999999999965e-02
1.753350000000000047e-02
2.763869999999999869e-02
1.620380000000000084e-02
8.930509999999999143e-03
6.409029999999999588e-03
6.096309999999999750e-03
6.166839999999999822e-03
7.481419999999999911e-03
8.122539999999999275e-03
4.873330000000000370e-03
6.336259999999999809e-03
1.116439999999999967e-02
1.021550000000000062e-02
8.898500000000000160e-03
1.475130000000000018e-02
8.990980000000000846e-03
4.084789999999999949e-02
4.703769999999999563e+00
5.526720000000000077e+00
2.762569999999999956e-02
1.800289999999999876e-02
1.133750000000000036e-01
1.706330000000000000e-02
2.760639999999999969e-02
1.229569999999999969e-02
2.980239999999999972e-02
9.850430000000000297e-02
8.311640000000000583e+00
7.674549999999999983e+00
8.593920000000000670e+00
1.596310000000000073e+01
1.597840000000000060e+01
2.039590000000000103e+01
1.000609999999999999e+01
7.466330000000000133e+00
1.189540000000000042e+01
1.069989999999999952e+01
8.944850000000000634e+00
5.764840000000000408e+00
7.501000000000000334e+00
3.775850000000000151e+00
2.925850000000000062e+00
6.598969999999999558e+00
7.867300000000000182e+00
5.477430000000000021e+00
5.184840000000000337e+00
6.439840000000000231e+00
6.552800000000000402e+00
4.806580000000000297e+00
4.924500000000000099e+00
6.029230000000000089e+00
1.019519999999999982e+01
7.847369999999999735e+00
7.997989999999999711e+00
1.042370000000000019e+01
9.497289999999999566e+00
7.935559999999999725e+00
7.213739999999999597e+00
4.619650000000000034e+00
6.335499999999999687e+00
3.684320000000000039e+00
5.021460000000000257e+00
4.756409999999999805e+00
5.348119999999999763e+00
8.480949999999999989e+00
4.159390000000000143e+00
3.719170000000000087e+00
3.166840000000000099e+00
2.517570000000000086e+00
1.553299999999999903e+00
1.422800000000000065e+00
1.086079999999999934e+00
1.713840000000000030e+00
1.010320000000000107e+00
1.099310000000000009e+00
6.547979999999999912e-01
5.670889999999999542e-01
5.506459999999999688e-01
3.377269999999999994e-01
3.360279999999999934e-01
3.042259999999999964e-01
2.885460000000000247e-01
7.214279999999999582e-01
7.808190000000000408e-01
9.209319999999999729e-01
1.176609999999999934e+00
8.287290000000000489e-01
9.896209999999999729e-01
1.069730000000000070e+00
1.887869999999999937e+00
1.767840000000000078e+00
2.739230000000000054e+00
2.352869999999999795e+00
2.900819999999999954e+00
3.876139999999999919e+00
3.539930000000000021e+00
3.240120000000000111e+00
2.559439999999999937e+00
3.533770000000000078e+00
1.349099999999999966e+00
1.755859999999999976e+00
9.912419999999999565e-01
8.436500000000000110e-01
7.908119999999999594e-01
7.453359999999999985e-01
6.248899999999999455e-01
7.728129999999999722e-01
6.077970000000000317e-01
3.748719999999999830e-01
3.936930000000000152e-01
2.799550000000000094e-01
3.239540000000000197e-01
5.288599999999999968e-01
7.084070000000000089e-01
1.113709999999999978e+00
1.046659999999999924e+00
5.636200000000000099e-01
5.833289999999999864e-01
6.333299999999999486e-01
5.241059999999999608e-01
7.686669999999999892e-01
3.694149999999999934e-01
3.609060000000000046e-01
4.656730000000000036e-01
2.927719999999999767e-01
4.721389999999999754e-01
5.123860000000000081e-01
6.232029999999999514e-01
7.072270000000000501e-01
7.723499999999999810e-01
7.337989999999999791e-01
5.243860000000000188e-01
4.577220000000000177e-01
5.770149999999999446e-01
4.041339999999999932e-01
1.843349999999999989e-01
7.389089999999999547e-02
9.507960000000000023e-02
9.688919999999999477e-02
6.448710000000000553e-02
9.893380000000000229e-02
9.334879999999999567e-02
1.573579999999999979e-01
8.448590000000000266e-02
9.892700000000000105e-02
1.458359999999999934e-01
1.610129999999999895e-01
2.690100000000000269e-01
1.990740000000000010e-01
1.864419999999999966e-01
1.518269999999999897e-01
2.458730000000000082e-01
1.173970000000000014e-01
1.467380000000000073e-01
1.049009999999999942e-01
4.105369999999999853e-02
3.298000000000000237e-02
2.749539999999999970e-02
2.408690000000000137e-02
3.307399999999999923e-02
1.728000000000000022e-02
4.128439999999999714e-03
3.011359999999999818e-03
2.561219999999999903e-03
1.333559999999999910e-03
3.603610000000000146e-03
2.571879999999999913e-03
2.507479999999999865e-03
3.469840000000000077e-03
2.886210000000000164e-03
5.239240000000000043e-03
4.572340000000000258e-03
2.468960000000000078e-03
1.238799999999999971e-03
1.633839999999999902e-03
4.058989999999999842e-04
4.225909999999999931e-04
3.103690000000000095e-04
1.931690000000000067e-04
2.422810000000000068e-04
