1.058107997176599113e+01
1.057447691466949991e+01
1.056756037293436634e+01
1.056038731313870116e+01
1.055286889408098006e+01
1.054491842843037652e+01
1.053524726942299594e+01
1.052045077928235806e+01
1.050111405932613273e+01
1.048086748847500793e+01
1.046695061751158384e+01
1.046402579413835099e+01
1.046475028429787102e+01
1.046555980526797036e+01
1.046638265925691336e+01
1.046721876774950921e+01
1.046809761316531606e+01
1.046901450851479431e+01
1.046995743585390670e+01
1.047091594250259128e+01
1.047187526883531206e+01
1.047278276939733388e+01
1.047375986940809689e+01
1.047476679859008009e+01
1.047580479684168253e+01
1.047685046008617782e+01
1.047792251226260518e+01
1.047906687229329137e+01
1.048021541178859017e+01
1.048129353814170983e+01
1.048216441918880548e+01
1.048279214575835994e+01
1.048365860383744064e+01
1.048491027025164080e+01
1.048619094864365131e+01
1.048736183110148623e+01
1.048842943552392271e+01
1.048967307246106095e+01
1.049109122629287150e+01
1.049257043093156128e+01
1.049406271431349857e+01
1.049542777003036420e+01
1.049703060289000156e+01
1.049875014057519707e+01
1.050054245951646514e+01
1.050239161017888812e+01
1.050435122813272493e+01
1.050649014978444917e+01
1.050878550704595327e+01
1.051121470113638878e+01
1.051382731565233541e+01
1.051686047727425155e+01
1.051791736243537478e+01
1.051688029278109759e+01
1.051670059911441868e+01
1.051234680649187325e+01
1.049608790598005115e+01
1.047326940338263590e+01
1.044620463987737047e+01
1.041533566564993585e+01
1.038700163569881951e+01
1.035555304159685974e+01
1.031474966977388519e+01
1.028850632692908995e+01
1.027134897199480257e+01
1.024592948913048218e+01
1.021890819783465965e+01
1.019990594777465631e+01
1.018836311144299778e+01
1.017324455906156722e+01
1.015955817040134868e+01
1.014876610137199187e+01
1.013462647502908887e+01
1.011989563919421897e+01
1.009937673580081885e+01
1.007398947069423834e+01
1.005297850582174846e+01
1.003732289240433850e+01
1.002254796098608125e+01
1.001009209020673474e+01
1.000288281210556818e+01
1.000167314959486653e+01
1.000569089473255424e+01
1.000773497935001544e+01
1.000451482823099525e+01
9.997638848437054193e+00
9.990914424080839851e+00
9.983488716202776558e+00
9.961531196305225322e+00
9.918585962065327166e+00
9.832813450712180270e+00
9.689379903534362626e+00
9.546705493380146734e+00
9.421959113434871469e+00
9.308833230126463576e+00
9.197087495449888905e+00
9.115703683637001120e+00
9.064570292244026106e+00
9.015007481915326082e+00
8.970018939161457538e+00
8.941353885353491293e+00
8.923926019647625552e+00
8.908455528745943042e+00
8.895740691086468033e+00
8.885112334182352356e+00
8.872669544408596565e+00
8.860867223751014876e+00
8.853022522729149912e+00
8.842734642754891183e+00
8.828539385650445936e+00
8.814387453334587619e+00
8.804830208589560669e+00
8.791951568278834728e+00
8.773414869239605451e+00
8.756863463873498787e+00
8.735157195653394879e+00
8.707817057676985328e+00
8.688734749279765524e+00
8.674218865106706033e+00
8.659597727417494895e+00
8.647255793201217955e+00
8.635638537166911988e+00
8.624334703144736380e+00
8.609870690542605232e+00
8.586517541924136410e+00
8.562590224606333678e+00
8.548914921960681923e+00
8.536352608916535800e+00
8.521128926796137648e+00
8.487445243917798976e+00
8.460376075524846939e+00
8.390148781677973844e+00
8.257042263435163676e+00
8.095416950783349108e+00
7.902440230927731513e+00
7.705508779471753833e+00
7.579653288725078042e+00
7.512118484485992731e+00
7.454575056487875884e+00
7.386935715674446179e+00
7.329849229636358210e+00
7.303077204360225672e+00
7.299138874698122059e+00
7.291435454927121640e+00
7.281349309539129067e+00
7.217497104453355128e+00
7.178251558989796166e+00
7.141709958565750860e+00
7.099179774498080242e+00
7.042811691807147945e+00
7.004699604225055332e+00
6.975539794239897340e+00
6.952143179141134333e+00
6.939794717599897744e+00
6.921210311009354577e+00
6.867303049458705289e+00
6.773255315969423762e+00
6.669529790759111343e+00
6.534167038413352557e+00
6.370929235527386325e+00
6.224874769951845188e+00
6.117682189124298731e+00
6.056836273109327706e+00
6.013793305986549598e+00
5.976182557628131775e+00
5.946575559630963959e+00
5.928764948107239086e+00
5.919764572014128312e+00
5.902104650190373114e+00
5.895883669967166618e+00
5.888766770699097819e+00
5.883228628196689236e+00
5.876335638543052298e+00
5.864425637673802427e+00
5.852209695416703106e+00
5.837359868501208915e+00
5.825563719927919770e+00
5.819185165434365814e+00
5.806112110169091345e+00
5.777972429012002031e+00
5.725667477117025506e+00
5.641225162648167313e+00
5.531250213562788787e+00
5.283201691479037621e+00
5.048329136522517580e+00
4.841368231350273277e+00
4.641340231982817421e+00
4.418155396914704269e+00
4.221964256586796083e+00
4.136920233312303630e+00
4.090948987332907016e+00
4.047083969563978201e+00
3.995191022066946651e+00
3.935717308758044819e+00
3.869486939453645302e+00
3.802349482590511975e+00
3.752399584729629201e+00
3.701300245904391328e+00
3.649050429295228160e+00
3.594906106497103515e+00
3.546632720893462931e+00
3.491567584663497037e+00
3.432651867493742959e+00
3.383942764268848880e+00
3.333618540170296018e+00
3.264125705045346049e+00
3.196159598046639516e+00
3.142836671747059274e+00
3.122258486207299732e+00
3.120146006188111887e+00
3.116717299877442837e+00
3.108287581958379953e+00
3.095883866701291343e+00
3.078387934500978584e+00
3.056241474421248050e+00
3.030636147748089204e+00
2.991452027297706540e+00
2.929671254131911873e+00
2.846384745806790129e+00
2.738818597211039485e+00
2.559474508457754816e+00
2.324307153807612991e+00
2.095127489705190804e+00
1.879062603350837524e+00
1.741908392795942673e+00
1.547572889962387066e+00
1.358020554558914350e+00
1.120524576755895785e+00
8.924023972460579657e-01
7.169344076611672278e-01
5.811870690958975683e-01
3.924507246560324791e-01
-2.161905058518250392e-02
