2.357019999999999949e-01
6.767220000000000180e-02
1.958489999999999953e-01
4.245619999999999727e+00
4.887179999999999858e+00
5.607840000000000380e+00
3.464909999999999934e-01
2.230999999999999928e-01
2.726630000000000109e+00
4.080320000000000391e+00
2.756829999999999892e+00
5.196259999999999657e+00
5.968630000000000102e+00
5.285619999999999763e+00
4.623750000000000249e+00
3.503130000000000077e+00
1.881429999999999936e+00
1.309490000000000043e+00
5.759999999999999842e-02
9.808609999999999829e-01
1.773810000000000109e+00
2.265629999999999811e+00
1.664299999999999891e+00
3.354779999999999873e+00
1.932010000000000005e+00
2.192169999999999952e+00
2.976370000000000182e+00
1.127860000000000085e+00
3.292689999999999895e+00
3.578619999999999912e+00
3.691580000000000084e+00
3.093059999999999921e+00
5.130489999999999995e+00
1.270149999999999935e+01
1.356450000000000067e+01
7.583870000000000111e+00
7.752710000000000434e+00
1.083740000000000059e+01
6.876009999999999955e+00
6.778590000000000337e+00
4.832110000000000127e+00
3.742030000000000189e+00
4.246760000000000090e+00
3.321089999999999876e+00
4.154279999999999973e+00
1.178479999999999979e-02
1.260280000000000081e-02
1.750200000000000020e-02
5.950200000000000107e-03
5.860770000000000389e-03
3.580419999999999957e-03
1.390319999999999924e-02
2.160950000000000024e-02
2.163260000000000183e+00
8.741369999999999862e+00
8.921900000000000830e+00
1.000810000000000066e+01
1.787809999999999988e+01
1.613690000000000069e+01
2.318459999999999965e+01
1.872830000000000084e+01
9.330849999999999866e+00
8.964140000000000441e+00
3.751160000000000050e+00
1.823020000000000085e+00
1.135219999999999896e+00
1.242340000000000000e+00
7.905820000000000070e-01
7.293939999999999868e-01
3.240709999999999980e-01
1.456069999999999864e-01
2.069239999999999968e-01
1.235910000000000064e-01
1.518690000000000040e-01
1.554669999999999941e-01
2.285659999999999914e-01
1.225610000000000033e-01
1.099350000000000049e-01
5.487600000000000117e-02
2.433719999999999981e-02
7.676879999999999642e-03
8.571519999999999140e-03
6.366769999999999895e-03
9.485399999999999734e-03
1.224659999999999985e-02
1.867330000000000031e-02
3.897119999999999751e-02
3.725839999999999708e-02
4.941600000000000159e-02
7.542190000000000005e-02
1.195190000000000002e-01
7.202949999999999631e-02
3.784330000000000332e-02
3.271129999999999871e-02
2.076029999999999889e-02
1.472410000000000038e-02
4.528429999999999955e-03
2.724639999999999961e-03
2.566049999999999841e-03
2.093479999999999994e-03
1.984109999999999867e-03
2.017049999999999833e-03
2.321890000000000065e-03
1.387599999999999901e-03
2.878470000000000160e-03
2.939059999999999850e-03
4.353949999999999661e-03
7.764570000000000152e-03
1.194100000000000023e-02
8.752690000000000470e-03
6.582539999999999572e-03
7.073979999999999678e-03
5.777710000000000137e-03
7.166119999999999782e-03
5.060249999999999644e-03
2.880240000000000057e-03
1.868730000000000087e-03
1.018220000000000019e-03
1.258500000000000070e-03
4.533529999999999808e-04
4.207479999999999771e-04
6.261500000000000139e-04
5.264929999999999480e-04
5.024849999999999976e-04
6.940139999999999591e-04
7.401130000000000339e-04
9.638459999999999736e-04
1.196000000000000014e-03
1.154889999999999996e-03
1.503559999999999923e-03
1.484360000000000106e-03
1.221089999999999979e-03
1.193260000000000024e-03
1.137699999999999953e-03
1.214269999999999933e-03
1.672850000000000031e-03
1.844750000000000036e-03
1.624030000000000048e-03
2.564320000000000141e-03
2.831649999999999792e-03
2.441780000000000166e-03
3.072590000000000043e-03
3.450679999999999806e-03
3.657670000000000018e-03
5.279859999999999935e-03
3.792559999999999942e-03
3.357029999999999997e-03
5.124150000000000059e-03
7.193650000000000218e-03
7.974840000000000401e-03
9.965210000000000387e-03
1.028959999999999944e-02
1.054320000000000083e-02
6.863679999999999608e-03
8.301569999999999436e-03
7.925700000000000800e-03
1.134770000000000049e-02
7.823570000000000177e-03
6.220240000000000144e-03
4.561950000000000380e-03
2.803749999999999819e-03
2.817940000000000115e-03
2.593250000000000069e-03
2.787809999999999941e-03
2.341039999999999961e-03
1.682090000000000017e-03
3.809519999999999833e-03
2.882490000000000139e-03
2.247980000000000117e-03
3.093339999999999979e-03
3.455380000000000083e-03
3.564030000000000149e-03
3.862899999999999841e-03
2.931800000000000031e-03
2.822100000000000129e-03
2.145059999999999849e-03
1.232940000000000078e-03
1.574789999999999957e-03
1.079620000000000102e-03
1.466140000000000108e-03
1.546080000000000024e-03
1.299119999999999962e-03
8.495469999999999758e-04
6.621720000000000427e-04
1.173519999999999945e-03
1.750679999999999901e-03
1.881120000000000014e-03
4.359550000000000231e-03
5.578539999999999888e-03
4.261799999999999616e-03
4.786170000000000181e-03
6.156980000000000265e-03
6.374939999999999947e-03
4.455910000000000426e-03
2.851680000000000100e-03
1.078420000000000073e-03
1.802929999999999897e-03
1.130429999999999977e-03
1.352949999999999899e-03
2.080990000000000010e-03
2.763879999999999809e-03
2.737770000000000047e-03
4.090960000000000256e-03
3.287689999999999797e-03
4.888909999999999784e-03
4.672840000000000153e-03
3.468109999999999943e-03
4.002030000000000171e-03
4.600840000000000138e-03
3.198680000000000186e-03
1.717369999999999964e-03
1.094829999999999979e-03
1.549360000000000060e-03
1.394180000000000072e-03
1.026989999999999978e-03
1.384870000000000068e-03
7.939759999999999483e-04
5.452389999999999884e-04
1.425290000000000064e-03
