2.653210000000000068e+00
2.750430000000000152e+00
2.850020000000000220e+00
2.952010000000000023e+00
3.056449999999999889e+00
3.224209999999999798e+00
4.056309999999999860e+00
6.048000000000000043e+00
6.670919999999999739e+00
6.539500000000000313e+00
3.160820000000000185e+00
2.339179999999999815e+00
1.707160000000000011e+00
5.957200000000000273e-01
1.185489999999999933e+00
3.861440000000000011e-02
4.621469999999999745e-01
7.037300000000000499e-02
5.842089999999999783e-01
9.574089999999999545e-01
1.302529999999999966e+00
2.601090000000000124e+00
3.514429999999999943e+00
2.129809999999999981e+00
1.855760000000000076e+00
1.528929999999999900e+00
2.377749999999999808e+00
1.306130000000000013e+00
3.987049999999999983e+00
2.406050000000000022e+00
9.756639999999999757e-02
1.472919999999999958e-02
5.210839999999999569e-03
6.770039999999999739e-03
6.195499999999999619e-03
1.367269999999999944e-02
6.390830000000000122e-03
2.094589999999999994e-02
1.653400000000000009e-02
3.601950000000000290e-02
3.618370000000000086e+00
6.303580000000000183e+00
1.118340000000000067e+01
1.621089999999999876e+01
2.009530000000000172e+01
1.514910000000000068e+01
1.938449999999999918e+01
1.604449999999999932e+01
1.870850000000000080e+01
1.377149999999999963e+01
6.494220000000000326e+00
6.011149999999999771e+00
2.889120000000000132e+00
1.620589999999999975e+00
1.942819999999999991e+00
1.518140000000000045e+00
9.673629999999999729e-01
9.561859999999999804e-01
7.282349999999999657e-01
9.250819999999999599e-01
6.362959999999999727e-01
4.828509999999999747e-01
4.803979999999999917e-01
2.837540000000000062e-01
1.798540000000000139e-01
1.146780000000000022e-01
1.119529999999999970e-01
4.647540000000000004e-02
1.156230000000000062e-03
1.504600000000000035e-03
2.895319999999999838e-03
2.723909999999999960e-03
1.712350000000000070e-03
1.565830000000000043e-03
2.010510000000000075e-03
2.086179999999999979e-03
3.858279999999999956e-03
4.141829999999999991e-03
3.033899999999999965e-03
4.040170000000000046e-03
4.100490000000000038e-03
3.027709999999999863e-03
2.156229999999999866e-03
2.663700000000000182e-03
2.455609999999999998e-03
2.947560000000000111e-03
2.083719999999999843e-03
1.886850000000000029e-03
2.935570000000000193e-03
1.727870000000000057e-03
2.285960000000000075e-03
1.938229999999999988e-03
3.162710000000000000e-03
3.395860000000000111e-03
4.313169999999999851e-03
3.315409999999999972e-03
2.541020000000000171e-03
1.919090000000000032e-03
3.274389999999999853e-03
2.194760000000000027e-03
3.075019999999999924e-03
3.252360000000000147e-03
4.071149999999999942e-03
7.145450000000000239e-03
5.275000000000000175e-03
5.524860000000000361e-03
5.821210000000000273e-03
5.610539999999999798e-03
4.892409999999999815e-03
5.149309999999999825e-03
5.756149999999999808e-03
5.317449999999999607e-03
6.348590000000000309e-03
5.826959999999999952e-03
5.783749999999999829e-03
6.316839999999999782e-03
5.793859999999999635e-03
6.093620000000000113e-03
6.370289999999999807e-03
8.149389999999999412e-03
5.057940000000000352e-03
5.692120000000000166e-03
3.176120000000000158e-03
2.695449999999999843e-03
2.817080000000000018e-03
3.100710000000000011e-03
1.966709999999999986e-03
1.717269999999999908e-03
1.948899999999999938e-03
1.269350000000000036e-03
1.481410000000000062e-03
1.654520000000000036e-03
1.481810000000000072e-03
1.459210000000000064e-03
9.473230000000000236e-04
1.524919999999999921e-03
8.855910000000000257e-04
8.624019999999999603e-04
1.381789999999999928e-03
1.325290000000000018e-03
1.366470000000000054e-03
1.764219999999999938e-03
1.847239999999999993e-03
2.265339999999999802e-03
2.887659999999999793e-03
3.105140000000000157e-03
4.051169999999999771e-03
4.687150000000000170e-03
3.928870000000000105e-03
3.565319999999999861e-03
3.275259999999999890e-03
4.123009999999999869e-03
6.072020000000000022e-03
7.070859999999999992e-03
6.590409999999999671e-03
1.008709999999999989e-02
9.834920000000000467e-03
7.159600000000000339e-03
7.740849999999999641e-03
7.196540000000000402e-03
6.733229999999999771e-03
7.639690000000000196e-03
4.169560000000000106e-03
2.935259999999999866e-03
4.301759999999999959e-03
6.376030000000000413e-03
6.056930000000000300e-03
6.130629999999999760e-03
6.543420000000000313e-03
6.364500000000000365e-03
3.709229999999999992e-03
4.076899999999999621e-03
4.737060000000000402e-03
1.015630000000000005e-02
8.726430000000000298e-03
8.487579999999999777e-03
9.354789999999999980e-03
8.346750000000000003e-03
7.003099999999999950e-03
7.571610000000000319e-03
1.038339999999999923e-02
9.956430000000000488e-03
5.833539999999999906e-03
7.307130000000000222e-03
2.966419999999999994e-03
1.506409999999999911e-03
1.765660000000000059e-03
2.121909999999999855e-03
2.338680000000000099e-03
2.759890000000000086e-03
1.965119999999999888e-03
1.780389999999999967e-03
1.120459999999999989e-03
5.812979999999999493e-04
3.820089999999999944e-04
2.307160000000000048e-04
2.157700000000000026e-04
2.062350000000000066e-04
1.316920000000000124e-04
7.115980000000000265e-05
4.452690000000000223e-05
5.095390000000000016e-05
3.658539999999999704e-05
3.081369999999999942e-05
7.167969999999999745e-05
4.876420000000000315e-05
5.102079999999999777e-05
6.383100000000000601e-05
9.326579999999999734e-05
1.252229999999999901e-04
1.169160000000000034e-04
1.555220000000000062e-04
1.361319999999999902e-04
1.928199999999999868e-04
5.725270000000000158e-05
1.786059999999999905e-04
1.551749999999999907e-04
1.064239999999999961e-04
9.989119999999999662e-05
7.700339999999999529e-05
3.283119999999999832e-05
2.510830000000000150e-05
1.686780000000000137e-05
1.185250000000000045e-05
1.237599999999999975e-05
3.585840000000000213e-05
1.740789999999999981e-05
3.405809999999999923e-06
1.428810000000000047e-06
2.809860000000000148e-06
4.188830000000000008e-06
8.313280000000000813e-06
9.012770000000000785e-06
