1.686759999999999926e-01
4.557110000000000327e-02
6.633050000000000057e-02
5.646369999999999861e-02
8.192359999999999920e-02
4.500509999999999927e-02
4.520550000000000263e-02
2.173910000000000078e-02
3.822640000000000066e-02
4.152489999999999654e-02
1.525909999999999940e-02
1.468290000000000046e-02
3.272950000000000165e-02
1.949000000000000038e-02
1.476539999999999971e-02
2.356559999999999905e-02
1.630180000000000171e-02
2.078160000000000077e-02
2.020339999999999983e-02
1.647140000000000049e+00
1.848150000000000140e-02
1.067099999999999993e-02
1.344470000000000040e-02
2.051940000000000014e-02
9.045320000000000027e-01
2.762539999999999996e+00
4.936060000000000336e+00
5.125670000000000393e+00
4.314219999999999722e+00
2.249730000000000008e+00
3.000109999999999832e+00
2.382530000000000037e+00
2.197719999999999896e+00
2.804579999999999920e-02
1.529570000000000062e-02
5.014770000000000338e-02
3.780340000000000089e-02
1.565849999999999881e-02
2.050549999999999942e-02
1.900409999999999947e-02
1.838520000000000085e-02
3.669270000000000170e-02
7.010969999999999702e-02
8.554489999999999483e+00
2.837709999999999955e+00
4.028990000000000293e+00
3.531130000000000102e+00
2.809719999999999926e-02
2.396250000000000116e-02
1.164390000000000043e-02
8.648079999999999656e-02
2.028210000000000082e-02
1.602359999999999896e-02
2.836899999999999977e+00
8.192750000000000032e-02
4.539019999999999833e+00
8.478270000000000195e+00
5.341540000000000177e+00
3.443319999999999936e+00
3.803970000000000268e-02
1.756000000000000061e-01
1.167490000000000021e-02
3.292660000000000142e+00
4.229499999999999815e+00
7.591630000000000322e+00
8.145789999999999864e+00
5.093799999999999883e+00
8.151849999999999596e+00
1.412889999999999979e+01
1.518999999999999950e+01
7.304400000000000226e+00
7.165309999999999846e+00
5.966569999999999929e+00
5.912519999999999776e+00
5.210119999999999862e+00
4.562700000000000422e+00
3.586450000000000138e+00
3.282500000000000195e+00
2.156530000000000058e+00
1.886619999999999964e+00
3.065389999999999837e+00
2.222560000000000091e+00
2.271209999999999951e+00
2.120870000000000033e+00
1.320109999999999895e+00
9.111110000000000042e-01
5.838729999999999754e-01
1.055269999999999930e+00
1.056869999999999976e+00
1.082950000000000079e+00
1.189650000000000096e+00
1.196909999999999918e+00
7.359419999999999851e-01
4.499150000000000094e-01
2.862439999999999984e-01
3.565249999999999808e-01
4.947210000000000218e-01
5.612660000000000426e-01
7.666220000000000256e-01
1.505309999999999926e+00
1.832910000000000039e+00
1.931559999999999944e+00
2.731520000000000170e+00
3.601879999999999971e+00
5.255700000000000038e+00
6.909449999999999648e+00
3.255469999999999864e+00
2.078199999999999825e+00
1.870949999999999891e+00
1.523290000000000033e+00
1.072559999999999958e+00
7.952310000000000212e-01
6.424819999999999975e-01
8.371990000000000265e-01
5.041999999999999815e-01
5.750370000000000203e-01
5.086199999999999610e-01
8.116849999999999898e-01
5.726780000000000204e-01
5.140219999999999789e-01
6.220590000000000286e-01
6.350369999999999626e-01
1.039949999999999930e+00
1.020729999999999915e+00
1.046110000000000095e+00
1.067339999999999955e+00
9.928700000000000303e-01
1.569790000000000019e+00
1.027360000000000051e+00
7.489869999999999584e-01
7.690690000000000026e-01
6.869220000000000326e-01
5.886350000000000193e-01
3.987100000000000088e-01
3.314389999999999836e-01
4.076989999999999781e-01
3.576250000000000262e-01
2.187089999999999868e-01
2.075249999999999873e-01
1.065770000000000051e-01
1.172170000000000017e-01
1.197359999999999952e-01
8.739130000000000509e-02
4.880190000000000222e-02
3.157909999999999884e-02
3.941780000000000284e-02
3.611020000000000202e-02
3.348940000000000250e-02
8.046649999999999636e-02
1.111410000000000037e-01
1.104780000000000068e-01
1.069920000000000038e-01
1.000909999999999994e-01
9.571530000000000316e-02
6.229640000000000177e-02
5.841289999999999677e-02
2.928849999999999856e-02
3.224319999999999964e-02
1.128389999999999949e-02
1.023780000000000003e-02
1.270780000000000000e-02
1.797210000000000127e-02
2.314530000000000060e-02
3.598200000000000010e-02
2.617409999999999876e-02
3.476739999999999692e-02
3.914770000000000055e-02
6.299399999999999444e-02
8.564130000000000353e-02
1.079340000000000022e-01
7.965289999999999870e-02
3.181149999999999950e-02
1.247329999999999967e-02
1.295220000000000052e-02
9.929419999999999566e-03
1.021840000000000075e-02
7.559070000000000199e-03
3.319930000000000016e-03
2.197970000000000045e-03
3.688980000000000124e-03
2.791099999999999918e-03
4.280499999999999583e-03
6.004670000000000146e-03
5.710139999999999834e-03
2.995419999999999940e-03
2.862219999999999955e-03
3.182019999999999814e-03
2.791309999999999972e-03
4.407849999999999616e-03
5.642000000000000313e-03
6.292100000000000123e-03
4.836879999999999999e-03
3.242570000000000174e-03
2.322540000000000108e-03
1.647220000000000021e-03
1.600740000000000019e-03
1.807250000000000046e-03
1.283489999999999978e-03
1.239469999999999895e-03
9.094920000000000261e-04
5.205669999999999915e-04
3.485800000000000270e-04
6.547830000000000360e-04
4.230619999999999823e-04
3.346040000000000104e-04
1.983499999999999966e-04
1.442179999999999938e-04
1.837639999999999977e-04
1.504819999999999866e-04
1.041609999999999943e-04
6.664630000000000597e-05
1.202319999999999968e-04
8.079580000000000323e-05
6.238849999999999398e-05
5.014530000000000251e-05
3.016660000000000015e-05
3.793919999999999752e-05
2.237310000000000099e-05
2.424359999999999943e-05
2.183459999999999928e-05
2.120129999999999977e-05
2.109119999999999891e-05
2.194660000000000092e-05
1.413560000000000066e-05
6.571700000000000116e-06
3.354420000000000149e-06
5.400320000000000330e-06
8.988360000000000793e-06
7.619410000000000119e-06
1.347929999999999985e-05
9.084319999999999914e-07
8.206080000000000382e-07
9.347460000000000244e-07
