1.054827146075675692e+01
1.054180506827386310e+01
1.053873204148029963e+01
1.053601776301429815e+01
1.052873934857172777e+01
1.052014146485090862e+01
1.049806231458198269e+01
1.048340897855871034e+01
1.048372134419846091e+01
1.048448917893998278e+01
1.048538493082113554e+01
1.048639221958030987e+01
1.048747916997156082e+01
1.048847738786519379e+01
1.048947753777754777e+01
1.049063399148716513e+01
1.049183775579588307e+01
1.049311354605452884e+01
1.049443011656193292e+01
1.049579124631635452e+01
1.049721585615751707e+01
1.049869366687239491e+01
1.050022686643435321e+01
1.050180801413193343e+01
1.050307125525836760e+01
1.050211016057699531e+01
1.050400029187107620e+01
1.050601499092001845e+01
1.050580770758439364e+01
1.050475757889638828e+01
1.050400301339812081e+01
1.050086878848943428e+01
1.047420897719495692e+01
1.045666355957726168e+01
1.045401509872748314e+01
1.045211165093641803e+01
1.044695634779546012e+01
1.043488971636211460e+01
1.042160063674765702e+01
1.041017470636369424e+01
1.039906424358929193e+01
1.039019476346932969e+01
1.038142737150175599e+01
1.037199644384345909e+01
1.036357061654320155e+01
1.035459626594385618e+01
1.034553055803462307e+01
1.034056903090264079e+01
1.033541376690609681e+01
1.032546024417984754e+01
1.030742329284382741e+01
1.028501691762917147e+01
1.026774415020553022e+01
1.025534488148575818e+01
1.024325390143548731e+01
1.022466511777210307e+01
1.018598953379287764e+01
1.013037237073332264e+01
1.008191231518552833e+01
1.004965210014949939e+01
1.002795271541500099e+01
9.999103995422588653e+00
9.968626755602713274e+00
9.946577524202107057e+00
9.926205550250820409e+00
9.914997543970670790e+00
9.908741230648720588e+00
9.900395534410579401e+00
9.880666707336542842e+00
9.835623361598559100e+00
9.777370266170064994e+00
9.721097193265077152e+00
9.659401774480565805e+00
9.612615402535354292e+00
9.571471243844907661e+00
9.513518571071358565e+00
9.437082757762460972e+00
9.350360455028033257e+00
9.281122036126314256e+00
9.175195689669463306e+00
9.039287183518691648e+00
8.952878131494614422e+00
8.889213153443401794e+00
8.849936328048713108e+00
8.816956136934132715e+00
8.781909683291168278e+00
8.750612520476316547e+00
8.724412691778951512e+00
8.681708756990184739e+00
8.594827731824388195e+00
8.466179318757680150e+00
8.324455315377493392e+00
8.156997146013893030e+00
8.001564979987314530e+00
7.881489080339317610e+00
7.801794604908907971e+00
7.760580791096655773e+00
7.736938832399950172e+00
7.724613340952579676e+00
7.717649702960020619e+00
7.708632471538808595e+00
7.696812289639238358e+00
7.682982159528499722e+00
7.668823718278855672e+00
7.655560993714377815e+00
7.640506281481850515e+00
7.625642677345733311e+00
7.613021065010068256e+00
7.596879570026013440e+00
7.577310231390010031e+00
7.529799809499350793e+00
7.512313433572454180e+00
7.500456037257971609e+00
7.490235271501894054e+00
7.477468551405025643e+00
7.465540477686077203e+00
7.457601860548336958e+00
7.453842541190987880e+00
7.451133736272907093e+00
7.449402796054349629e+00
7.448350701995903655e+00
7.447261939376173423e+00
7.445330153281659591e+00
7.443142463799300224e+00
7.440458818947188746e+00
7.437233539854821274e+00
7.433542629691578973e+00
7.429537501377691200e+00
7.424842450398707605e+00
7.418728744922271190e+00
7.407961656253989169e+00
7.269426543710966193e+00
7.241015739426291731e+00
7.205799621570576186e+00
7.160690573805847947e+00
7.111054056069434637e+00
7.058270349061076310e+00
7.008306284904158190e+00
6.960008171726252080e+00
6.905186901834018620e+00
6.856345164587486884e+00
6.823395318649968289e+00
6.787326552310619654e+00
6.735629235385571789e+00
6.688115353184960199e+00
6.652637899993056436e+00
6.620505620806955704e+00
6.595453231157740959e+00
6.575597690153698771e+00
6.485714330108539372e+00
6.457332249769191179e+00
6.442329229365583387e+00
6.424737936489854917e+00
6.399862278544429017e+00
6.370646299685422953e+00
6.332206100719028008e+00
6.287131862811835781e+00
6.236449083704297180e+00
6.187410723240112986e+00
6.152933190307508404e+00
6.125139551371344915e+00
6.099065703429218388e+00
6.077698497399807387e+00
6.065714127299790093e+00
6.058372873278574211e+00
6.050530553629362984e+00
6.042134300345593623e+00
6.032086645837976491e+00
6.020066956712917694e+00
6.006063652135392061e+00
5.988014633085190219e+00
5.963999258401184278e+00
5.922294581932193047e+00
5.858686347899181968e+00
5.771470624513876935e+00
5.672447924488784210e+00
5.582001966158372852e+00
5.532391253831533184e+00
5.478052540984135632e+00
5.418544892029140136e+00
5.369299367550175894e+00
5.313238514274895685e+00
5.261400869220712373e+00
5.225606464936179307e+00
5.205209779057550890e+00
5.194419980115100977e+00
5.186863141345381401e+00
5.178997079683305138e+00
5.171387074215710200e+00
5.164453981081158496e+00
5.156888216860193275e+00
5.148010030904397460e+00
5.137373103425511900e+00
5.119196483234313533e+00
5.091364428561656830e+00
5.058422228159977330e+00
5.019191090710146241e+00
4.957739901398944049e+00
4.869845167393778596e+00
4.762701815486572343e+00
4.640566896125617902e+00
4.513899147136404721e+00
4.312754761874390219e+00
4.077720285841468062e+00
3.886664408230946943e+00
3.644864796388378902e+00
3.474823560073732942e+00
3.276470995493588223e+00
2.999591571195384887e+00
2.718733306176468023e+00
2.387704753615783826e+00
1.874476019336568156e+00
