1.034373739075350329e+01
1.033188261141329889e+01
1.031923726515909934e+01
1.030574463633622173e+01
1.029150870805425022e+01
1.027635609000556194e+01
1.025786089228933662e+01
1.022971255150759795e+01
1.019048297441417006e+01
1.014733617403673804e+01
1.011720498609278351e+01
1.010986528230491643e+01
1.011077820032752506e+01
1.011186043328091522e+01
1.011298350380450550e+01
1.011415376711321201e+01
1.011544408343623935e+01
1.011680027836795759e+01
1.011820518430301696e+01
1.011964842492378658e+01
1.012092583033844484e+01
1.012244525628195646e+01
1.012408668413931245e+01
1.012583571351893852e+01
1.012772986202774028e+01
1.012972855170841946e+01
1.013191044812444375e+01
1.013457232061835001e+01
1.013391555932367716e+01
1.013318110674068961e+01
1.012958033823134585e+01
1.011738399868260530e+01
1.010522737551620231e+01
1.009194819087855954e+01
1.007741514813931794e+01
1.007169426318411531e+01
1.007073587267733217e+01
1.005875238192055754e+01
1.003956877186331376e+01
1.002468675941227261e+01
1.000964632683187361e+01
9.990949013812665314e+00
9.973203617517327757e+00
9.955417374364055050e+00
9.937214381643057592e+00
9.911357391530543737e+00
9.891386348197446665e+00
9.886353082773982948e+00
9.890336051981174492e+00
9.885950058748305125e+00
9.860976100222133667e+00
9.818994798213944719e+00
9.771655081528948017e+00
9.746957075678380988e+00
9.748315194627265257e+00
9.749776497541203568e+00
9.751207485690507326e+00
9.752702855237195934e+00
9.754352923304555389e+00
9.756096517856928330e+00
9.757934008012272287e+00
9.759806796692704012e+00
9.761902290934894921e+00
9.763947338724294767e+00
9.765751978962045499e+00
9.768485664509668709e+00
9.771738098362458658e+00
9.776154704105602278e+00
9.762786561361092907e+00
9.725914081317176496e+00
9.692918268087547418e+00
9.680437954935934286e+00
9.682642289063167595e+00
9.685447034749040895e+00
9.688856566649789670e+00
9.680498683189892262e+00
9.664175469544810326e+00
9.647570732539465510e+00
9.636106592978386232e+00
9.638778690142226324e+00
9.641716969866125808e+00
9.608477894821460197e+00
9.612007789192752227e+00
9.616633028663393645e+00
9.615804912059081389e+00
9.603603334160377258e+00
9.582078142315371139e+00
9.549873432293765063e+00
9.515532099604659066e+00
9.481117144032028321e+00
9.446914447925275127e+00
9.413006222683186763e+00
9.361520080276347855e+00
9.314014771096095657e+00
9.272512270810430834e+00
9.212286175399883703e+00
9.145569297792988550e+00
9.080269237420283801e+00
9.014994895432796085e+00
8.962213492134207371e+00
8.885108939298465458e+00
8.851649649100904682e+00
8.824624953095078439e+00
8.797965867658103178e+00
8.766913781527396310e+00
8.729750206352916209e+00
8.701803631637856640e+00
8.687061419476581392e+00
8.677420786618377235e+00
8.669111309264353693e+00
8.658572276420194669e+00
8.644913985040794557e+00
8.632641499257097450e+00
8.617604156973332152e+00
8.601228607867236420e+00
8.585540812795112942e+00
8.570880204335834307e+00
8.561170578905487716e+00
8.553334353090374265e+00
8.541903595684562589e+00
8.529601009858257754e+00
8.518517887991595927e+00
8.506925593766663241e+00
8.494371686990673354e+00
8.481280633684709969e+00
8.470083985824963690e+00
8.460648314739923848e+00
8.454509485685905545e+00
8.445867190898079357e+00
8.431868539096040394e+00
8.416615547168044387e+00
8.403057003108848733e+00
8.386515017206114919e+00
8.354296720714199154e+00
8.310742154452945840e+00
8.275488722429916066e+00
8.230305836098306571e+00
8.121027729174757681e+00
7.953832631621949645e+00
7.814222949486842928e+00
7.715126353158199279e+00
7.637804828912615029e+00
7.592563118681816547e+00
7.571605194219021229e+00
7.560425554016780403e+00
7.550016659369570782e+00
7.537064403797446133e+00
7.514626104535275353e+00
7.440869742015197019e+00
7.426538912192900632e+00
7.406620219491952817e+00
7.372755555171833564e+00
7.314587635688813094e+00
7.254374034434228236e+00
7.204976868361307574e+00
7.156909399668837324e+00
7.128205343962673801e+00
7.111900712865613983e+00
7.102752620050323706e+00
7.099428552879603949e+00
7.097316322519915843e+00
7.094680713371154468e+00
7.090705875574297323e+00
7.085526039744261872e+00
7.078395185915747234e+00
7.067569245718495097e+00
7.053501002386415308e+00
7.040408486021251022e+00
7.025486101041099829e+00
7.005772328832341245e+00
6.977181999642786181e+00
6.949422699493329247e+00
6.905562215642882862e+00
6.856238749055321158e+00
6.773237746889376965e+00
6.674930916063885888e+00
6.549074411790374306e+00
6.372000132056669486e+00
6.175265314644166281e+00
5.967221664809752468e+00
5.793610904390728678e+00
5.626005533838446482e+00
5.512024984700205188e+00
5.434043281361708999e+00
5.350796356570080903e+00
5.272477486716795170e+00
5.247371707853356604e+00
5.232604815161333356e+00
5.223155744531403855e+00
5.215431336940489437e+00
5.209324633880764388e+00
5.203723508022113364e+00
5.193878391272423123e+00
5.175314625581997063e+00
5.155939985178552121e+00
5.138015179028700530e+00
5.112806017266884773e+00
5.082849971302233705e+00
5.044962873746512422e+00
4.977471183995125337e+00
4.892416306856524066e+00
4.801693828836543609e+00
4.704924004751218192e+00
4.652701676166537403e+00
4.621204333383452934e+00
4.588161858475817034e+00
4.558092683567526393e+00
4.523067188196328026e+00
4.483995014300154125e+00
4.445566843001571122e+00
4.408607941807010988e+00
4.373761358535597665e+00
4.334172172724605865e+00
4.283283132723134656e+00
4.242108906127182166e+00
4.199181771440273714e+00
4.157084874633957483e+00
4.120610120904792062e+00
4.091916561224309135e+00
4.075189159763003666e+00
4.066277460612754524e+00
