8.515789999999999749e-01
3.546660000000000146e+00
2.902149999999999785e+00
1.130270000000000108e+00
9.420760000000000245e-01
1.444669999999999899e+00
1.558329999999999993e+00
1.183359999999999967e+00
1.846130000000000049e+00
1.218080000000000031e-02
7.963960000000000830e-03
2.228830000000000047e-02
6.245810000000000251e-02
1.451600000000000112e-01
1.034799999999999942e+00
6.975890000000000146e-01
6.240269999999999845e-02
1.747399999999999995e-02
2.208950000000000150e-02
1.982439999999999897e-02
1.237860000000000002e-02
1.131530000000000036e-02
1.059069999999999977e-02
2.534389999999999907e-02
9.623960000000000292e-01
2.195429999999999993e+00
4.640039999999999942e+00
6.186219999999999608e+00
1.014499999999999957e+01
1.271250000000000036e+01
2.045779999999999887e+01
1.163829999999999920e+01
7.301309999999999967e+00
5.645909999999999762e+00
4.892409999999999926e+00
6.195660000000000167e+00
4.577370000000000161e+00
2.195419999999999927e+00
1.759710000000000107e+00
1.826629999999999976e+00
1.481300000000000061e+00
1.009009999999999962e+00
5.523360000000000491e-01
4.872170000000000112e-01
3.213320000000000065e-01
2.574940000000000007e-01
2.337269999999999903e-01
2.892339999999999911e-01
3.229850000000000221e-01
4.402539999999999787e-01
3.128299999999999970e-01
1.954549999999999899e-01
1.177229999999999943e-01
1.150820000000000037e-01
1.667490000000000083e-01
1.297530000000000072e-01
7.462009999999999477e-02
9.301850000000000396e-02
1.289909999999999946e-01
1.904470000000000052e-01
1.768049999999999899e-01
1.200689999999999952e-01
1.363920000000000132e-01
1.355520000000000058e-01
2.038800000000000057e-01
1.347019999999999884e-01
1.579859999999999876e-01
8.734219999999999484e-02
9.832860000000000211e-02
1.019899999999999973e-01
1.443359999999999921e-01
1.397789999999999866e-01
1.083540000000000059e-01
1.110519999999999979e-01
1.238780000000000020e-01
1.071129999999999999e-01
5.680749999999999689e-02
3.741909999999999681e-02
2.493729999999999905e-02
1.239449999999999927e-02
7.676070000000000115e-03
5.068279999999999660e-03
5.304340000000000270e-03
6.231480000000000179e-03
4.949290000000000286e-03
6.949290000000000328e-03
6.795830000000000100e-03
5.983770000000000235e-03
4.658550000000000017e-03
2.287940000000000026e-03
1.431250000000000014e-03
1.157470000000000070e-03
7.743309999999999560e-04
3.214100000000000008e-04
2.724380000000000096e-04
2.705779999999999969e-04
5.026530000000000407e-04
7.466919999999999721e-04
1.103349999999999904e-03
1.394059999999999917e-03
1.016399999999999986e-03
9.838209999999999577e-04
9.396800000000000291e-04
7.595689999999999777e-04
1.000470000000000049e-03
1.347509999999999897e-03
7.034390000000000391e-04
1.074910000000000102e-03
8.726759999999999639e-04
2.370680000000000009e-03
2.149920000000000043e-03
2.761689999999999805e-03
2.122250000000000004e-03
1.706030000000000090e-03
1.154029999999999900e-03
1.096420000000000077e-03
9.889099999999999627e-04
1.231810000000000066e-03
1.519890000000000086e-03
1.986369999999999889e-03
2.064170000000000154e-03
2.200530000000000021e-03
1.980439999999999978e-03
1.250599999999999932e-03
9.119889999999999854e-04
9.531620000000000197e-04
9.077669999999999706e-04
1.243079999999999923e-03
9.313420000000000422e-04
1.468679999999999986e-03
8.276149999999999696e-04
1.021229999999999924e-03
1.630189999999999894e-03
2.002310000000000201e-03
1.749270000000000035e-03
2.069130000000000188e-03
1.755529999999999938e-03
1.487100000000000097e-03
8.231999999999999517e-04
1.107609999999999975e-03
4.152529999999999763e-04
4.122470000000000257e-04
4.416700000000000183e-04
3.481220000000000256e-04
4.544379999999999882e-04
5.021799999999999658e-04
8.065060000000000198e-04
9.416000000000000108e-04
5.676599999999999962e-04
6.377800000000000092e-04
6.900149999999999860e-04
6.722619999999999681e-04
6.264489999999999512e-04
7.419930000000000362e-04
7.541979999999999778e-04
1.084080000000000070e-03
8.341709999999999793e-04
7.454739999999999847e-04
4.963079999999999922e-04
2.404449999999999925e-04
2.898369999999999831e-04
2.079369999999999981e-04
2.793059999999999987e-04
1.946639999999999916e-04
1.459800000000000084e-04
2.453549999999999980e-04
4.639590000000000077e-04
5.035880000000000174e-04
6.194640000000000172e-04
4.974950000000000335e-04
4.853759999999999824e-04
4.161079999999999944e-04
4.404759999999999752e-04
5.974630000000000088e-04
6.151000000000000434e-04
3.955690000000000204e-04
2.623829999999999847e-04
5.185349999999999812e-04
4.279010000000000083e-04
3.980499999999999989e-04
1.544150000000000047e-04
2.079650000000000053e-04
1.887539999999999888e-04
1.505900000000000066e-04
1.452319999999999946e-04
8.421810000000000602e-05
2.624360000000000061e-04
2.043299999999999902e-04
2.236929999999999876e-04
7.813979999999999342e-05
6.897479999999999562e-05
3.296779999999999969e-05
6.924819999999999880e-05
4.586629999999999825e-05
1.660079999999999867e-05
1.352810000000000012e-05
2.810019999999999906e-06
9.662940000000000101e-07
