4.386369999999999679e-03
7.380290000000000288e-03
1.106449999999999968e-02
1.754709999999999881e-01
2.737979999999999858e+00
9.793889999999999540e-01
4.875340000000000229e-02
7.130270000000000184e-03
2.045550000000000146e-02
1.224830000000000016e-02
4.732279999999999820e-02
6.407350000000000545e-02
1.450970000000000093e+00
1.532980000000000009e+00
2.290709999999999802e+00
2.561469999999999914e+00
2.488910000000000178e+00
1.670029999999999903e+00
1.559209999999999985e+00
3.226030000000000175e+00
2.726350000000000051e+00
3.934270000000000156e+00
3.458880000000000177e+00
2.055400000000000116e+00
9.167870000000000186e-01
3.791909999999999725e-02
1.011910000000000066e-02
1.622710000000000125e-02
7.633929999999999882e-02
8.109849999999999559e-01
5.954009999999999858e-02
1.423429999999999973e-01
1.456630000000000077e-02
9.706519999999999732e-03
2.094499999999999834e-02
2.743819999999999926e+00
1.275760000000000005e+00
8.020819999999999617e-01
1.809160000000000101e+00
1.062429999999999986e+00
2.371910000000000185e+00
2.690139999999999976e+00
3.333660000000000095e-02
2.249750000000000139e+00
4.862079999999999735e+00
1.427640000000000020e+00
1.855250000000000066e+00
3.973739999999999911e-02
1.498309999999999920e-02
2.215560000000000099e-02
3.827550000000000008e+00
6.086500000000000021e+00
1.165639999999999965e+01
7.645019999999999705e+00
9.847929999999999851e+00
1.249160000000000004e+01
5.833949999999999747e+00
7.161109999999999864e+00
6.888510000000000133e+00
3.316790000000000127e+00
1.098309999999999897e+00
5.387799999999999881e-03
1.655289999999999928e+00
1.499460000000000015e+00
2.242839999999999851e-03
1.555909999999999932e-02
9.868839999999999835e-01
1.491979999999999956e-03
4.418700000000000232e-03
2.496519999999999902e-03
1.577059999999999920e-03
2.195579999999999928e-03
4.831799999999999810e-03
2.138709999999999830e-03
6.523740000000000094e-01
6.937830000000000386e-01
7.363009999999999833e-01
5.416370000000000351e-01
4.511839999999999740e-01
4.443969999999999865e-01
1.109919999999999917e-03
5.492119999999999641e-03
1.175770000000000027e-03
3.332419999999999827e-01
3.114660000000000206e-01
5.170400000000000551e-01
5.706529999999999658e-01
7.080750000000000099e-01
6.801059999999999883e-01
4.963899999999999979e-01
3.698069999999999968e-01
4.265260000000000162e-01
5.173189999999999733e-01
4.629860000000000086e-01
4.341639999999999944e-01
5.380439999999999667e-01
8.977279999999999704e-01
6.391160000000000174e-01
6.730779999999999541e-01
7.959239999999999648e-01
1.094489999999999963e+00
1.584100000000000064e+00
2.983019999999999783e+00
4.612330000000000041e+00
5.845760000000000289e+00
3.102479999999999905e+00
2.446390000000000065e+00
1.233670000000000044e+00
7.199809999999999821e-01
3.121059999999999945e-01
2.352269999999999917e-01
1.764350000000000085e-01
3.001969999999999916e-01
2.637479999999999825e-01
3.245509999999999784e-01
2.843339999999999756e-01
3.650849999999999929e-01
3.692480000000000206e-01
2.753499999999999837e-01
2.934700000000000086e-01
5.833319999999999617e-01
7.022500000000000409e-01
8.859629999999999450e-01
8.517149999999999999e-01
4.856570000000000054e-01
3.486130000000000062e-01
3.151930000000000009e-01
2.851929999999999743e-01
1.901579999999999937e-01
2.118269999999999875e-01
1.447029999999999983e-01
9.276339999999999586e-02
6.628979999999999595e-02
7.943619999999999848e-02
8.361999999999999988e-02
6.248240000000000044e-02
6.540529999999999955e-02
7.375139999999999474e-02
6.445230000000000403e-02
8.504059999999999397e-02
5.889889999999999709e-02
6.180540000000000339e-02
9.482000000000000151e-02
8.616459999999999397e-02
4.618080000000000102e-02
6.596730000000000649e-02
3.687309999999999893e-02
4.018909999999999844e-02
2.490219999999999934e-02
2.230880000000000016e-02
1.734049999999999828e-02
1.784940000000000138e-02
1.540700000000000056e-02
2.176310000000000050e-02
1.759760000000000144e-02
2.197040000000000104e-02
2.764060000000000128e-02
2.086520000000000041e-02
2.241769999999999874e-02
2.541059999999999847e-02
3.219020000000000215e-02
2.648790000000000172e-02
2.141540000000000110e-02
1.537920000000000086e-02
1.783770000000000147e-02
1.215590000000000073e-02
1.063039999999999992e-02
8.365330000000000682e-03
4.824099999999999569e-03
3.749399999999999955e-03
2.406619999999999940e-03
1.734419999999999972e-03
1.508130000000000104e-03
1.561220000000000099e-03
1.800689999999999973e-03
2.281860000000000138e-03
2.337960000000000038e-03
1.814499999999999924e-03
2.743180000000000011e-03
2.361069999999999836e-03
2.829410000000000085e-03
3.257879999999999891e-03
2.824510000000000128e-03
2.844950000000000170e-03
2.321049999999999849e-03
2.759800000000000187e-03
3.291800000000000108e-03
1.931090000000000107e-03
1.100810000000000026e-03
1.227259999999999983e-03
1.852839999999999912e-03
2.400970000000000101e-03
1.534530000000000095e-03
2.008250000000000052e-03
2.672250000000000146e-03
2.922280000000000190e-03
1.970079999999999922e-03
9.471949999999999597e-04
9.775509999999998974e-04
6.805589999999999600e-04
5.279510000000000279e-04
4.016280000000000110e-04
5.456560000000000490e-04
4.587179999999999947e-04
6.588019999999999987e-04
8.034939999999999747e-04
7.738740000000000245e-04
1.009960000000000068e-03
1.039900000000000069e-03
1.151740000000000055e-03
1.465689999999999962e-03
1.377710000000000089e-03
1.180529999999999947e-03
5.646200000000000524e-04
6.773029999999999762e-04
6.662420000000000495e-04
6.476379999999999680e-04
7.242530000000000062e-04
9.828510000000000805e-04
1.431879999999999958e-03
1.396389999999999958e-03
5.896869999999999803e-04
5.181670000000000416e-04
4.448459999999999893e-04
2.429789999999999923e-04
4.487139999999999868e-05
3.595259999999999862e-05
2.009029999999999974e-05
3.062010000000000182e-05
2.552230000000000126e-05
3.098989999999999953e-05
7.507619999999999788e-05
7.181380000000000012e-05
1.425619999999999947e-04
8.422760000000000652e-05
5.042079999999999674e-05
