1.032790631127129721e+01
1.032912114460928343e+01
1.032997519866634484e+01
1.033015393070773769e+01
1.032959921513789325e+01
1.032925749920821978e+01
1.032770010471332078e+01
1.032313861172715974e+01
1.031800695653902800e+01
1.031566602291664303e+01
1.031508196612294626e+01
1.031349390402679234e+01
1.030896970817824965e+01
1.030217935381320160e+01
1.029624824294893415e+01
1.029258167013361813e+01
1.029040638643784078e+01
1.028860689039096776e+01
1.028841468216393018e+01
1.028980738250694671e+01
1.029135552833063194e+01
1.029298445451468780e+01
1.029466238596075733e+01
1.029643701605842310e+01
1.029842074919909400e+01
1.029973822181760390e+01
1.030020405125246619e+01
1.029911052144040262e+01
1.029488268457808609e+01
1.029066666214928105e+01
1.029046868884183752e+01
1.029309504418544741e+01
1.029361002099733469e+01
1.029301984627331734e+01
1.029349514347202366e+01
1.028952206425816662e+01
1.027647559108081587e+01
1.025938121841811324e+01
1.024411129011255994e+01
1.022526791837691995e+01
1.020571308933310384e+01
1.018847568202324716e+01
1.016149377966284639e+01
1.013125285618864346e+01
1.011215908467779556e+01
1.009668759729003895e+01
1.007192985067297819e+01
1.003904907911650035e+01
1.001108386278871087e+01
9.993187045945690627e+00
9.977619362103508749e+00
9.966444928754590649e+00
9.966402700512182022e+00
9.964640472871577614e+00
9.950479742202988476e+00
9.930893022406024784e+00
9.913711092508606271e+00
9.901521526532990336e+00
9.890931587491115451e+00
9.873122304317908160e+00
9.842592391653004924e+00
9.803141522941835717e+00
9.768554489662161444e+00
9.741191794847420482e+00
9.715561307636178867e+00
9.693134885237373766e+00
9.672067363848352528e+00
9.642154764763008146e+00
9.601638521234457713e+00
9.557824686228089561e+00
9.516757422061715488e+00
9.489145349073567104e+00
9.466347044441233649e+00
9.434267028344356376e+00
9.383432946731371516e+00
9.320752628136792950e+00
9.278378574365259368e+00
9.253131957398142760e+00
9.240007290137416618e+00
9.236622902767875232e+00
9.235833860610728863e+00
9.233011348527693229e+00
9.222802281339687269e+00
9.206566840595826307e+00
9.192868400414724306e+00
9.185043265490484998e+00
9.179511576851357546e+00
9.175314625581997063e+00
9.172579581416478334e+00
9.166977447595256123e+00
9.157305630327966739e+00
9.146267607903086017e+00
9.132250081139758890e+00
9.117314391443144928e+00
9.102179778446865654e+00
9.087177811761156576e+00
9.078670649997429010e+00
9.067461433751828892e+00
9.028876127736229051e+00
9.003835207941554231e+00
8.968095179340869194e+00
8.929389801460741793e+00
8.887216574491883847e+00
8.832021974539587816e+00
8.739998519113949982e+00
8.624734722779134444e+00
8.515284233155338001e+00
8.419787282217935598e+00
8.359598357309753425e+00
8.318562069548333326e+00
8.295657247941154111e+00
8.278460925021002836e+00
8.261740924436793421e+00
8.243918153687443962e+00
8.220552619866346333e+00
8.194283952080422040e+00
8.164150534522612190e+00
8.140350889252530919e+00
8.129953996949440764e+00
8.115633806538989248e+00
8.084161444814560227e+00
8.037131555685949280e+00
7.984803553773913265e+00
7.925655471303142185e+00
7.845256838674796285e+00
7.768790484499258575e+00
7.687153361518507921e+00
7.577812232285959126e+00
7.465761949958203303e+00
7.366788917911318180e+00
7.295265737989297783e+00
7.239532208613131736e+00
7.190017771951199066e+00
7.155059580276321718e+00
7.119397770831390915e+00
7.082005812383285637e+00
7.030959798272641947e+00
6.960431770144547947e+00
6.894911147866590539e+00
6.838850978970028471e+00
6.785716967656209242e+00
6.760269397800069413e+00
6.732382500190441377e+00
6.694187373414771436e+00
6.651368159523133095e+00
6.616144546788834901e+00
6.567942243645529032e+00
6.526379344377672531e+00
6.487873365988451546e+00
6.432350260722316193e+00
6.382708479754698239e+00
6.339389820784337104e+00
6.292495310572363998e+00
6.260696131570079537e+00
6.237561330734307852e+00
6.220484662112219176e+00
6.206088838593178281e+00
6.193194191252920255e+00
6.175532107023968820e+00
6.148124297389896853e+00
6.122484566064921196e+00
6.100711642511194910e+00
6.082185558131953940e+00
6.064379359832491545e+00
6.045612411974246925e+00
5.877528561963749176e+00
5.839692941685217242e+00
5.796705434278564439e+00
5.754967986443770833e+00
5.697709591706161092e+00
5.642688040281557349e+00
5.599348058502405578e+00
5.577700854263891728e+00
5.562536714802964077e+00
5.553693739759443027e+00
5.544629782047824307e+00
5.534164499496151635e+00
5.519995906005306097e+00
5.494902828678492668e+00
5.464458248488320180e+00
5.440403684743863266e+00
5.417431832607116249e+00
5.377888805792574445e+00
5.328491730730459786e+00
5.291839303269415318e+00
5.256852390059143509e+00
5.224178127242907976e+00
5.203302196690508197e+00
5.185981043546810554e+00
5.163584725000795572e+00
5.135806636770111844e+00
5.102337642565803577e+00
5.069849323401144581e+00
5.046701922006741725e+00
5.011096563128870862e+00
4.956307248005457744e+00
4.901693659398326908e+00
4.846763773124921570e+00
4.794926998949570418e+00
4.739039631370093097e+00
4.658295742575109699e+00
4.577371145722849199e+00
4.521773363170694005e+00
4.455902639782774344e+00
4.395773564736217942e+00
4.349444606400886926e+00
4.309161557904643836e+00
4.272662969697674562e+00
4.235030743151045662e+00
4.211392891496325674e+00
4.196449779007058289e+00
4.182368994898567394e+00
4.167559526711227313e+00
4.153064487042530395e+00
4.126621620146481817e+00
4.100945776524376640e+00
4.071163723611753049e+00
4.026406593851332261e+00
3.934330255814706856e+00
3.753035058000348645e+00
3.573262755518557654e+00
3.439005665432294911e+00
3.285487546260154268e+00
3.105803021906145656e+00
2.849179164694418454e+00
2.582450871702037798e+00
2.278703311311783608e+00
1.785560448217494045e+00
