4.999270000000000103e+00
5.107560000000000322e+00
5.224579999999999558e+00
5.340220000000000411e+00
5.488520000000000287e+00
5.710689999999999600e+00
4.575219999999999843e+00
3.386130000000000084e+00
2.172229999999999883e+00
3.280879999999999797e+00
3.056839999999999780e+00
4.140139999999999709e+00
5.093729999999999869e+00
6.614530000000000243e+00
8.574339999999999407e+00
6.441209999999999880e+00
2.811040000000000205e+00
3.220250000000000057e+00
6.641720000000000290e+00
7.218969999999999665e+00
3.698500000000000121e+00
4.466709999999999958e+00
2.753899999999999793e+00
3.501560000000000006e+00
3.364090000000000025e+00
2.207260000000000222e+00
1.837749999999999995e+00
2.540900000000000158e+00
2.988199999999999884e-02
7.097330000000000305e-02
3.700530000000000097e+00
8.560470000000000579e-02
3.085129999999999928e+00
2.647170000000000023e+00
1.442829999999999946e-01
6.009380000000000277e-02
4.416950000000000043e-02
2.639369999999999911e-02
4.340030000000000276e-01
3.823150000000000159e-01
2.555959999999999788e+00
3.232209999999999805e+00
5.049760000000000026e+00
3.272330000000000183e+00
2.416729999999999823e+00
6.172789999999999999e+00
7.514689999999999870e+00
1.020490000000000030e+01
1.234909999999999997e+01
1.762940000000000040e+01
1.707029999999999959e+01
1.984550000000000125e+01
2.914010000000000034e+01
3.158490000000000109e+01
2.069859999999999900e+01
2.355799999999999983e+01
1.862330000000000041e+01
1.527229999999999954e+01
2.833960000000000079e+01
1.735109999999999886e+01
1.114579999999999949e+01
9.469120000000000203e+00
1.506900000000000084e+01
5.717609999999999637e+00
3.987229999999999830e+00
4.683580000000000076e+00
3.317219999999999835e+00
3.397040000000000060e+00
3.236279999999999824e+00
2.686329999999999885e+00
1.873930000000000096e+00
1.368360000000000021e+00
7.707750000000000191e-03
2.125280000000000058e+00
3.328780000000000072e+00
6.162139999999999951e+00
4.497609999999999886e+00
2.177109999999999879e+00
3.229600000000000026e+00
2.105490000000000084e+00
8.588580000000000103e-01
3.598099999999999909e-03
2.279500000000000082e+00
2.084350000000000147e+00
1.947719999999999896e+00
2.140569999999999862e+00
2.879340000000000198e-03
1.302379999999999901e-03
8.818240000000000193e-04
3.635740000000000152e-03
9.881499999999999728e-01
6.809089999999999865e-01
5.878390000000000004e-01
2.073570000000000135e+00
1.734869999999999912e+00
1.728660000000000085e+00
2.097319999999999851e+00
2.240870000000000140e+00
2.106799999999999784e+00
3.438450000000000006e+00
3.921460000000000168e+00
4.796389999999999709e+00
5.508320000000000327e+00
4.890799999999999592e+00
3.720689999999999831e+00
2.872040000000000148e+00
2.050670000000000215e+00
1.804230000000000000e+00
1.375429999999999930e+00
9.421399999999999775e-01
5.085210000000000008e-01
6.071750000000000203e-01
6.199160000000000226e-01
4.971050000000000191e-01
5.674919999999999964e-01
5.994990000000000041e-01
7.666089999999999849e-01
4.368119999999999781e-01
5.933060000000000000e-01
3.177630000000000177e-01
4.304870000000000085e-01
5.835780000000000411e-01
6.196930000000000494e-01
4.043570000000000220e-01
3.646400000000000197e-01
2.752129999999999854e-01
1.952679999999999971e-01
2.086449999999999971e-01
1.386789999999999967e-01
1.383079999999999865e-01
1.840080000000000049e-01
1.866899999999999948e-01
1.070139999999999980e-01
2.052839999999999943e-01
1.884419999999999984e-01
2.676209999999999978e-01
2.320619999999999905e-01
4.939830000000000054e-01
8.332089999999999774e-01
7.189029999999999587e-01
5.939820000000000100e-01
6.063539999999999486e-01
2.792060000000000097e-01
2.018500000000000016e-01
2.076389999999999902e-01
1.336950000000000083e-01
1.296680000000000055e-01
9.990350000000000619e-02
8.261759999999999937e-02
6.076909999999999951e-02
5.338489999999999902e-02
9.183669999999999334e-02
8.585360000000000213e-02
7.781019999999999603e-02
6.286629999999999996e-02
6.228729999999999684e-02
7.844589999999999896e-02
1.102950000000000041e-01
9.217680000000000318e-02
7.031370000000000675e-02
7.644800000000000206e-02
9.617660000000000098e-02
9.947330000000000061e-02
1.793140000000000012e-01
1.816250000000000087e-01
1.461629999999999874e-01
2.189989999999999992e-01
2.176790000000000114e-01
1.732910000000000006e-01
1.254119999999999957e-01
1.646150000000000113e-01
1.583070000000000033e-01
2.151619999999999922e-01
1.558199999999999863e-01
1.365959999999999952e-01
2.202230000000000021e-01
1.201490000000000058e-01
1.447450000000000125e-01
1.203150000000000053e-01
1.864689999999999959e-01
1.868360000000000021e-01
2.283519999999999994e-01
1.715349999999999930e-01
1.150410000000000044e-01
8.168789999999999385e-02
1.380889999999999895e-01
8.017359999999999765e-02
9.312529999999999419e-02
9.023549999999999627e-02
1.126680000000000043e-01
2.134399999999999908e-01
1.654609999999999970e-01
1.741050000000000098e-01
1.844760000000000011e-01
1.934359999999999968e-01
1.376320000000000043e-01
1.332480000000000053e-01
1.593449999999999867e-01
1.438719999999999999e-01
1.296879999999999977e-01
1.051269999999999982e-01
9.409829999999999584e-02
9.377040000000000375e-02
8.177629999999999622e-02
7.965849999999999320e-02
9.088590000000000557e-02
1.106499999999999984e-01
6.583340000000000025e-02
9.500429999999999986e-02
5.859969999999999762e-02
6.157590000000000285e-02
8.435929999999999818e-02
1.126150000000000068e-01
6.167910000000000059e-02
4.375620000000000204e-02
3.892659999999999870e-02
1.907160000000000105e-02
6.541349999999999595e-03
1.065469999999999959e-02
1.305560000000000054e-02
1.520469999999999981e-02
1.274729999999999960e-02
1.284820000000000059e-02
1.420040000000000018e-02
1.213449999999999945e-02
2.184190000000000090e-02
8.116740000000000760e-03
1.123140000000000076e-02
1.001980000000000058e-02
1.526339999999999988e-02
1.385579999999999971e-02
1.187590000000000000e-02
6.730039999999999634e-03
5.499699999999999728e-03
2.396859999999999789e-03
2.894959999999999808e-04
