1.030672303359480146e+01
1.029434716465483923e+01
1.028124250584841626e+01
1.026662910834362208e+01
1.025032727785867159e+01
1.023244972406200226e+01
1.022231840220951682e+01
1.022265145213677151e+01
1.022342324961032922e+01
1.022426883175161905e+01
1.022313236247158841e+01
1.022407962660795278e+01
1.022510501188442511e+01
1.022601701835953847e+01
1.022693484001259989e+01
1.022802031313092641e+01
1.022915432901100452e+01
1.023034416713529460e+01
1.023155623678892923e+01
1.023280558857207545e+01
1.023411975761407078e+01
1.023548804554169855e+01
1.023690741280297978e+01
1.023838487128590025e+01
1.023994230966581398e+01
1.024161122150777814e+01
1.024340766208921316e+01
1.024536705605154019e+01
1.024582840354736035e+01
1.024348204286659403e+01
1.023845259321843315e+01
1.023034416713529460e+01
1.022417294355589235e+01
1.022378139639981320e+01
1.022557029698016251e+01
1.022754735981317253e+01
1.022970231535222929e+01
1.023190010331280142e+01
1.023459826327833255e+01
1.023772968092220914e+01
1.015895622503667894e+01
1.013865315082071561e+01
1.013160904176508126e+01
1.012625482420664724e+01
1.011656789863000228e+01
1.009613802027555352e+01
1.003953705272462038e+01
1.000776484228167540e+01
9.998573608544921498e+00
1.000278788906508431e+01
1.000375771531982316e+01
9.997066881319884857e+00
9.977066180394682959e+00
9.948228547101733099e+00
9.928373317524435748e+00
9.912548850448992255e+00
9.891410328487316050e+00
9.865908421773232462e+00
9.815727135867529540e+00
9.716939407991018740e+00
9.596395844218575277e+00
9.538206640080147736e+00
9.542395897726335008e+00
9.529146635587910197e+00
9.494030691060643790e+00
9.465764921972342094e+00
9.443427284019323409e+00
9.431813910252937916e+00
9.426014873609767974e+00
9.419155778217971786e+00
9.415615962212347867e+00
9.390654313818442844e+00
9.351471623846604686e+00
9.312602553640152436e+00
9.280876447177989874e+00
9.248225917894821180e+00
9.215793490244962527e+00
9.188236434652791829e+00
9.158175463927420878e+00
9.150652073876722525e+00
9.148365085044899203e+00
9.145500958282502424e+00
9.145392214166220057e+00
9.145239926644661566e+00
9.143714107179203410e+00
9.137626251492019236e+00
9.132519035774087968e+00
9.131445425207392219e+00
9.131791834413688136e+00
9.130934930513042502e+00
9.129422403000939212e+00
9.125289287886399592e+00
9.120544319208935491e+00
9.115906596230804126e+00
9.111940988714840373e+00
9.108636047396322155e+00
9.105520403343447811e+00
9.099994683324309719e+00
9.084608446704532270e+00
9.057198091570052512e+00
9.021329904995775806e+00
8.983215700598222497e+00
8.938929309833318015e+00
8.890834435759218835e+00
8.827915029457725993e+00
8.755762838966488104e+00
8.669530720269088775e+00
8.592616382929533003e+00
8.554423738334495653e+00
8.532572217302224260e+00
8.513984265365282411e+00
8.498100938890353007e+00
8.485678846503908801e+00
8.474080708067868173e+00
8.460797146895894016e+00
8.440559617678507820e+00
8.409029798332376515e+00
8.367823514341585778e+00
8.322715347879686476e+00
8.273084648600372404e+00
8.218435716302534999e+00
8.152936244170817304e+00
8.069801250273695103e+00
7.991535732458486585e+00
7.920797212411837762e+00
7.856423750229513558e+00
7.810318561628323941e+00
7.778146907417109901e+00
7.753304163027133988e+00
7.733467711825347202e+00
7.718705917021106089e+00
7.708773461902464597e+00
7.702684662223828305e+00
7.696917026824428021e+00
7.687950566135597796e+00
7.679181605440144054e+00
7.669898649929100642e+00
7.655669448203440197e+00
7.639624923471151519e+00
7.599787036545731844e+00
7.568228719911953561e+00
7.543327872507197718e+00
7.521245335964139578e+00
7.503037161874269501e+00
7.485973981849324055e+00
7.469555468770656681e+00
7.449689709561908124e+00
7.430420159927309420e+00
7.415298946747960862e+00
7.403945411778218855e+00
7.397582002500141307e+00
7.392044142006178653e+00
7.385586613732341377e+00
7.379258368399925772e+00
7.373182432691793409e+00
7.365164015182998014e+00
7.355461098637603889e+00
7.346452733346236386e+00
7.338251250932741776e+00
7.330271691167505210e+00
7.322399179474298414e+00
7.313854570831094470e+00
7.303375355936019275e+00
7.284103479669020942e+00
7.256888448351118903e+00
7.227804463552612191e+00
7.191618663369468756e+00
7.153839245104760991e+00
7.119991190998739228e+00
7.064757399429679730e+00
6.978171840094526068e+00
6.822381903672501302e+00
6.636094546364585511e+00
6.402022239662862546e+00
6.181583504834141429e+00
5.992118121562382882e+00
5.862391400899658933e+00
5.779954888779371913e+00
5.738725079368413695e+00
5.710450788795654375e+00
5.689747372782953505e+00
5.672279853866755595e+00
5.657140981537251534e+00
5.640231919276081030e+00
5.622966907200178888e+00
5.603802355335296248e+00
5.571422312537122501e+00
5.552345720948041574e+00
5.526032836587115860e+00
5.496371899389703941e+00
5.470982019126291007e+00
5.448908737413309389e+00
5.432610168397626893e+00
5.413837687671127163e+00
5.395382314713994099e+00
5.381423762486316598e+00
5.369972429430384331e+00
5.362740637345076777e+00
5.352556815124225764e+00
5.338759198917990112e+00
5.324663067987838616e+00
5.302352577919562826e+00
5.269781376648798421e+00
5.234610915002838816e+00
5.194322821580950489e+00
5.151621098287965772e+00
4.836144916440252572e+00
4.718421133471859541e+00
4.633408862248247218e+00
4.583016173154048190e+00
4.554935944512087609e+00
4.538344965243564566e+00
4.528516914004947047e+00
4.521136775586157341e+00
4.513514577246720449e+00
4.507587389339788864e+00
4.502017214827147562e+00
4.494562249694673994e+00
4.485016900884808422e+00
4.473962608673505592e+00
4.465074869127556134e+00
4.455151043948833767e+00
4.441464183505721586e+00
4.409963539778490649e+00
4.356914581317346880e+00
4.302436999626477743e+00
4.251720935329312390e+00
4.195719811730576509e+00
4.104893218888744144e+00
3.989710494096857740e+00
3.844362839974547530e+00
3.504105058352960711e+00
2.731997888926428253e+00
1.554974668402554050e+00
