4.833609999999999851e-01
1.055739999999999901e+00
1.427100000000000035e+00
9.846160000000000467e-01
1.648030000000000106e+00
6.865750000000000242e+00
4.877299999999999969e+00
1.561620000000000008e+00
2.955319999999999947e+00
1.727589999999999959e+00
4.636650000000000382e+00
4.308200000000000252e+00
3.322960000000000136e+00
2.629509999999999792e+00
6.403340000000000032e+00
3.843710000000000182e+00
2.781320000000000014e+00
2.812530000000000197e+00
3.240460000000000118e+00
4.040840000000000209e+00
2.992160000000000153e+00
1.746969999999999912e+00
2.530390000000000139e+00
2.770399999999999974e+00
6.328129999999999866e-02
4.269599999999999784e-02
1.577040000000000108e-01
4.033960000000000434e+00
1.427540000000000031e+00
1.419349999999999890e+00
1.502410000000000023e+00
1.439370000000000094e-01
1.893389999999999906e+00
2.060309999999999864e+00
2.644849999999999923e+00
3.999249999999999972e+00
6.836330000000000240e+00
6.013410000000000366e+00
4.170160000000000089e+00
7.189890000000000170e-02
2.050290000000000099e-02
3.944709999999999883e-02
1.832600000000000007e+00
5.147399999999999892e-02
2.905769999999999881e-02
3.359739999999999949e-02
2.565479999999999983e+00
4.787950000000000372e+00
1.008430000000000071e+01
9.723259999999999792e+00
1.110689999999999955e+01
1.179959999999999987e+01
2.977590000000000181e+00
4.674100000000000144e+00
1.255189999999999984e+01
7.451789999999999803e-02
1.761890000000000001e+01
1.084459999999999980e+01
1.279870000000000019e+01
1.692640000000000100e+01
1.785979999999999990e+01
1.331029999999999980e+01
1.258719999999999928e+01
4.422620000000000218e+00
9.053729999999999833e+00
5.756490000000000329e+00
3.660299999999999887e+00
4.427880000000000038e+00
4.826999999999999957e+00
6.962419999999999831e+00
7.941209999999999880e+00
8.045329999999999870e+00
5.418580000000000396e+00
3.191819999999999879e+00
3.465869999999999784e+00
2.572200000000000042e+00
3.273080000000000211e+00
4.243549999999999933e+00
2.926419999999999799e+00
2.317169999999999952e+00
1.970420000000000060e+00
1.676639999999999908e+00
2.812609999999999832e+00
2.733249999999999957e+00
3.035649999999999959e+00
1.659880000000000022e+00
1.566400000000000015e+00
1.125879999999999992e+00
2.119660000000000100e+00
1.779840000000000089e+00
2.506320000000000103e+00
2.684120000000000061e+00
2.025100000000000122e+00
1.873939999999999939e+00
2.184769999999999879e+00
2.066949999999999843e+00
1.451729999999999965e+00
1.278329999999999966e+00
1.788859999999999895e+00
2.115610000000000213e+00
2.083089999999999886e+00
1.679100000000000037e+00
1.460520000000000040e+00
1.874309999999999921e+00
1.511260000000000048e+00
3.440430000000000099e+00
2.789229999999999876e+00
2.412329999999999863e+00
3.748650000000000038e+00
4.238850000000000229e+00
6.400559999999999583e+00
8.102270000000000749e+00
7.503790000000000404e+00
5.104210000000000136e+00
3.874800000000000022e+00
5.530459999999999710e+00
5.539880000000000138e+00
2.731440000000000090e+00
2.891099999999999781e+00
1.320249999999999924e+00
7.227500000000000036e-01
8.073719999999999786e-01
1.014320000000000110e+00
8.438109999999999777e-01
9.750419999999999643e-01
8.578500000000000014e-01
9.993589999999999973e-01
1.013379999999999947e+00
7.451470000000000038e-01
7.458280000000000465e-01
6.171400000000000219e-01
4.524059999999999748e-01
6.341250000000000497e-01
8.428769999999999873e-01
1.509670000000000067e+00
1.513849999999999918e+00
1.720040000000000013e+00
1.538410000000000055e+00
1.439170000000000060e+00
1.629399999999999959e+00
1.781649999999999956e+00
1.642370000000000108e+00
7.900669999999999638e-01
7.595420000000000504e-01
6.442930000000000046e-01
5.393919999999999826e-01
7.923320000000000363e-01
1.893829999999999902e+00
1.573129999999999917e+00
1.116730000000000000e+00
1.464949999999999974e+00
7.228040000000000020e-01
1.186390000000000056e+00
1.141539999999999999e+00
9.681170000000000053e-01
1.563660000000000050e+00
2.166290000000000049e+00
1.694439999999999946e+00
1.395610000000000017e+00
8.504530000000000145e-01
7.665589999999999904e-01
1.065860000000000030e+00
1.241470000000000073e+00
1.041250000000000009e+00
5.470890000000000475e-01
4.357269999999999754e-01
3.455239999999999978e-01
4.941130000000000244e-01
4.343739999999999823e-01
2.761480000000000046e-01
3.015019999999999922e-01
3.307329999999999992e-01
2.813890000000000002e-01
2.462169999999999914e-01
2.020800000000000096e-01
1.589540000000000119e-01
2.636970000000000147e-01
2.928350000000000120e-01
2.494669999999999943e-01
3.290980000000000016e-01
3.965099999999999736e-01
2.652610000000000245e-01
1.038300000000000056e-01
5.057500000000000190e-02
3.307229999999999892e-02
7.716230000000000311e-02
8.838429999999999898e-02
4.771020000000000122e-02
2.773530000000000093e-02
1.250730000000000071e-02
1.151149999999999916e-02
1.139710000000000029e-02
4.673799999999999656e-03
3.389290000000000098e-03
2.808660000000000150e-03
2.793560000000000054e-03
1.307039999999999981e-03
2.044390000000000096e-03
1.252599999999999981e-03
9.754790000000000162e-04
4.851179999999999859e-04
6.647569999999999781e-04
4.887290000000000297e-04
5.565989999999999610e-04
4.166940000000000054e-04
3.811560000000000078e-04
6.934839999999999624e-04
6.911950000000000255e-04
7.291179999999999536e-04
4.994010000000000116e-04
4.984339999999999648e-04
9.531919999999999499e-04
1.186460000000000075e-03
9.876550000000000433e-04
9.643530000000000418e-04
1.195169999999999956e-03
5.589139999999999820e-05
2.699940000000000106e-05
2.746940000000000164e-05
2.088370000000000132e-05
8.065710000000000403e-06
5.672239999999999922e-06
2.793589999999999963e-06
2.728710000000000087e-06
2.190799999999999845e-06
5.888129999999999985e-06
1.019549999999999920e-05
1.188909999999999938e-05
8.910430000000000677e-06
