5.133140000000000036e+00
5.333199999999999719e+00
5.559770000000000323e+00
5.839540000000000397e+00
6.093799999999999883e+00
6.458459999999999646e+00
8.240349999999999397e+00
1.135340000000000060e+01
1.132119999999999926e+01
1.071829999999999927e+01
3.907700000000000173e+00
1.385019999999999918e+00
1.886599999999999944e-01
4.340390000000000220e-02
5.638959999999999806e-02
2.540409999999999890e-02
1.340829999999999973e-02
1.213350000000000019e-02
1.860030000000000017e-02
1.835509999999999919e-02
3.834909999999999708e-02
2.237590000000000065e-02
2.104090000000000127e-02
2.570810000000000109e-02
1.848999999999999949e-02
9.395240000000000535e-02
3.749220000000000330e-02
2.350700000000000012e-02
1.236769999999999925e+00
3.862229999999999830e+00
4.136099999999999888e+00
2.834870000000000001e+00
1.943529999999999980e-01
1.178050000000000069e-01
2.135600000000000165e+00
3.896700000000000053e+00
2.024739999999999984e+00
4.648170000000000079e-02
4.178010000000000057e-02
4.667810000000000015e-02
1.287179999999999991e-01
2.307819999999999983e+00
1.338479999999999948e-01
2.913260000000000183e+00
6.141919999999999824e+00
1.046069999999999922e+01
8.458330000000000126e+00
6.444709999999999717e+00
9.490780000000000050e-02
3.596730000000000066e-02
3.685909999999999881e-02
3.779020000000000046e+00
7.951640000000000097e-02
6.322020000000000195e+00
1.020190000000000019e+01
8.210910000000000153e+00
6.167340000000000266e+00
2.160019999999999829e+00
4.379859999999999864e+00
6.732980000000000409e+00
1.322330000000000005e+01
2.058640000000000114e+01
2.592920000000000158e+01
2.652860000000000085e+01
2.113260000000000005e+01
1.636129999999999995e+01
1.304570000000000007e+01
8.832229999999999137e+00
1.026200000000000045e+01
6.405210000000000292e+00
1.176490000000000080e+01
1.294800000000000040e+01
1.484469999999999956e+01
1.342769999999999975e+01
1.243529999999999980e+01
1.401730000000000054e+01
9.595840000000000813e+00
1.406969999999999921e+01
1.466370000000000040e+01
1.373869999999999969e+01
7.733290000000000219e+00
6.201749999999999652e+00
3.368889999999999940e+00
2.128779999999999895e+00
2.687370000000000037e+00
2.747529999999999806e+00
3.191180000000000128e+00
2.439939999999999998e+00
3.563750000000000195e+00
3.997920000000000140e+00
3.851069999999999993e+00
3.258080000000000087e+00
4.815220000000000056e+00
7.571220000000000283e+00
1.004840000000000089e+01
8.007009999999999295e+00
5.998210000000000264e+00
8.844649999999999679e+00
6.433849999999999625e+00
5.569659999999999833e+00
2.228720000000000034e+00
1.353699999999999903e+00
1.049900000000000055e+00
1.209470000000000045e+00
1.087639999999999940e+00
5.915249999999999675e-01
5.824610000000000065e-01
7.248750000000000471e-01
5.567069999999999519e-01
3.410860000000000003e-01
4.013140000000000041e-01
3.433869999999999978e-01
2.962139999999999773e-01
2.514759999999999773e-01
3.242090000000000249e-01
2.407209999999999905e-01
1.816800000000000082e-01
2.679900000000000060e-01
2.828829999999999956e-01
2.369920000000000082e-01
2.382720000000000116e-01
5.445969999999999978e-01
5.812279999999999669e-01
4.807400000000000007e-01
7.544760000000000355e-01
5.535729999999999817e-01
3.633000000000000118e-01
5.758259999999999490e-01
6.951089999999999769e-01
6.734980000000000411e-01
5.294429999999999970e-01
2.826870000000000216e-01
1.582199999999999995e-01
1.007529999999999953e-01
5.985420000000000323e-02
6.855179999999999607e-02
9.457010000000000416e-02
1.600620000000000098e-01
1.450700000000000045e-01
2.550239999999999729e-01
2.622410000000000019e-01
1.603980000000000128e-01
1.110570000000000029e-01
5.832310000000000272e-02
3.496679999999999927e-02
4.042520000000000141e-02
5.736009999999999720e-02
4.010679999999999801e-02
6.050579999999999847e-02
7.852290000000000658e-02
6.750119999999999731e-02
6.807920000000000638e-02
9.734829999999999872e-02
1.722770000000000135e-01
2.627669999999999728e-01
2.281539999999999957e-01
3.568239999999999745e-01
3.077170000000000183e-01
3.538299999999999779e-01
2.468579999999999941e-01
2.611950000000000105e-01
1.792739999999999889e-01
1.235819999999999974e-01
4.203090000000000298e-02
1.860219999999999929e-02
1.124400000000000052e-02
1.345730000000000016e-02
9.954700000000000354e-03
7.893060000000000354e-03
7.219960000000000093e-03
4.623719999999999566e-03
5.027730000000000220e-03
3.788839999999999916e-03
5.069829999999999996e-03
7.779440000000000313e-03
6.627690000000000317e-03
8.914909999999999848e-03
9.341689999999999716e-03
6.791160000000000078e-03
9.523659999999999765e-03
5.145679999999999699e-03
5.435640000000000263e-03
1.007579999999999934e-02
1.673140000000000044e-02
1.069870000000000022e-02
8.887100000000000208e-03
9.376910000000000453e-03
6.183870000000000165e-03
3.307379999999999955e-03
1.670349999999999916e-03
1.184750000000000039e-03
1.418580000000000015e-03
1.132809999999999937e-03
9.841909999999999287e-04
5.735000000000000080e-04
3.991579999999999889e-04
5.048299999999999489e-04
7.620069999999999838e-04
1.276199999999999904e-03
1.033980000000000099e-03
1.605670000000000014e-03
1.358859999999999929e-03
1.496909999999999951e-03
1.084160000000000028e-03
4.624380000000000200e-04
2.843170000000000224e-04
2.930939999999999826e-04
2.042450000000000071e-04
2.078559999999999967e-04
1.737549999999999924e-04
1.011980000000000025e-04
1.808450000000000075e-04
1.455539999999999959e-04
5.670169999999999957e-05
6.207890000000000630e-05
1.115650000000000067e-05
