5.065489999999999604e+00
5.064370000000000260e+00
5.256619999999999848e+00
5.644569999999999865e+00
5.719459999999999766e+00
5.744170000000000442e+00
2.790259999999999962e-01
9.750979999999999370e-02
4.807390000000000274e-02
7.520229999999999970e-02
5.069420000000000176e-02
2.115560000000000010e-02
2.421140000000000098e-02
1.053059999999999968e-01
2.300280000000000033e-02
2.491969999999999949e-02
1.092349999999999918e-02
1.119829999999999957e-02
2.014900000000000024e-02
1.040529999999999927e-02
7.268740000000000097e-03
8.043849999999999958e-03
9.820090000000000069e-03
1.355920000000000042e-02
7.483769999999999832e-03
7.305840000000000077e-03
1.827530000000000127e-02
5.467260000000000175e-02
1.322940000000000005e+00
2.136260000000000048e+00
3.282150000000000123e+00
4.089710000000000178e+00
1.424409999999999954e+00
8.638510000000000633e-02
3.659649999999999709e-02
4.671129999999999727e-02
1.672399999999999928e-02
5.311780000000000321e-03
2.201499999999999985e-02
6.069250000000000339e-02
4.642999999999999794e+00
3.767630000000000035e+00
3.311840000000000117e+00
2.995190000000000019e+00
6.579970000000000319e+00
7.766020000000000145e+00
1.217060000000000031e+01
6.047600000000000087e+00
1.135940000000000040e-02
8.183340000000000752e-03
2.268450000000000077e+00
4.430860000000000021e+00
9.309939999999999216e+00
7.669839999999999769e+00
4.379839999999999733e+00
6.133070000000000022e+00
6.731700000000000017e+00
8.128809999999999647e+00
1.634969999999999857e+01
2.060050000000000026e+01
1.281090000000000018e+01
3.830250000000000321e-02
2.897560000000000066e-02
4.135919999999999597e+00
3.873709999999999987e+00
2.081179999999999808e+00
6.001890000000000176e-03
1.138010000000000063e-02
1.887499999999999956e+00
6.547899999999999728e-03
1.790129999999999999e+00
3.819929999999999826e+00
3.644940000000000069e+00
3.139780000000000015e+00
2.109949999999999992e+00
2.908209999999999962e+00
1.713619999999999921e+00
2.086370000000000058e+00
1.040999999999999925e+00
2.118800000000000110e-03
5.520310000000000494e-01
3.199940000000000076e-03
2.947540000000000160e-01
2.324590000000000076e-03
5.459019999999999984e-01
5.093229999999999702e-01
4.092160000000000242e-01
2.696200000000000159e-03
3.344010000000000038e-01
1.540289999999999992e-01
4.843560000000000088e-01
5.019120000000000248e-01
5.930410000000000403e-01
5.053100000000000369e-01
5.529009999999999758e-01
4.681150000000000033e-01
5.555290000000000505e-01
1.008150000000000102e+00
1.975479999999999903e+00
2.503870000000000040e+00
2.774080000000000101e+00
2.389800000000000146e+00
2.117379999999999818e+00
3.150370000000000115e+00
3.039229999999999876e+00
2.981170000000000098e+00
3.005160000000000053e+00
1.354070000000000107e+00
6.783299999999999885e-01
5.313430000000000097e-01
5.039289999999999603e-01
3.885569999999999857e-01
3.585360000000000213e-01
3.682799999999999963e-01
4.525839999999999863e-01
6.702409999999999757e-01
8.658670000000000533e-01
9.296309999999999851e-01
8.585479999999999778e-01
9.295419999999999794e-01
8.241309999999999469e-01
1.017439999999999900e+00
9.077359999999999873e-01
6.107620000000000271e-01
5.739220000000000432e-01
3.479470000000000063e-01
2.316930000000000101e-01
1.708979999999999944e-01
1.315590000000000093e-01
1.068069999999999992e-01
7.231630000000000003e-02
5.588529999999999887e-02
3.630039999999999656e-02
5.745480000000000032e-02
6.884160000000000279e-02
5.479230000000000211e-02
7.914319999999999689e-02
1.032539999999999986e-01
8.654560000000000031e-02
1.264869999999999883e-01
1.200470000000000009e-01
1.205869999999999997e-01
8.577469999999999539e-02
8.546360000000000068e-02
7.271819999999999673e-02
7.821089999999999987e-02
9.322160000000000168e-02
6.558360000000000578e-02
6.053030000000000216e-02
3.627450000000000119e-02
2.744370000000000143e-02
3.229110000000000313e-02
3.441179999999999933e-02
3.214600000000000096e-02
3.254989999999999967e-02
4.670379999999999671e-02
4.621240000000000070e-02
4.206200000000000216e-02
4.145030000000000242e-02
4.250779999999999836e-02
4.155530000000000335e-02
4.722309999999999702e-02
6.355959999999999388e-02
1.088719999999999966e-01
1.091680000000000011e-01
1.137080000000000035e-01
1.414990000000000137e-01
1.048410000000000036e-01
1.130670000000000008e-01
1.904559999999999864e-01
2.074940000000000118e-01
2.158539999999999903e-01
2.139629999999999865e-01
1.171179999999999999e-01
7.046139999999999348e-02
3.112759999999999833e-02
1.832719999999999835e-02
6.723240000000000119e-03
4.963000000000000397e-03
2.791420000000000186e-03
2.963470000000000167e-03
1.863309999999999966e-03
2.441220000000000022e-03
2.155170000000000089e-03
2.456279999999999922e-03
2.482330000000000040e-03
2.657399999999999866e-03
1.838500000000000073e-03
3.484479999999999869e-03
2.495919999999999996e-03
2.495890000000000174e-03
1.713200000000000009e-03
1.491780000000000059e-03
2.044189999999999983e-03
1.286849999999999973e-03
1.333489999999999892e-03
8.779830000000000403e-04
7.594890000000000191e-04
1.380179999999999949e-03
1.282659999999999920e-03
1.463700000000000070e-03
2.451089999999999953e-03
2.659349999999999995e-03
2.489569999999999977e-03
2.952310000000000090e-03
2.324999999999999810e-03
3.479299999999999841e-03
2.134249999999999862e-03
1.137809999999999950e-03
5.828260000000000472e-04
3.460310000000000078e-04
2.176919999999999886e-04
1.479610000000000018e-04
1.519430000000000054e-04
1.574970000000000135e-04
1.074350000000000039e-04
1.585470000000000119e-04
1.683680000000000116e-04
2.263110000000000089e-04
2.138960000000000134e-04
1.735239999999999873e-04
2.628330000000000228e-04
2.977440000000000143e-04
7.584070000000000047e-04
7.490150000000000106e-04
6.440379999999999890e-04
5.506979999999999644e-04
6.444330000000000284e-04
9.520429999999999648e-04
6.420069999999999943e-04
8.842210000000000304e-04
1.137030000000000029e-03
2.454649999999999953e-04
1.905860000000000079e-05
