6.006680000000000241e+00
6.905409999999999326e-02
6.271089999999999998e-02
7.726719999999999422e-02
9.660979999999999568e-02
5.484069999999999917e-02
6.853689999999999782e-02
3.159479999999999927e-02
4.497509999999999702e-02
3.082539999999999933e-02
2.440559999999999952e-02
3.325739999999999946e-02
2.872759999999999897e-02
3.510449999999999682e-02
1.682639999999999830e-02
2.891269999999999951e-02
1.468730000000000036e-02
1.585960000000000147e-02
9.770300000000000859e-03
1.499920000000000073e-02
8.928099999999999925e-02
8.860919999999999908e-02
1.328410000000000091e+00
1.783479999999999954e+00
2.918319999999999942e-02
1.945950000000000110e-02
3.341120000000000201e-02
1.364459999999999978e-02
2.056039999999999951e-02
3.451069999999999832e-02
1.507819999999999994e-02
1.279970000000000066e-02
9.434889999999999596e-03
7.340140000000000206e-03
7.597010000000000395e-03
4.317510000000000098e-03
5.053610000000000047e-03
8.528799999999999576e-03
7.833410000000000720e-03
1.646519999999999928e-02
2.307690000000000019e+00
4.253320000000000017e-02
9.698009999999999964e-03
8.094830000000000775e-03
9.982990000000000613e-03
1.133660000000000050e-02
7.671810000000000261e-03
1.826819999999999833e-02
3.410169999999999868e-02
1.979989999999999875e-02
2.530409999999999951e-02
6.035709999999999686e-02
2.888589999999999908e-02
1.943289999999999948e-02
2.674090000000000147e-02
3.636699999999999655e-02
1.216740000000000066e+01
1.099900000000000055e+01
4.400899999999999951e-02
2.311049999999999910e-02
9.530130000000000545e-02
1.304819999999999869e-01
1.301430000000000042e+01
1.248939999999999984e+01
1.166680000000000028e+01
6.962139999999999773e+00
1.409939999999999978e-02
8.391759999999999664e+00
2.794860000000000053e-02
8.949479999999999241e-03
5.294079999999999619e-03
8.967179999999999943e-03
1.075060000000000078e-02
7.648119999999999571e-03
1.665830000000000088e-02
4.320469999999999866e-03
6.541560000000000083e-03
4.714750000000000191e-03
6.374509999999999899e-03
2.138389999999999996e-03
4.690350000000000248e-03
7.396380000000000142e-03
2.626430000000000084e-02
1.839110000000000023e+00
9.295510000000000161e-01
1.439710000000000045e+00
2.572519999999999918e+00
2.507569999999999855e+00
4.694930000000000270e+00
9.552250000000000796e+00
1.165300000000000047e+01
1.428560000000000052e+01
1.311580000000000013e+01
1.427660000000000018e+01
1.273760000000000048e+01
1.285019999999999918e+01
7.424590000000000245e+00
3.904310000000000169e+00
3.111349999999999838e+00
1.847509999999999986e+00
1.897699999999999942e+00
1.858600000000000030e+00
2.022219999999999906e+00
1.886609999999999898e+00
2.506019999999999914e+00
1.293739999999999890e+00
1.387920000000000043e+00
2.216000000000000192e+00
1.777809999999999890e+00
2.774809999999999999e+00
3.169290000000000163e+00
3.521269999999999900e+00
3.965250000000000163e+00
3.560680000000000067e+00
4.398030000000000328e+00
5.884389999999999787e+00
6.499299999999999855e+00
5.570879999999999832e+00
8.168039999999999523e+00
9.844459999999999766e+00
9.588950000000000529e+00
9.709580000000000766e+00
5.452069999999999972e+00
4.006420000000000314e+00
4.015480000000000160e+00
3.198409999999999975e+00
2.389800000000000146e+00
1.728830000000000089e+00
1.764939999999999953e+00
1.431009999999999893e+00
1.022240000000000038e+00
8.260849999999999582e-01
5.687050000000000161e-01
3.338599999999999901e-01
2.625009999999999843e-01
2.592590000000000172e-01
3.374309999999999810e-01
2.988790000000000058e-01
2.132370000000000099e-01
1.519240000000000035e-01
6.475939999999999475e-02
4.194459999999999855e-02
4.823809999999999903e-02
4.569999999999999757e-02
5.640570000000000306e-02
6.938590000000000035e-02
5.990299999999999792e-02
5.411649999999999794e-02
3.559960000000000208e-02
3.069679999999999978e-02
2.558260000000000048e-02
2.683819999999999956e-02
1.780959999999999835e-02
2.317889999999999881e-02
1.652990000000000015e-02
2.433630000000000168e-02
2.089440000000000047e-02
2.962719999999999937e-02
3.073769999999999974e-02
3.864429999999999948e-02
3.514339999999999825e-02
8.536799999999999944e-02
7.971090000000000120e-02
9.092780000000000307e-02
7.080390000000000295e-02
6.772430000000000117e-02
1.017099999999999949e-01
7.349260000000000514e-02
7.854220000000000645e-02
5.099019999999999941e-02
3.460389999999999994e-02
4.936519999999999797e-02
3.514430000000000331e-02
3.540949999999999653e-02
5.055980000000000196e-02
5.510090000000000127e-02
4.881629999999999997e-02
4.154259999999999897e-02
2.849120000000000125e-02
5.344870000000000176e-02
3.880240000000000078e-02
4.515829999999999844e-02
2.826000000000000040e-02
2.154379999999999837e-02
1.485159999999999952e-02
7.928489999999999843e-03
1.228779999999999976e-02
1.673370000000000066e-02
1.433830000000000000e-02
1.210259999999999982e-02
1.160489999999999959e-02
1.964299999999999987e-03
8.920720000000000472e-04
5.039149999999999619e-04
7.212149999999999854e-04
1.306019999999999967e-03
7.761309999999999997e-04
3.897929999999999863e-04
2.369899999999999925e-04
3.246899999999999830e-04
4.153420000000000224e-04
5.114730000000000274e-04
2.206759999999999993e-04
1.563740000000000041e-04
1.341070000000000088e-04
3.553710000000000235e-05
4.140969999999999758e-05
4.178449999999999949e-05
3.468269999999999914e-05
4.920329999999999696e-05
6.589759999999999737e-05
6.012990000000000175e-05
8.075160000000000118e-05
1.218160000000000006e-04
1.546990000000000040e-04
2.133930000000000082e-04
3.169170000000000017e-04
2.990329999999999811e-04
1.971200000000000101e-04
2.403589999999999937e-04
3.145620000000000013e-04
1.643419999999999929e-04
1.541450000000000090e-04
8.770259999999999612e-05
9.415059999999999944e-05
5.473859999999999799e-05
3.219159999999999855e-05
2.938070000000000145e-05
4.755619999999999710e-05
5.564139999999999890e-05
6.901540000000000333e-05
9.932509999999999538e-05
1.626390000000000127e-04
3.277800000000000093e-04
3.200179999999999843e-04
