2.394330000000000069e+00
2.115489999999999871e+00
2.209340000000000082e+00
2.341419999999999835e+00
2.483429999999999804e+00
2.513370000000000104e+00
3.080709999999999837e+00
3.166440000000000143e+00
1.717889999999999917e+00
9.389939999999999953e-01
7.969910000000000050e-01
7.745250000000000190e-01
9.637539999999999996e-01
1.304359999999999964e+00
1.310370000000000035e+00
2.566419999999999924e+00
1.891210000000000058e+00
1.683959999999999901e+00
3.184340000000000170e+00
2.608929999999999971e+00
3.832580000000000098e+00
3.848970000000000002e+00
2.346070000000000100e+00
1.786189999999999944e+00
1.007370000000000099e+00
1.242520000000000069e+00
1.373729999999999896e+00
1.796769999999999978e+00
2.319920000000000204e+00
1.051760000000000028e+00
1.445419999999999927e+00
1.767339999999999911e+00
2.742719999999999825e+00
6.074659999999999727e+00
4.679540000000000255e+00
3.596400000000000041e+00
4.216230000000000366e+00
9.264290000000000802e+00
6.721540000000000070e+00
7.002779999999999561e+00
4.884459999999999802e+00
2.986349999999999838e+00
2.201179999999999914e+00
1.234639999999999960e+00
5.579579999999999540e-01
3.353289999999999882e-01
3.207940000000000236e-01
1.593779999999999919e-01
3.910560000000000147e-01
7.139269999999999783e-01
1.032310000000000061e+00
9.456309999999999993e-01
4.904870000000000063e-01
4.871670000000000167e-01
2.355069999999999941e-01
1.310600000000000098e-01
8.191560000000000508e-02
1.995830000000000104e-01
1.671819999999999973e-01
1.296430000000000082e-01
1.159479999999999955e-01
4.047989999999999922e-02
4.080870000000000331e-02
3.322939999999999922e-02
4.669979999999999964e-02
9.756670000000000620e-02
6.624729999999999508e-02
5.114479999999999721e-02
9.855780000000000096e-02
6.677349999999999952e-02
5.496530000000000166e-02
5.657770000000000160e-02
5.108000000000000040e-02
4.177569999999999895e-02
6.973350000000000382e-02
8.508599999999999497e-02
1.074790000000000051e-01
1.354120000000000046e-01
2.345299999999999885e-01
2.690719999999999779e-01
3.195609999999999840e-01
3.161309999999999953e-01
3.846490000000000187e-01
3.898199999999999998e-01
2.887109999999999954e-01
1.591889999999999972e-01
1.825019999999999976e-01
1.941120000000000068e-01
1.465980000000000061e-01
1.453959999999999975e-01
1.146380000000000038e-01
1.364480000000000137e-01
8.082179999999999920e-02
1.021470000000000017e-01
6.025459999999999844e-02
8.836990000000000123e-02
1.276849999999999929e-01
1.238400000000000056e-01
6.909110000000000251e-02
6.825989999999999835e-02
6.384520000000000473e-02
5.491390000000000160e-02
6.916219999999999313e-02
5.426179999999999892e-02
4.697830000000000061e-02
4.386160000000000059e-02
3.084409999999999930e-02
1.126210000000000058e-02
1.000569999999999932e-02
5.169400000000000210e-03
4.725049999999999736e-03
2.864989999999999985e-03
5.057999999999999996e-03
7.915619999999999948e-03
7.238310000000000403e-03
6.802719999999999947e-03
8.583860000000000448e-03
7.007290000000000220e-03
7.922240000000000532e-03
9.287230000000000485e-03
7.427070000000000026e-03
7.631350000000000286e-03
6.479480000000000135e-03
5.567879999999999878e-03
3.496819999999999876e-03
2.242300000000000022e-03
2.626049999999999999e-03
1.433030000000000068e-03
1.373800000000000108e-03
1.224810000000000005e-03
1.196079999999999973e-03
1.567849999999999973e-03
2.138020000000000025e-03
1.530539999999999939e-03
1.090620000000000044e-03
1.067479999999999991e-03
1.441830000000000065e-03
1.284020000000000083e-03
1.890289999999999982e-03
1.700109999999999903e-03
1.263419999999999908e-03
1.712900000000000056e-03
1.867240000000000046e-03
1.818710000000000075e-03
1.449060000000000062e-03
1.804669999999999972e-03
1.821130000000000014e-03
2.410349999999999906e-03
1.877210000000000033e-03
2.048320000000000175e-03
3.255319999999999915e-03
2.358630000000000015e-03
2.826190000000000126e-03
2.643030000000000206e-03
3.675250000000000131e-03
4.680440000000000121e-03
7.152430000000000419e-03
6.321860000000000326e-03
5.672420000000000066e-03
4.004399999999999973e-03
1.045180000000000067e-02
6.996119999999999770e-03
8.824379999999999724e-03
7.805720000000000366e-03
1.328679999999999965e-02
2.401889999999999928e-02
1.501689999999999969e-02
1.240460000000000000e-02
1.155280000000000022e-02
1.042099999999999971e-02
6.465949999999999823e-03
5.599400000000000037e-03
6.228120000000000184e-03
3.738420000000000111e-03
2.786980000000000100e-03
1.741460000000000013e-03
1.308820000000000035e-03
9.776459999999999838e-04
7.215859999999999722e-04
5.067360000000000354e-04
4.037099999999999955e-04
4.641460000000000247e-04
2.130219999999999943e-04
3.136489999999999916e-04
2.203320000000000040e-04
2.592149999999999771e-04
3.584349999999999928e-04
3.572700000000000268e-04
3.377279999999999757e-04
2.365179999999999876e-04
2.478469999999999870e-04
9.182309999999999843e-05
