1.020290769637755091e+01
1.019659065411730658e+01
1.019403399361950591e+01
1.018946785445119119e+01
1.018396131625643619e+01
1.017772979730730931e+01
1.016688578030566248e+01
1.015796420624458740e+01
1.015031424729026099e+01
1.014369850993014488e+01
1.013895601712043160e+01
1.014025971399330039e+01
1.014161906821172998e+01
1.014306166403651588e+01
1.014460845170252590e+01
1.014626140564548251e+01
1.014805635877888257e+01
1.014981931774370949e+01
1.015201912071071177e+01
1.015247181033603674e+01
1.015043712372892060e+01
1.014941311578811955e+01
1.014898496173935882e+01
1.014272100535325905e+01
1.012598196086234381e+01
1.010924096858820320e+01
1.008841961701609158e+01
1.006199124295230085e+01
1.004461030791735432e+01
1.003574583753625937e+01
1.003681646368119829e+01
1.003812320059337715e+01
1.003943394952165313e+01
1.004088703005013095e+01
1.004248100471852645e+01
1.004415546713994800e+01
1.004590946703500975e+01
1.004773034553277533e+01
1.004963273093984455e+01
1.005163094785917366e+01
1.005372364073837232e+01
1.005590558723072192e+01
1.005823237098578460e+01
1.006073182728750659e+01
1.006340467198287314e+01
1.006628491708006301e+01
1.006943498024897465e+01
1.007291865929016694e+01
1.007681514561976144e+01
1.008129328771799926e+01
1.008673344795757565e+01
9.889418245902781734e+00
9.804737623872730623e+00
9.804169429662305646e+00
9.770198606450083645e+00
9.668599283659609966e+00
9.509930665790713888e+00
9.349464030012837767e+00
9.217444461102655140e+00
9.142398852785737162e+00
9.109821440916256563e+00
9.113027027162749150e+00
9.110768104721049809e+00
9.095650471490774436e+00
9.069952847451704159e+00
9.050998079173384170e+00
9.034528192401879210e+00
9.026815076355795497e+00
9.022180839413666220e+00
9.015183654380145128e+00
9.008821520374505454e+00
9.004261170374917356e+00
8.997550633741644432e+00
8.992851633979231707e+00
8.990478712390268967e+00
8.986807103201313041e+00
8.986455076378748075e+00
8.985212642573735309e+00
8.978022479889247620e+00
8.968026466038244493e+00
8.954040756924907640e+00
8.938484199635720273e+00
8.921278515221001015e+00
8.906232113671009643e+00
8.898070504910625900e+00
8.893008998534867260e+00
8.888961418583507523e+00
8.882050710750551303e+00
8.873440350583425840e+00
8.863516167375962596e+00
8.862720975128203449e+00
8.860654177643283447e+00
8.857038645079102324e+00
8.850184130410500671e+00
8.839457306332038300e+00
8.824388154492158520e+00
8.803179105530128723e+00
8.776884159165978971e+00
8.730186124443763518e+00
8.649798118660841695e+00
8.563660224582084979e+00
8.489411401811903346e+00
8.415484178623488631e+00
8.352645518668971647e+00
8.293344873151232477e+00
8.217257525654586559e+00
8.144459003113503570e+00
8.070706350173558974e+00
8.008953424546181310e+00
7.971772961220094267e+00
7.949008733724433284e+00
7.928581719195967992e+00
7.913183668391068792e+00
7.900964350741494613e+00
7.893029000276479579e+00
7.887477763632381844e+00
7.880646128046206123e+00
7.869937168446116793e+00
7.736567795672568693e+00
7.701720781480592137e+00
7.627384293231283863e+00
7.584830827934672115e+00
7.543110300374411104e+00
7.483271980294971648e+00
7.407385805092669528e+00
7.337323460636715033e+00
7.296524789554932333e+00
7.257455371738512184e+00
7.201380735540212186e+00
7.163843897696618335e+00
7.138217410148555153e+00
7.097080223085966644e+00
7.050785629952909694e+00
7.009382899167601266e+00
6.967806229756683400e+00
6.929948952354695990e+00
6.888664082633380481e+00
6.824687383963408571e+00
6.745878585629030866e+00
6.692224542693798739e+00
6.657911163287762335e+00
6.635502847309594721e+00
6.619066186373356864e+00
6.601722196033338541e+00
6.581156309800284099e+00
6.558679776574334319e+00
6.534262237095425974e+00
6.508629359607250642e+00
6.481823723070032628e+00
6.462694415021231542e+00
6.445775396743085750e+00
6.429253119668010719e+00
6.418665813053475055e+00
6.411119474336167023e+00
6.407802057202589552e+00
6.405245588066685869e+00
6.403702051934313744e+00
6.404060189159618943e+00
6.403936845085541840e+00
6.401436730480486226e+00
6.395632126613763901e+00
6.388790124006527016e+00
6.381131332590117111e+00
6.372003820238557381e+00
6.360845132956576720e+00
6.344380482724638171e+00
6.328340861827437713e+00
6.311366000642590457e+00
6.294124387884248328e+00
6.275474904157557710e+00
6.249667875559579144e+00
6.205929387607816317e+00
6.139885380478553145e+00
6.104326611213070741e+00
6.066560716410177356e+00
6.025686730162768789e+00
5.962425690839363135e+00
5.895048316956728485e+00
5.855944761587927871e+00
5.823532913648723053e+00
5.787063547819767173e+00
5.729248237517789555e+00
5.668562953458693876e+00
5.620094394032491003e+00
5.572929659079371767e+00
5.502881662105226113e+00
5.394749280700503746e+00
5.269566643978933485e+00
5.138353231311395319e+00
5.017534159437198049e+00
4.949528568395630046e+00
4.894214124465875670e+00
4.836753766014308731e+00
4.797251609480962742e+00
4.771355942417045526e+00
4.752692877552006756e+00
4.735234706074099797e+00
4.719375211494338807e+00
4.708486336838933362e+00
4.699346808436978939e+00
4.691218569560346552e+00
4.679092506337448221e+00
4.668354228812135354e+00
4.658763839718978339e+00
4.652325648121414581e+00
4.647487618563035383e+00
4.643994219776700128e+00
4.642122093959045515e+00
4.640273681229177605e+00
4.639003117564215906e+00
4.637563773411391921e+00
4.634436962537898275e+00
4.631212354233962714e+00
4.628219266598595283e+00
4.620668962355879650e+00
4.608096875578195473e+00
4.594370448312677269e+00
4.581694852128132212e+00
4.570367785823502338e+00
4.559390668748795505e+00
4.548528222756430317e+00
4.540891066065529280e+00
4.530033122655146904e+00
4.515578476008336395e+00
4.504572797592153677e+00
4.493218181712540726e+00
4.479272911776856603e+00
4.467396455685475942e+00
4.450593942885268994e+00
4.430924422033539756e+00
4.411781273852706242e+00
4.395693247503584367e+00
4.384104201364378284e+00
4.372608258684773652e+00
4.357744325180375355e+00
4.345316866610914985e+00
