1.054577580253023150e+01
1.053706944782414645e+01
1.053136138616284434e+01
1.052588406373142149e+01
1.052116032110516919e+01
1.052269065504519752e+01
1.051962457561610265e+01
1.051087864537245764e+01
1.050243121708285976e+01
1.049824850728875880e+01
1.049755159906456647e+01
1.049583284633444791e+01
1.049360859890827946e+01
1.049154798021793233e+01
1.048967025963652944e+01
1.048416454622371141e+01
1.047815653593839436e+01
1.047475952094024088e+01
1.047093943756505041e+01
1.046775013438517199e+01
1.046448656667918620e+01
1.046060470778130025e+01
1.045915868996183562e+01
1.045854116053525473e+01
1.045763365752637419e+01
1.045884777022438605e+01
1.046034748802795455e+01
1.046006452079469007e+01
1.045636907014277384e+01
1.045072318529047983e+01
1.044799943682739141e+01
1.044923611409035757e+01
1.045066626182767422e+01
1.045224350854080519e+01
1.045387156008535001e+01
1.045559850665743795e+01
1.045753825960733963e+01
1.045703366505437870e+01
1.045419064001497667e+01
1.045387614183879599e+01
1.045589199871934305e+01
1.045805588231558048e+01
1.046038510276450673e+01
1.046291734306031351e+01
1.046570399161700493e+01
1.046882272598511499e+01
1.047251803371721479e+01
1.047041343134838698e+01
1.045932613214442419e+01
1.044493902120765938e+01
1.043132837575943306e+01
1.041722084269543913e+01
1.039449720931278698e+01
1.036919915345499099e+01
1.034047980881013196e+01
1.031246086748949331e+01
1.029920865944733066e+01
1.028578677188641599e+01
1.027840145111380110e+01
1.028270366287020998e+01
1.028169680782915485e+01
1.027357994567620558e+01
1.025811504936189600e+01
1.023358239299399486e+01
1.020603209156264413e+01
1.017472252447906556e+01
1.013095741775418723e+01
1.008093658652934188e+01
1.003395021938242238e+01
9.982361701633147177e+00
9.936589134282208136e+00
9.893685767741489556e+00
9.850516356201371337e+00
9.810704875606809594e+00
9.767117260412399915e+00
9.726526719149084954e+00
9.706679385253000447e+00
9.693986217413250728e+00
9.673136150457661842e+00
9.653265590968480581e+00
9.635813363804995646e+00
9.625133344745647079e+00
9.618088908010854254e+00
9.606786445986355005e+00
9.586960682382047239e+00
9.556169779397686526e+00
9.487660064179229025e+00
9.392712777466664775e+00
9.314598159218199669e+00
9.249699647511887335e+00
9.207316540340309885e+00
9.183910133804047859e+00
9.161730262363384725e+00
9.150415622861661546e+00
9.145438822121652933e+00
9.140834740867129327e+00
9.136225760284569120e+00
9.133123575402619210e+00
9.131477511744034103e+00
9.128476814380347193e+00
9.122448532233105922e+00
9.111013697879469575e+00
9.100029179613478902e+00
9.089682610937575902e+00
9.077309753175891061e+00
9.063475973306010403e+00
9.049171488625608717e+00
9.033697114112422710e+00
9.020750646997983679e+00
9.010469569796391909e+00
8.999971335618258905e+00
8.988434090413445432e+00
8.979450488082694193e+00
8.973094125165355095e+00
8.968495089950378585e+00
8.962023467370702434e+00
8.953112840935238737e+00
8.944591725594031928e+00
8.934792258104394591e+00
8.921912145949345785e+00
8.909733027002715744e+00
8.902463064925470348e+00
8.897215140826157054e+00
8.893115108366156818e+00
8.890224228201955015e+00
8.886869580516574274e+00
8.883773826240126681e+00
8.880975279729508287e+00
8.878469516167065478e+00
8.876399143789376112e+00
8.874168595268960402e+00
8.870417367028723632e+00
8.866003625546811762e+00
8.861978633516367054e+00
8.857627354649288520e+00
8.854454830503865281e+00
8.852854959677452840e+00
8.852094325094919114e+00
8.851537797635977256e+00
8.849377640890150332e+00
8.847867435163205840e+00
8.819263527689459536e+00
8.768416828448327038e+00
8.754936681290526934e+00
8.736540711911459312e+00
8.715137232330896211e+00
8.688712516145677967e+00
8.657392444102088191e+00
8.630566176302661319e+00
8.602287936100692534e+00
8.574850442651527516e+00
8.549021663944474270e+00
8.524859382052540013e+00
8.506839080652099483e+00
8.496234774539193069e+00
8.488075270501516556e+00
8.480130598614444182e+00
8.471611445350470504e+00
8.450870843816113975e+00
8.442835525290345089e+00
8.431349287434976247e+00
8.417338810319398235e+00
8.404896975382031954e+00
8.390435204305839889e+00
8.381064515414960781e+00
8.374214770713324540e+00
8.362962873420215715e+00
8.351496756796949583e+00
8.339866654870807139e+00
8.319651448869393562e+00
8.295305344927868418e+00
8.260369564778047291e+00
8.209831237344998200e+00
8.128195645451482321e+00
8.017392319024184033e+00
7.896338239734671305e+00
7.727865636789928772e+00
7.540239352464611855e+00
7.339501128908108463e+00
7.199508348896785925e+00
7.104674855289732527e+00
7.015833196836574359e+00
6.918602724609923094e+00
6.824853172390385581e+00
6.733781283309610011e+00
6.652730662240545989e+00
6.594776946316076582e+00
6.562138156677707279e+00
6.516421662433851125e+00
6.483150643666388824e+00
6.461876531578266025e+00
6.431040335642458139e+00
6.394745780710723082e+00
6.379832878830856480e+00
6.367066916540925270e+00
6.354985749679551432e+00
6.344272384000949394e+00
6.322068299453795781e+00
6.275666017909720118e+00
6.190704191066140005e+00
6.087887849492933157e+00
5.980069761267552408e+00
5.823617666120485481e+00
5.631497545140515371e+00
5.493317213578346347e+00
5.413073335354131821e+00
5.312680778423456651e+00
5.188520702086588443e+00
5.065318237803737134e+00
4.972731725793783752e+00
4.915846564578879807e+00
4.860496120879131965e+00
4.799523190468606870e+00
4.697388031827751220e+00
4.222347033721198351e+00
3.855165882758505802e+00
3.653835520558078365e+00
3.513157647305197084e+00
3.279591665897046759e+00
3.012436476994253542e+00
2.897320228067880254e+00
2.772180097768504048e+00
2.612294205057716479e+00
2.439446385139311779e+00
2.323212898425471629e+00
2.254809010414805748e+00
2.194886038754269020e+00
2.093740284382888728e+00
1.997283259983941628e+00
1.917107793130004012e+00
1.795905726816410919e+00
1.558338903026816435e+00
1.256825945408824419e+00
1.099690997769908085e+00
6.759642971734313166e-01
