1.043606559603869854e+01
1.042562550403856747e+01
1.041437494580502054e+01
1.040230094015043072e+01
1.038966921988050096e+01
1.037631958870269067e+01
1.036079593612605443e+01
1.033965810437504729e+01
1.031374070840576884e+01
1.028908480709923445e+01
1.027323746402350402e+01
1.026941019573533787e+01
1.027010794017610351e+01
1.027058335072228878e+01
1.027142569240539238e+01
1.027228728441225947e+01
1.027322357393404850e+01
1.027419480892345227e+01
1.027518461882878142e+01
1.027618827337886742e+01
1.027717584957133212e+01
1.027817491819731899e+01
1.027923791201983938e+01
1.028035069304600491e+01
1.028153331385737701e+01
1.028276481531666064e+01
1.028405832180348867e+01
1.028545603682954379e+01
1.028701077323773383e+01
1.028612174990398920e+01
1.028200092450489400e+01
1.028016846521079053e+01
1.028149924486485745e+01
1.028299123088376987e+01
1.028458186458582446e+01
1.028277613889889786e+01
1.027880159926939108e+01
1.027847693583531807e+01
1.027987902139101450e+01
1.028153331385737701e+01
1.028332384761878693e+01
1.023373708020434947e+01
1.021453655545639982e+01
1.021641663825540469e+01
1.021857226377420780e+01
1.021561112961284934e+01
1.020750241659806612e+01
1.020452423119317231e+01
1.020632115386551853e+01
1.020825319307268586e+01
1.021030514024607960e+01
1.021247792512672348e+01
1.021480412417475847e+01
1.021732335717389084e+01
1.022012116900214629e+01
1.022340247841765581e+01
1.022162546486355872e+01
1.021950593747285652e+01
1.022090791801017140e+01
1.020941581249856789e+01
1.018854321036829624e+01
1.016619913921207896e+01
1.014327404978080693e+01
1.012073840554294257e+01
1.009295912543665175e+01
1.005990783925046728e+01
1.002939595399531569e+01
1.001432308729650700e+01
1.000052084093618632e+01
9.972555501544020373e+00
9.942005571332469316e+00
9.922084699527479401e+00
9.906780961472417601e+00
9.889608682214118929e+00
9.872706807262117579e+00
9.867828562300605455e+00
9.866511814263125402e+00
9.864988423903518822e+00
9.865218902310973093e+00
9.856926965637669014e+00
9.845123476517564143e+00
9.829258089082852479e+00
9.807059208283849472e+00
9.779031252190669932e+00
9.748212067642473500e+00
9.718010650305050291e+00
9.689556576111792552e+00
9.662196662931004099e+00
9.607607267678137219e+00
9.529738255465954211e+00
9.460971471219409068e+00
9.408824850960789021e+00
9.375006646911115737e+00
9.358644756998723224e+00
9.351502556502023111e+00
9.349830973007568602e+00
9.349832913680588220e+00
9.350218935140613752e+00
9.350325563996703337e+00
9.348205528735610059e+00
9.340386601717131754e+00
9.326872251973544081e+00
9.300184470356505528e+00
9.266478652034816577e+00
9.236965299102980254e+00
9.208083776312115276e+00
9.178812977366643366e+00
9.156891243038971950e+00
9.144720504404368455e+00
9.138226887422128186e+00
9.133835787660679273e+00
9.130353070043058850e+00
9.125617876184266564e+00
9.119476940385107255e+00
9.115220969559333142e+00
9.111940988714840373e+00
9.106575028635631952e+00
9.098055039669242561e+00
9.087593324734648093e+00
9.077211603833072573e+00
9.067703044040065663e+00
9.062412745615160858e+00
9.059616423583172207e+00
9.057867612386004907e+00
9.057041975312321469e+00
9.056054478380405115e+00
9.054283570473547371e+00
9.049090042047978955e+00
9.041199183605922229e+00
9.035657832980270143e+00
9.030470183325297384e+00
9.027068142696395014e+00
9.024904162003254626e+00
9.022387125686437415e+00
9.019859565166196802e+00
9.016740927286260643e+00
9.010800125044040598e+00
9.003731881372880608e+00
8.996965430364936012e+00
8.989290487803668128e+00
8.982878820102458306e+00
8.978372276575520061e+00
8.974554981864310221e+00
8.970466360522193483e+00
8.964330356437848479e+00
8.955182462901181140e+00
8.944524619023178857e+00
8.933490831029326174e+00
8.921260814393756178e+00
8.794322104708861332e+00
8.728524219304322429e+00
8.720975010507286740e+00
8.715261068319316351e+00
8.708328252095524746e+00
8.699645241351593228e+00
8.689738500377609753e+00
8.680972434495439316e+00
8.675364006736520750e+00
8.670143763313085117e+00
8.664163235831161103e+00
8.656270735080811463e+00
8.647414269489928529e+00
8.644514412043852403e+00
8.643978446643867386e+00
8.643503999165041307e+00
8.643246337597917162e+00
8.634233351874197382e+00
8.625897633694146194e+00
8.609285918592679110e+00
8.586843755214214724e+00
8.563765775330468344e+00
8.542932431900212009e+00
8.504256040896779112e+00
8.445808071462872491e+00
8.360788366888225909e+00
8.225270503701647584e+00
8.062743639529880824e+00
7.881094649849727851e+00
7.586749291052842459e+00
7.236892310760070224e+00
6.941977279065876694e+00
6.665250689078125568e+00
6.506598375392515621e+00
6.340206080040021952e+00
6.200571453569989622e+00
6.073754998123192195e+00
5.993427853162849317e+00
5.926696324452798592e+00
5.851697925805249945e+00
5.771395643493101524e+00
5.662506623537899131e+00
5.519522174300088402e+00
5.359558507599000876e+00
5.207090148772070215e+00
5.063682305909021686e+00
4.935771691808729322e+00
4.881420038059761879e+00
4.832666635146659395e+00
4.779688101859374427e+00
4.726264149367971790e+00
4.679206149940611681e+00
4.652410742091769968e+00
4.624253210681535720e+00
4.578638064070830183e+00
4.538695610699193139e+00
4.487088860254386802e+00
4.406608299716018529e+00
4.319982095919706389e+00
4.245697697064368725e+00
4.180922593499460937e+00
4.092464482745416632e+00
3.978859968844364214e+00
3.889370063482932238e+00
3.830679751919629616e+00
3.794063303971032752e+00
3.773294111836874354e+00
3.755228266299551088e+00
3.736942811762363092e+00
3.719158861056782062e+00
3.707685121189319588e+00
