1.008859318674555894e+01
1.007892421243255399e+01
1.006895354999768699e+01
1.005835009221065413e+01
1.004715020892631649e+01
1.003514545245681155e+01
1.001795940293772524e+01
9.991961095025144957e+00
9.776648891203670644e+00
9.711411545713341198e+00
9.674515771470954206e+00
9.653457579726353543e+00
9.637957794742789019e+00
9.621703764175510543e+00
9.610675065095843905e+00
9.599710629480705748e+00
9.585479905724593408e+00
9.571304621817983360e+00
9.557258102897442598e+00
9.543106569615963153e+00
9.538507126825747306e+00
9.540664765851188278e+00
9.543309227737632128e+00
9.543390015958749473e+00
9.543319171714344407e+00
9.443874481596980175e+00
9.413152179492460192e+00
9.398424411067551887e+00
9.375882991545228862e+00
9.350807974624224528e+00
9.331273393353887613e+00
9.316150739510232981e+00
9.297563557109356225e+00
9.270825516746214134e+00
9.241718271839921783e+00
9.222003330938070675e+00
9.209268308111116852e+00
9.203813153816389203e+00
9.200571453569990510e+00
9.190135520877030118e+00
9.185360806841446291e+00
9.185389147460604420e+00
9.180174637328661902e+00
9.169883009866429902e+00
9.158281054244856279e+00
9.150679702607366295e+00
9.149249912590281753e+00
9.151428079195897070e+00
9.153924566988628442e+00
9.153223211482441002e+00
9.152260817804126702e+00
9.151146055848194294e+00
9.145969799579361847e+00
9.138921324402462076e+00
9.127039973455081778e+00
9.116780364976097673e+00
9.110882507854777046e+00
9.102293034609687084e+00
9.092043066022139186e+00
9.083570696962613766e+00
9.077004326793350231e+00
9.073864922902998842e+00
9.064996779059223186e+00
9.049078405575620820e+00
9.032812095687821952e+00
9.018263488441297326e+00
9.006731244588563001e+00
8.998117602741048771e+00
8.984376971928849542e+00
8.967554060042914443e+00
8.947984818236943028e+00
8.928071546758470589e+00
8.906004076009441661e+00
8.888939546082966103e+00
8.877716225335200662e+00
8.866867782963232969e+00
8.856322190713731501e+00
8.846808888112342117e+00
8.834977362834568027e+00
8.817896417685220811e+00
8.791154290513985003e+00
8.757777766784906603e+00
8.721424770585331387e+00
8.679237055857001337e+00
8.632838777313532219e+00
8.577605528737684892e+00
8.525613554692645479e+00
8.482689255062050293e+00
8.430779486503046982e+00
8.363198169015763739e+00
8.272841422280233559e+00
8.124725880158077729e+00
7.893082889273488334e+00
7.637868821174313538e+00
7.452047240809425155e+00
7.321177808243725771e+00
7.208991937788357340e+00
7.052551590025194272e+00
6.912196008713821449e+00
6.787394581450026720e+00
6.675032804624914995e+00
6.574626133109574333e+00
6.300103961841021949e+00
6.184219979696561786e+00
6.083119038690205649e+00
6.021040372572998400e+00
5.980178418370437399e+00
5.949738278491707888e+00
5.940230513469918705e+00
5.934247396882491365e+00
5.929277884841705593e+00
5.925177449657078377e+00
5.920308070941095124e+00
5.914884497485800807e+00
5.908928737598090564e+00
5.901255566988933055e+00
5.894729664116028722e+00
5.888973756431196804e+00
5.883828875906869094e+00
5.879042521682363187e+00
5.873260133581745812e+00
5.867002302113108136e+00
5.862827601112443610e+00
5.860841496202440659e+00
5.858808997687923181e+00
5.855000357667434763e+00
5.850844654464675720e+00
5.843676814960893751e+00
5.782122037150265292e+00
5.767552118167852626e+00
5.750946325427437777e+00
5.686886408025396022e+00
5.657423986160812213e+00
5.629330073113994359e+00
5.604997806155495255e+00
5.586339708754248790e+00
5.570419171669239944e+00
5.553015999012774095e+00
5.534746792159864093e+00
5.478821803005154756e+00
5.434637555456093061e+00
5.396656075342103343e+00
5.344354934545368252e+00
5.273383283147577316e+00
5.209916953008991491e+00
5.127535638066226475e+00
5.041747871723265995e+00
4.962270814951615705e+00
4.842393910956080738e+00
4.705280271664912917e+00
4.581963304489857336e+00
4.477887831360863657e+00
4.392712777466663887e+00
4.302979936748249301e+00
4.214674334196247152e+00
4.147549572125064365e+00
4.117493358951955784e+00
4.078558310746538851e+00
4.059612637677573410e+00
4.046022763456498694e+00
3.995554908499981739e+00
3.969458314573491631e+00
3.926868015877770457e+00
3.873067625741414943e+00
3.813161167855437128e+00
3.723530374112701935e+00
3.622701941385636726e+00
3.540519671642008426e+00
3.426317656257061195e+00
3.270529776536008626e+00
3.117092236595079946e+00
2.961985073220484654e+00
2.809333418562459439e+00
2.686139137655521036e+00
2.628978148791228264e+00
2.597930913135680253e+00
2.553285764506279421e+00
2.482268864880012416e+00
2.376943580377532506e+00
2.214279428240532699e+00
1.997803875338965751e+00
1.788167663820588560e+00
1.573465737790595398e+00
1.381880065039413630e+00
1.168739018431463883e+00
9.632313852650609132e-01
7.927655821407134651e-01
6.902563452852444881e-01
5.606764262580967717e-01
4.288941451335261945e-01
2.665115688066001520e-01
-2.209030181190058950e-01
