1.009086796520025686e+01
1.009170563797270503e+01
1.009271362856148180e+01
1.009372978483662742e+01
1.007828277537854689e+01
1.007136643675912957e+01
1.007234917458915646e+01
1.007320862574043119e+01
1.007413961318765416e+01
1.007525124852896603e+01
1.007641468292375819e+01
1.007762222924452011e+01
1.007889161984022230e+01
1.008021147253188055e+01
1.008158491638984877e+01
1.008300425699341929e+01
1.008447975732455504e+01
1.008601083098210971e+01
1.008760752328083754e+01
1.008926555700763750e+01
1.009099829775319890e+01
1.009286795708195505e+01
1.009348472333436675e+01
1.009303274744645762e+01
1.008995101005670669e+01
1.008041000715563662e+01
1.004832913652251847e+01
1.005014765802030396e+01
1.005237839642941466e+01
1.005004704358188938e+01
1.004692417423003548e+01
1.004902797725888242e+01
1.005133778190711880e+01
1.005386944538437710e+01
1.005647415295984537e+01
1.005923766956322751e+01
1.006248797091858371e+01
1.006616559823785728e+01
1.007027065996966186e+01
1.007290030046712737e+01
1.007002677809644808e+01
1.005777637484778175e+01
1.003901732199741126e+01
1.002371737918998562e+01
1.000317176817149623e+01
9.962097875997796947e+00
9.906387304869651800e+00
9.840356431972281825e+00
9.754981729456806860e+00
9.643976474961982959e+00
9.490502061312676929e+00
9.315079863780802327e+00
9.192609264014681258e+00
9.115693701882753075e+00
9.071664805760260464e+00
9.056336849554364576e+00
9.050569211188483010e+00
9.047278762384488360e+00
9.024263948521946688e+00
9.026892644616093975e+00
9.029769195172667295e+00
9.033222646670250100e+00
9.036253515521233126e+00
9.038155023158676471e+00
9.038679759115851198e+00
9.034716669998243077e+00
9.024842644009028803e+00
9.012305626625257915e+00
8.980966845102326346e+00
8.912287434990922463e+00
8.799429467315739828e+00
8.669682203811154508e+00
8.577025084705494962e+00
8.519801751624473951e+00
8.496360820201536157e+00
8.483905235306053783e+00
8.473145239320009736e+00
8.461207298787988051e+00
8.450886222025800976e+00
8.441929104713674192e+00
8.430977552944648679e+00
8.416449109362760694e+00
8.403842600311561384e+00
8.394586501329385442e+00
8.387804344087285813e+00
8.381917918415023649e+00
8.369204721511428247e+00
8.356018204359495272e+00
8.339465354407940012e+00
8.325478718026726455e+00
8.311414767162357720e+00
8.290962341803666646e+00
8.268477342430587740e+00
8.240923478794254464e+00
8.204749253543464960e+00
8.166592906753843195e+00
8.123554390408465053e+00
7.997309480376620705e+00
7.939372466231843894e+00
7.874115208918109232e+00
7.784609448162520984e+00
7.684624569077604939e+00
7.599047506785087336e+00
7.549541502585550568e+00
7.515041531625986870e+00
7.494437071939678674e+00
7.478481359759885372e+00
7.460706951678093724e+00
7.446450175203685795e+00
7.437980329401656654e+00
7.433302496052739627e+00
7.432136763398347945e+00
7.431600149033534386e+00
7.430724720490125002e+00
7.430063762457959520e+00
7.428167202855481932e+00
7.422721125971557754e+00
7.421429516038488217e+00
7.418730400900940936e+00
7.416823504766854036e+00
7.415315637542809313e+00
7.413815915543977120e+00
7.413083401360325730e+00
7.412437026008691809e+00
7.411232371541069064e+00
7.409561194521850247e+00
7.405242171653203975e+00
7.400510359440644059e+00
7.393399695293101814e+00
7.379885398643748928e+00
7.354851484396251138e+00
7.326471044772950414e+00
7.299890650927190805e+00
7.266492759528221157e+00
7.226556086936414047e+00
7.190779770928019232e+00
7.155138586003645607e+00
7.111144848286746090e+00
7.067223409143935875e+00
7.037557961691636166e+00
6.994858033763775573e+00
6.929791237466132792e+00
6.849208050771207645e+00
6.772984380302911944e+00
6.718332256061197327e+00
6.669239686464082162e+00
6.613220050587171883e+00
6.530341877545171592e+00
6.424017085764520907e+00
6.323831460586769815e+00
6.252377230111444639e+00
6.204949777613820494e+00
6.159067647844341131e+00
6.104080623630504299e+00
6.053305139832727555e+00
6.020394433632946019e+00
5.984067122504876934e+00
5.909748530923123688e+00
5.704262938211038581e+00
5.500182939652593639e+00
5.381160223320140545e+00
5.293201183782271890e+00
5.160234363164930116e+00
5.021205843306502992e+00
4.912825503109114145e+00
4.849520143691524510e+00
4.810231845712084287e+00
4.749467309712204433e+00
4.693618801408216967e+00
4.648687803977837874e+00
4.601354776270526692e+00
4.548817972598912185e+00
4.432744874129049606e+00
4.350315871546065694e+00
4.234972598405242650e+00
4.084479757324554150e+00
3.895904091679509573e+00
3.733271915597638824e+00
3.659852524219783021e+00
3.623046572335117954e+00
3.608085097186033874e+00
3.594078595617646865e+00
3.579642999594553565e+00
3.566607169778254871e+00
3.555785865711518223e+00
3.545878376062980841e+00
3.536621562182411083e+00
3.527596393179543099e+00
3.518724455869359335e+00
3.513161644413540508e+00
3.499335106522222905e+00
3.489253760605286914e+00
3.474344493178955329e+00
3.452811877690272535e+00
3.431270461248499437e+00
3.407803755373530752e+00
3.390746165564074488e+00
3.383193988233641925e+00
3.375006646911116182e+00
3.366333287173126632e+00
3.360635061431346049e+00
3.352105303339730114e+00
3.340800922595560163e+00
3.325431505522649545e+00
3.303062075273532905e+00
3.275486419415055028e+00
3.236655643500286672e+00
3.185391981420805596e+00
3.136568378923835443e+00
3.095842073793674931e+00
3.058661330086919428e+00
3.013081710050226736e+00
2.935199321489962099e+00
2.798326702542141664e+00
2.661744555568982484e+00
2.590731520224111240e+00
2.535664947928029100e+00
2.477750525607202547e+00
2.409759032677972979e+00
2.362902617247395476e+00
2.313816620006134972e+00
2.263898695907694325e+00
2.231150888954646305e+00
2.202891364503155813e+00
2.165339308379310879e+00
2.130140705819275837e+00
2.095883866701291343e+00
2.045412958411466420e+00
1.956994437388767771e+00
1.725100246206394461e+00
1.154009872113372470e+00
