7.014700000000000379e-01
6.557389999999999608e-01
6.894799999999999818e-01
7.094359999999999555e-01
7.045559999999999601e-01
1.131440000000000001e+00
8.033689999999999998e-01
6.305100000000000149e-01
9.595770000000000133e-01
7.639970000000000372e-01
6.310850000000000071e-01
4.459000000000000186e-01
7.099750000000000227e-01
6.956750000000000433e-01
1.424569999999999892e+00
1.503100000000000103e+00
1.465270000000000072e+00
1.123680000000000012e+00
8.458679999999999533e-01
7.707300000000000262e-01
6.230459999999999887e-01
1.521509999999999918e+00
3.556700000000000195e+00
3.529490000000000016e+00
2.110329999999999817e+00
1.190579999999999972e+00
8.518750000000000488e-01
7.851280000000000481e-01
1.818010000000000112e-02
1.837739999999999860e-02
9.756920000000000037e-01
1.982399999999999940e+00
2.297359999999999847e+00
2.543649999999999967e+00
3.237159999999999815e+00
2.657540000000000013e+00
4.524560000000000137e+00
5.132349999999999746e+00
6.441419999999999924e+00
5.164679999999999715e+00
2.405229999999999979e+00
1.973640000000000061e+00
9.819299999999999695e-01
2.615080000000000095e-03
1.525139999999999916e-03
2.283110000000000087e-03
3.608069999999999888e-01
4.597450000000000148e-01
5.917750000000000510e-01
5.284109999999999641e-01
5.839090000000000114e-01
5.727069999999999661e-01
6.827929999999999833e-01
1.189270000000000049e+00
3.005279999999999951e+00
3.736340000000000217e+00
2.202690000000000037e+00
1.666770000000000085e+00
8.016039999999999832e-01
5.864380000000000148e-01
5.516429999999999945e-01
1.651019999999999988e-01
1.261919999999999986e-01
1.426669999999999883e-01
1.526720000000000022e-01
1.966640000000000055e-01
1.630220000000000002e-01
2.699269999999999725e-01
4.084840000000000138e-01
2.726640000000000175e-01
2.247790000000000066e-01
2.043169999999999986e-01
1.698989999999999945e-01
9.066559999999999897e-02
4.674999999999999989e-02
3.753379999999999911e-02
2.595779999999999962e-02
2.439770000000000133e-02
3.086059999999999845e-02
3.055669999999999914e-02
3.081980000000000136e-02
4.203500000000000292e-02
4.820800000000000085e-02
4.756450000000000261e-02
3.890729999999999883e-02
4.818159999999999804e-02
5.100140000000000229e-02
9.948849999999999361e-02
8.361090000000000189e-02
1.059240000000000043e-01
1.208840000000000053e-01
7.499169999999999447e-02
5.997279999999999972e-02
3.953550000000000120e-02
2.544590000000000046e-02
2.188309999999999908e-02
2.457929999999999837e-02
2.256899999999999878e-02
5.146239999999999842e-02
4.170999999999999708e-02
1.313509999999999955e-01
1.938960000000000128e-01
1.715200000000000058e-01
2.669170000000000154e-01
2.316390000000000116e-01
2.974700000000000122e-01
1.822689999999999866e-01
2.361330000000000096e-01
1.834439999999999960e-01
1.021579999999999988e-01
4.776350000000000040e-02
2.879419999999999896e-02
2.411699999999999955e-02
1.990400000000000155e-02
1.982650000000000037e-02
1.637250000000000164e-02
1.632820000000000105e-02
1.221320000000000044e-02
1.878159999999999899e-02
1.779769999999999963e-02
1.269039999999999925e-02
1.504549999999999985e-02
9.010370000000000185e-03
1.302260000000000049e-02
1.470400000000000006e-02
1.088229999999999927e-02
9.684059999999999543e-03
8.825029999999999333e-03
9.546920000000000406e-03
6.317530000000000021e-03
7.275870000000000254e-03
4.978790000000000299e-03
4.624520000000000020e-03
6.769729999999999845e-03
5.940159999999999885e-03
5.943399999999999725e-03
6.125590000000000201e-03
5.874439999999999870e-03
6.043690000000000000e-03
7.477700000000000319e-03
7.180689999999999990e-03
1.129890000000000061e-02
7.888549999999999382e-03
9.444700000000000317e-03
1.361350000000000060e-02
8.208450000000000815e-03
6.816739999999999952e-03
5.000499999999999737e-03
6.320690000000000336e-03
6.443919999999999683e-03
9.366029999999999148e-03
1.077589999999999971e-02
1.246509999999999979e-02
1.763019999999999865e-02
1.964590000000000086e-02
8.959979999999999334e-03
9.144229999999999720e-03
1.028530000000000069e-02
1.307110000000000043e-02
1.140189999999999954e-02
8.301750000000000101e-03
8.111880000000000132e-03
5.480920000000000236e-03
5.138919999999999946e-03
3.328069999999999813e-03
3.784619999999999825e-03
4.689809999999999986e-03
7.656859999999999708e-03
8.142760000000000623e-03
1.066390000000000046e-02
1.323799999999999977e-02
1.265679999999999930e-02
1.230099999999999943e-02
1.079970000000000062e-02
1.268200000000000056e-02
1.389319999999999965e-02
1.699219999999999897e-02
1.491229999999999986e-02
9.899639999999999482e-03
8.554859999999999201e-03
5.147940000000000155e-03
5.712580000000000088e-03
6.390400000000000073e-03
8.097369999999999568e-03
3.972060000000000347e-03
2.973139999999999984e-03
1.557199999999999904e-03
1.012059999999999956e-03
6.554119999999999651e-04
4.717799999999999858e-04
4.073500000000000081e-04
3.239040000000000213e-04
1.671339999999999892e-04
2.749289999999999829e-04
2.403050000000000108e-04
1.510349999999999930e-04
1.594119999999999977e-04
1.520880000000000116e-04
1.005769999999999960e-04
1.345940000000000060e-04
1.164900000000000045e-04
9.979600000000000471e-05
8.467880000000000654e-05
1.555200000000000018e-04
1.903720000000000130e-04
1.357890000000000106e-04
1.392330000000000000e-04
2.154459999999999969e-04
2.428259999999999956e-04
1.845270000000000037e-04
1.610840000000000047e-04
1.311449999999999920e-04
1.893610000000000052e-04
1.398229999999999926e-04
1.177930000000000020e-04
8.717210000000000518e-05
7.322119999999999616e-05
5.075809999999999773e-05
4.848290000000000298e-05
4.782140000000000262e-05
4.776860000000000204e-05
3.725919999999999726e-05
7.106209999999999849e-05
8.839669999999999342e-05
1.574000000000000041e-04
2.794440000000000032e-04
3.026659999999999919e-04
4.428689999999999775e-04
6.528740000000000107e-04
7.584360000000000277e-04
1.978680000000000022e-03
2.784510000000000023e-03
4.882039999999999817e-03
4.129960000000000228e-03
2.150539999999999830e-03
9.868990000000000661e-04
