1.255370000000000097e-01
2.134709999999999941e-01
4.176869999999999888e-02
1.077820000000000028e-01
5.531780000000000030e-02
2.224530000000000118e-01
1.649210000000000065e+00
1.654409999999999936e+00
1.124809999999999977e-01
1.225929999999999936e-01
5.885869999999999713e-01
4.889140000000000152e-01
6.309620000000000228e-01
1.447570000000000023e+00
2.502389999999999892e-01
5.105509999999999771e-01
7.483900000000000274e-02
9.132360000000000477e-02
1.280620000000000092e+00
2.338790000000000036e-01
7.855969999999999620e-02
2.774020000000000152e+00
1.799919999999999964e+00
2.181929999999999925e+00
7.014170000000000127e-02
1.035029999999999895e+00
5.629289999999999988e-02
8.274850000000000261e-02
2.437610000000000054e-01
1.679159999999999986e+00
3.583689999999999820e+00
4.657040000000000290e+00
2.529889999999999972e+00
4.581850000000000200e+00
4.090360000000000440e+00
6.766250000000000320e+00
4.160669999999999646e+00
6.314020000000000188e+00
8.211610000000000298e+00
5.903590000000000337e+00
8.961619999999999919e+00
7.397610000000000241e+00
5.914469999999999672e+00
3.788030000000000008e+00
3.206069999999999975e+00
1.407849999999999935e-01
1.043270000000000031e-01
9.712020000000000375e-02
5.636969999999999814e+00
1.571440000000000059e-01
7.308390000000000164e+00
7.920350000000000001e+00
1.305729999999999968e+01
1.457850000000000001e+01
1.512069999999999936e+01
1.342970000000000041e+01
1.566929999999999978e+01
1.200859999999999950e+01
1.171460000000000079e+01
9.788169999999999149e+00
6.806189999999999463e-02
4.423470000000000013e+00
8.264580000000000481e+00
1.017950000000000088e+01
9.738770000000000593e+00
1.083440000000000047e+01
1.813439999999999941e+01
7.127100000000000435e+00
1.092660000000000053e+01
1.205209999999999937e+01
1.118520000000000003e+01
5.048329999999999984e+00
6.069149999999999601e+00
3.582030000000000047e+00
3.190859999999999808e+00
5.074710000000000332e-02
2.115459999999999910e-02
2.918330000000000091e+00
2.946250000000000036e+00
3.862620000000000164e+00
5.243929999999999758e+00
7.316930000000000156e+00
5.141549999999999621e+00
5.420939999999999870e+00
6.763460000000000250e+00
6.077740000000000364e+00
1.064059999999999917e+01
8.815060000000000784e+00
1.470570000000000022e+01
1.939529999999999887e+01
1.261689999999999934e+01
7.194919999999999760e+00
6.069689999999999586e+00
3.634489999999999998e+00
1.428080000000000016e+00
1.546790000000000109e+00
1.507179999999999964e+00
1.510170000000000012e+00
3.023870000000000058e+00
1.190110000000000001e+00
1.310769999999999991e+00
1.660930000000000017e+00
9.871079999999999854e-01
6.395819999999999839e-01
2.600529999999999786e-01
2.208410000000000095e-01
1.227459999999999940e-01
1.168759999999999938e-01
1.080440000000000011e-01
1.869099999999999928e-01
1.899109999999999965e-01
1.042720000000000036e-01
9.560470000000000079e-02
8.111540000000000417e-02
1.131859999999999949e-01
1.260479999999999934e-01
1.026799999999999935e-01
9.209269999999999956e-02
1.567590000000000094e-01
1.779840000000000033e-01
1.563900000000000012e-01
4.379370000000000207e-01
5.027960000000000207e-01
5.669980000000000020e-01
5.622230000000000283e-01
6.211699999999999999e-01
4.025880000000000014e-01
2.697620000000000018e-01
2.913760000000000239e-01
3.444789999999999797e-01
2.702919999999999767e-01
3.032839999999999980e-01
3.369289999999999785e-01
2.545689999999999897e-01
4.230300000000000171e-01
4.334410000000000207e-01
4.411479999999999846e-01
4.462709999999999733e-01
8.794389999999999707e-01
1.033050000000000024e+00
1.133550000000000058e+00
1.189009999999999900e+00
2.143479999999999830e+00
2.048579999999999846e+00
2.055390000000000050e+00
1.436029999999999918e+00
8.966100000000000181e-01
8.314840000000000009e-01
4.968739999999999823e-01
3.964770000000000238e-01
9.046310000000000462e-02
4.263539999999999691e-02
2.647750000000000103e-02
1.878269999999999940e-02
1.813290000000000041e-02
1.977819999999999925e-02
3.367089999999999667e-02
4.724969999999999865e-02
4.681330000000000213e-02
5.801239999999999869e-02
4.860439999999999899e-02
4.631459999999999744e-02
5.006370000000000264e-02
3.744979999999999837e-02
2.157490000000000102e-02
1.737409999999999996e-02
1.152929999999999927e-02
7.203730000000000203e-03
7.248710000000000223e-03
3.298720000000000211e-03
3.416660000000000183e-03
3.684259999999999965e-03
3.999250000000000201e-03
6.269779999999999971e-03
7.918680000000000857e-03
1.173420000000000019e-02
1.067150000000000043e-02
9.637700000000000780e-03
1.110369999999999933e-02
2.093420000000000003e-02
2.053790000000000129e-02
3.677570000000000144e-02
5.078450000000000325e-02
3.806389999999999774e-02
4.783629999999999827e-02
4.298830000000000012e-02
4.501249999999999696e-02
4.767930000000000085e-02
4.196079999999999949e-02
4.185359999999999775e-02
4.435229999999999728e-02
4.719750000000000334e-02
5.489940000000000098e-02
8.935959999999999737e-02
6.447229999999999628e-02
5.978950000000000237e-02
5.488939999999999791e-02
2.737329999999999972e-02
2.645120000000000110e-02
2.597860000000000100e-02
3.955560000000000326e-02
2.179400000000000087e-02
2.801390000000000130e-02
1.830750000000000086e-02
8.429340000000000444e-03
1.380759999999999973e-02
1.254689999999999972e-02
6.404019999999999851e-03
4.746570000000000303e-03
2.815279999999999866e-03
2.065019999999999877e-03
1.376969999999999930e-03
1.159459999999999961e-03
2.018670000000000186e-03
8.296780000000000344e-04
1.133090000000000009e-03
1.101959999999999919e-03
9.557689999999999762e-04
5.501380000000000376e-04
1.586109999999999896e-04
1.474659999999999871e-04
3.109660000000000310e-05
1.745429999999999990e-05
1.444360000000000008e-05
9.903629999999999909e-06
1.190130000000000072e-05
6.774320000000000219e-06
3.513409999999999960e-06
6.122479999999999698e-06
8.850120000000000106e-07
1.490429999999999933e-06
9.882800000000000060e-07
