1.045004115160569036e+01
1.044916046876427096e+01
1.044653872034154496e+01
1.044144061005426316e+01
1.043696527016692954e+01
1.043813080024310480e+01
1.043945270045056439e+01
1.043820997448755783e+01
1.043494076910105761e+01
1.043673337706054660e+01
1.043743344379797122e+01
1.043619764372076908e+01
1.043305742287793514e+01
1.042905264795158260e+01
1.042560431492668727e+01
1.041991116083593738e+01
1.040956288582816747e+01
1.040125230387680944e+01
1.039712624748357506e+01
1.038725453321565517e+01
1.037496452320617202e+01
1.036888722830484078e+01
1.036616510590552487e+01
1.036531011236804467e+01
1.036668625598408688e+01
1.036813620414856452e+01
1.036964993488946085e+01
1.037123600332675188e+01
1.037291384319706289e+01
1.037466587720296296e+01
1.037651126048543304e+01
1.037846694646479939e+01
1.038054226506743483e+01
1.038276065298688522e+01
1.038515744951567044e+01
1.038783457239081010e+01
1.038897459805814094e+01
1.038607070240617425e+01
1.037977310717905155e+01
1.037296352637764763e+01
1.036764659600051708e+01
1.036710608325215333e+01
1.036751991544278795e+01
1.035816717049309688e+01
1.033800203966580433e+01
1.032003198304896330e+01
1.031662653630150395e+01
1.031839310649875330e+01
1.032102230282864141e+01
1.031765181306736068e+01
1.031057861797217612e+01
1.030265771730514146e+01
1.028888164510202508e+01
1.026225644421907290e+01
1.022424032666157778e+01
1.016951279236782568e+01
1.006831204864625740e+01
9.905727358938767324e+00
9.718916686014861028e+00
9.573784518378547048e+00
9.430167002673291776e+00
9.303107460952592334e+00
9.233922125294094840e+00
9.209439944811149914e+00
9.199137843131186543e+00
9.196306094574840273e+00
9.185794216128007506e+00
9.175633561104815428e+00
9.163596644379484957e+00
9.140454617131364756e+00
9.093425187522965913e+00
9.035913796730248748e+00
8.994992489852684514e+00
8.973941623873232132e+00
8.963469542828395475e+00
8.952456303661870507e+00
8.942169332451266328e+00
8.935610033333338365e+00
8.927582838141562505e+00
8.916973212123416204e+00
8.905620508682854819e+00
8.894344313064795671e+00
8.884657749502904878e+00
8.873463598943734709e+00
8.860341600717351440e+00
8.849775548923394908e+00
8.842523120959864258e+00
8.835732413908525373e+00
8.828935592448630132e+00
8.821238978009168008e+00
8.810482535098101309e+00
8.796084955977820030e+00
8.779362688447873708e+00
8.758275116284609751e+00
8.748675559022245807e+00
8.739906045487362718e+00
8.734238803596653611e+00
8.728167847951461056e+00
8.719936722157639153e+00
8.710585270561850280e+00
8.698049193139702595e+00
8.685681739137695700e+00
8.675014448091019403e+00
8.666894081409115103e+00
8.655689600478472912e+00
8.641325354043695839e+00
8.627072813829402165e+00
8.609750172429945891e+00
8.591283926031195506e+00
8.568662770423234321e+00
8.545019966514637133e+00
8.526707496031512790e+00
8.515207326039517355e+00
8.507563096316108187e+00
8.502952598730573186e+00
8.501108579926416553e+00
8.498934661959946624e+00
8.495177877090201335e+00
8.490641007927168360e+00
8.486739263661934984e+00
8.483398990562548647e+00
8.478991924602572894e+00
8.470832231011158342e+00
8.458841730744319776e+00
8.423093434405977575e+00
8.402029123310336800e+00
8.369444080430602284e+00
8.313719619495092417e+00
8.159317492363973301e+00
8.065366809709038520e+00
7.964066253016778951e+00
7.853897673794097756e+00
7.765336188608012336e+00
7.683127222140956114e+00
7.609419375690217535e+00
7.570600141570614561e+00
7.549432437097535420e+00
7.530112574347390009e+00
7.511510375750141577e+00
7.493897003285589165e+00
7.475072349810623962e+00
7.458548715098786808e+00
7.435082727982101680e+00
7.372849430613579891e+00
7.316299613038656169e+00
7.289740527858348251e+00
7.255149437564709203e+00
7.218588016489417392e+00
7.176088363749483889e+00
7.111054056069434637e+00
7.051063724275847377e+00
7.007943976762388338e+00
6.974389631007062107e+00
6.954806725604700368e+00
6.938395623309122406e+00
6.924050704297592951e+00
6.914407688167547583e+00
6.907245781317552513e+00
6.900931072035199065e+00
6.893206197695705306e+00
6.887211506769914671e+00
6.881847239268496175e+00
6.871679744843644855e+00
6.861283439206324886e+00
6.851282815324636566e+00
6.836916276882567090e+00
6.816480593303982261e+00
6.790601091594402838e+00
6.761356418016347902e+00
6.735979538850186188e+00
6.721423120940839269e+00
6.711630101971664430e+00
6.703252676886035211e+00
6.694021360549278654e+00
6.680644577567258935e+00
6.661663164097147316e+00
6.637593787612309448e+00
6.611178239771488663e+00
6.586408374494167717e+00
6.567428696578929248e+00
6.545778274466493407e+00
6.511566544549574509e+00
6.480451076692056667e+00
6.465272776569639390e+00
6.450626257092511473e+00
6.439916624576895288e+00
6.432537987422199066e+00
6.426576319335171483e+00
6.420063070366207825e+00
6.413475793732477115e+00
6.409370034471260524e+00
6.406434574426908668e+00
6.402345653207340170e+00
6.396366753663060400e+00
6.389862170026140653e+00
6.385001772696107913e+00
6.381912510991931242e+00
6.378076149476095580e+00
6.369379151127810168e+00
6.352238490237570367e+00
6.324263930493430053e+00
6.288959795579312839e+00
6.249865801395557696e+00
6.198395881990750311e+00
6.145504064857193249e+00
6.094719126269458442e+00
6.050526687684189220e+00
5.984133344370579088e+00
5.833042511512477546e+00
5.680633705142371426e+00
5.543284366799681173e+00
5.421184235156962572e+00
5.279584821781670101e+00
5.129312781527567644e+00
5.063280805013706143e+00
5.006658543931179928e+00
4.776481802612304151e+00
4.676198689169877021e+00
4.514773473997508724e+00
4.322748397952523192e+00
4.163271724252123107e+00
3.927739305257156310e+00
3.560628652240722669e+00
3.204513383797169990e+00
2.776429483403897613e+00
2.300488962170733842e+00
1.919453620861265586e+00
1.564141517478295773e+00
1.370805358203239788e+00
1.154201747402599398e+00
8.868983194427872974e-01
4.632821594772655871e-01
-1.984227440871822457e-01
