0.000000000000000000e+00
1.282848559859162130e-02
2.582304347335484529e-02
3.898370769647963030e-02
5.231256208644108341e-02
6.581287949599845533e-02
7.948694144646939463e-02
9.333589902824313000e-02
1.073633015372417177e-01
1.215703779804331308e-01
1.359583057863442690e-01
1.505321786592388467e-01
1.652933684319695118e-01
1.802432009139802727e-01
1.953843818248977016e-01
2.107211781769928738e-01
2.262535990543133035e-01
2.419860847879060639e-01
2.579201799329025047e-01
2.740590118653116747e-01
2.904041674892994251e-01
3.069589026773051899e-01
3.237266080961767045e-01
3.407090205584319964e-01
3.579096881424610466e-01
3.753304231341578756e-01
3.929749487385219009e-01
4.108471572840626251e-01
4.289470375070019159e-01
4.472785374382011181e-01
4.658479417296126357e-01
4.846531404867882031e-01
5.037006071943050944e-01
5.229926195777654385e-01
5.425314483599035231e-01
5.623193568243671780e-01
5.823636081687937338e-01
6.026642690809200786e-01
6.232264222304106926e-01
6.440500185777653375e-01
6.651430607660657746e-01
6.865055941390558747e-01
7.081432312262245787e-01
7.300559154071859513e-01
7.522525206152508304e-01
7.747331245064024152e-01
7.975007549503170257e-01
8.205617889568361800e-01
8.439195829791470427e-01
8.675775464886741339e-01
8.915355674890432791e-01
9.158042354600035573e-01
9.403836526558031483e-01
9.652774775270520635e-01
9.904894414487579457e-01
1.016027417972884539e+00
1.041891444883224160e+00
1.068085511199717175e+00
1.094618088283963342e+00
1.121493701285200650e+00
1.148707767148836822e+00
1.176273827478068856e+00
1.204196790689472607e+00
1.232476732011260623e+00
1.261113372224483609e+00
1.290127033346539775e+00
1.319507522162894464e+00
1.349265267287655501e+00
1.379405767203698563e+00
1.409928907097240725e+00
1.440846094890332552e+00
1.472163439669323726e+00
1.503881015574140001e+00
1.535998498688888603e+00
1.568534933359361450e+00
1.601490654144825054e+00
1.634865595505973435e+00
1.668666387346251501e+00
1.702907247034910476e+00
1.737580963957009228e+00
1.772702192375623653e+00
1.808278805919851795e+00
1.844302861368678492e+00
1.880798326832331835e+00
1.917757178412097918e+00
1.955187536201047127e+00
1.993097916205230469e+00
2.031497256494982917e+00
2.070394944901762457e+00
2.109781506751335467e+00
2.149685661370995149e+00
2.190087759314258697e+00
2.231017770597738537e+00
2.272465475489233278e+00
2.314452005077740626e+00
2.356977645885856010e+00
2.400042160522790624e+00
2.443668471148945809e+00
2.487844860660597401e+00
2.532595256431089847e+00
2.577907138998114522e+00
2.623818635124949505e+00
2.670303937869094923e+00
2.717389203214797710e+00
2.765088592534582279e+00
2.813388042740452732e+00
2.862316153751081949e+00
2.911858015201480132e+00
2.962043622100279716e+00
3.012873297538503081e+00
3.064363256530415747e+00
3.116513806787308383e+00
3.169324611106246969e+00
3.222812477566308509e+00
3.276977032633334730e+00
3.331854726919877940e+00
3.387427388076727830e+00
3.443713700413709944e+00
3.500733619579992073e+00
3.558466896413397862e+00
3.616954379873772218e+00
3.676196755654690840e+00
3.736171563078700686e+00
3.796945305229629142e+00
3.858472690525005966e+00
3.920823942760975456e+00
3.983951675604553877e+00
4.047879133582025446e+00
4.112657405939885713e+00
4.178234843306613655e+00
4.244663554832957431e+00
4.311972122770299620e+00
4.380104374024855751e+00
4.449145846388578462e+00
4.519037921309557504e+00
4.589839906985064388e+00
4.661552397667439784e+00
4.734207991192256770e+00
4.807774286660123408e+00
4.882283737838378990e+00
4.957735822078177534e+00
5.034165444748163409e+00
5.111572874394954447e+00
5.189995728902947469e+00
5.269395943700824425e+00
5.349851413476923945e+00
5.431323116104676885e+00
5.513809275664408815e+00
5.597394029358404133e+00
5.682035347966990280e+00
5.767731456415809532e+00
5.854573371353367861e+00
5.942515967786725639e+00
6.031607073796715568e+00
6.121796971811926724e+00
6.213185703465935461e+00
6.305722572491032629e+00
6.399459839431722585e+00
6.494341771962168330e+00
6.590536119566125173e+00
6.687872381318470616e+00
6.786524640457224145e+00
6.886435331230283730e+00
6.987603239771874364e+00
7.090091256229371197e+00
7.193900460497205884e+00
7.298961799878835421e+00
7.405480373203328526e+00
7.513319087712726940e+00
7.622547962923043485e+00
7.733166820952613207e+00
7.845174073025756201e+00
7.958646885974342666e+00
8.073586788857635810e+00
8.189993934604004266e+00
8.307867009196172603e+00
8.427292010370020847e+00
8.548271285483762583e+00
8.670805771536885587e+00
8.794798961751309818e+00
8.920536502614060836e+00
9.047726701833710194e+00
9.176666938044451882e+00
9.307259402797390280e+00
9.439503079653407625e+00
9.573395222940039417e+00
9.709045931097998405e+00
9.846457546965160290e+00
9.985630794920243858e+00
1.012656467315716391e+01
1.026925634177400681e+01
1.041383128074600783e+01
