1.049171039034745689e+01
1.048681854910022793e+01
1.048469266254539534e+01
1.048535368170876403e+01
1.048610871254977717e+01
1.048694594180945217e+01
1.048779003536681920e+01
1.048858455631048692e+01
1.048955632493036028e+01
1.049056662789489636e+01
1.049163899337518835e+01
1.049280507297696552e+01
1.049402512155823253e+01
1.049126221499605194e+01
1.047937661494953687e+01
1.048043958380951857e+01
1.048152861889599308e+01
1.048272069647222260e+01
1.046487091524259228e+01
1.044137302573425430e+01
1.044269294435255446e+01
1.044403542255472495e+01
1.044543917115052167e+01
1.044691289600059569e+01
1.044844195349217308e+01
1.045002420259633702e+01
1.045166671948638104e+01
1.045337338797135729e+01
1.045515713497146493e+01
1.045702456788155743e+01
1.045898212693652773e+01
1.046104658943879073e+01
1.046324031086053807e+01
1.046558210525523691e+01
1.046810795933424387e+01
1.047087776031493966e+01
1.047400197870675953e+01
1.047412735577024279e+01
1.046842413760988144e+01
1.046002085517569213e+01
1.044925463746802663e+01
1.043944480629714988e+01
1.043159211084504712e+01
1.042100471371344561e+01
1.040472085378355871e+01
1.038979668279800350e+01
1.037795793228781527e+01
1.036465603876602160e+01
1.035210916440437501e+01
1.033511875783144873e+01
1.031528164223351318e+01
1.029613625733479410e+01
1.027300358829479698e+01
1.024265321740901591e+01
1.020969995243983242e+01
1.017431862013548027e+01
1.012331252009349036e+01
1.005375817784181258e+01
9.955819509602466866e+00
9.823352270503956873e+00
9.636836796536274008e+00
9.405554662265290133e+00
9.234053890166418199e+00
9.110485332416605075e+00
9.028144067753531843e+00
8.933966367186702229e+00
8.858375359641405211e+00
8.788617993836842501e+00
8.704780901886714162e+00
8.623862040374383753e+00
8.538361309852199099e+00
8.479985371503456548e+00
8.429705457627271414e+00
8.392969400758538256e+00
8.372646928848613612e+00
8.316969959714525018e+00
8.295419744686689967e+00
8.269753374060075046e+00
8.233937330973637003e+00
8.204662511748219700e+00
8.178608647503754270e+00
8.148389773667949143e+00
8.109983294819892663e+00
8.063712309759351271e+00
8.015376523212227156e+00
7.964448207916660749e+00
7.929048340001579653e+00
7.915268418823254493e+00
7.906354439140325319e+00
7.901702373172041050e+00
7.897009294229085263e+00
7.888429997775943114e+00
7.879098748014257581e+00
7.869330305125705749e+00
7.859990431937072586e+00
7.849933873852952715e+00
7.837494372994353142e+00
7.825755770795522537e+00
7.813199228747987668e+00
7.802175560196960014e+00
7.794114239216045625e+00
7.785310611714820084e+00
7.777617464094136679e+00
7.772767510006677760e+00
7.769720637512690153e+00
7.768442735773341212e+00
7.767650753955119391e+00
7.766225405624786582e+00
7.763243753725609153e+00
7.758540237615958013e+00
7.751737027757013010e+00
7.739509054668297416e+00
7.726212758446303397e+00
7.713923781383627443e+00
7.702287471447424316e+00
7.692025123060300729e+00
7.684859718249491323e+00
7.676678066175787407e+00
7.671111722346585893e+00
7.669526072699308195e+00
7.668769715564723199e+00
7.668298303386861470e+00
7.667981256539709634e+00
7.667826378950711508e+00
7.667922484198665956e+00
7.668036290092367757e+00
7.666517980554880651e+00
7.662838074335387439e+00
7.656320565209017381e+00
7.648253620201018066e+00
7.639844933081599621e+00
7.629491149094866032e+00
7.620590940617472775e+00
7.614401500203338280e+00
7.609889885030449719e+00
7.607037685588423415e+00
7.605058193278364520e+00
7.603537334179193863e+00
7.602432239267690406e+00
7.601087168673041461e+00
7.599190704635693905e+00
7.596854297700113889e+00
7.594274291248927611e+00
7.592278932312678030e+00
7.560166167033553819e+00
7.546995228942673606e+00
7.531100660698994531e+00
7.519243730717938057e+00
7.505145906790052557e+00
7.478118985077456315e+00
7.435564085573355797e+00
7.397101880695685416e+00
7.369124905880212850e+00
7.343067721084054256e+00
7.316456818401242401e+00
7.294108943674700640e+00
7.276558303336379652e+00
7.259125410037467141e+00
7.241279945214293967e+00
7.224719481759858120e+00
7.213063303057505316e+00
7.206296847623385737e+00
7.202790637704022281e+00
7.199837422208156923e+00
7.192879542598854314e+00
7.181757863468677172e+00
7.171275840498846144e+00
7.163957051050834579e+00
7.153445938341064902e+00
7.134632845692301828e+00
7.107867698912356147e+00
7.062160645866807585e+00
7.024226984318303835e+00
6.956222233538486677e+00
6.715291185248322137e+00
6.586082960311922641e+00
6.414368255087381954e+00
6.180332359773301754e+00
5.902702206093866977e+00
5.659892441516169548e+00
5.425115047997587148e+00
5.245448505935430994e+00
5.126504798425062681e+00
5.029801635773017310e+00
4.963313621090454930e+00
4.924831626107094351e+00
4.886250386671036061e+00
4.844961526009476493e+00
4.810765311052199067e+00
4.770836553427852067e+00
4.699746696526313272e+00
4.613555367804561769e+00
4.557451858916507170e+00
4.523988252110030750e+00
4.486312856265344706e+00
4.449840802834757802e+00
4.422072514618300865e+00
4.399065976272638068e+00
4.242918911574564689e+00
4.212051699592113785e+00
4.179939381089979200e+00
4.146493929707867565e+00
4.118453221243670193e+00
4.098183233432608041e+00
4.086640963138159499e+00
4.081120378274591509e+00
4.072180022431565405e+00
4.062059012047679829e+00
4.054371712799133221e+00
4.042303747289448523e+00
4.021094157477061337e+00
3.994065391317709768e+00
3.961829091708983785e+00
3.914587478212934624e+00
3.852411062216654969e+00
3.799690601351310537e+00
3.770061465479819240e+00
3.757723144941659932e+00
3.749123079395548341e+00
3.741383265867494590e+00
3.728102874051280491e+00
3.686174921522678893e+00
3.617728799083573588e+00
3.562826777835599756e+00
3.509006171467167867e+00
3.427954881068527637e+00
3.307067950661298106e+00
3.097573108500365269e+00
2.888497934674233658e+00
2.694653451195371030e+00
2.319957150205974816e+00
1.703088373258921040e+00
3.765787818194090697e-01
