1.053649405111629811e+01
1.052994468351770330e+01
1.052298383182999864e+01
1.051546451369237900e+01
1.050747131040572668e+01
1.049892089441404508e+01
1.048840686788408583e+01
1.047283540477273434e+01
1.045289607399364407e+01
1.043189424440937962e+01
1.041692661480321114e+01
1.041197305768532289e+01
1.041116834389290347e+01
1.041192764285196226e+01
1.041286021680455320e+01
1.041383266343096992e+01
1.041487478534720346e+01
1.041595941245932622e+01
1.041706461089568592e+01
1.041819519115873405e+01
1.041934433367384294e+01
1.042052342788971764e+01
1.042176675677184683e+01
1.042305900516993766e+01
1.042441607166037443e+01
1.042579009193116057e+01
1.042724097839370678e+01
1.042893943755615460e+01
1.042982815382272932e+01
1.042736437273005379e+01
1.042196075714176295e+01
1.041718926845901549e+01
1.041579105574234099e+01
1.041734545542932544e+01
1.041744844163346784e+01
1.041403860963055372e+01
1.041028616091607439e+01
1.041008518426914797e+01
1.041185362331667186e+01
1.041376064293410764e+01
1.041580939478966350e+01
1.041623764136533126e+01
1.041666712993878541e+01
1.041728066126998442e+01
1.041337521409711897e+01
1.040335219753270835e+01
1.039058011168564555e+01
1.038052599112810448e+01
1.037700374269946835e+01
1.037934722252505537e+01
1.038191791841502365e+01
1.038202605274036294e+01
1.038211614411559935e+01
1.038123244173796778e+01
1.037247749119608820e+01
1.036171461815830597e+01
1.035398735787927293e+01
1.035119119615566241e+01
1.035072276834213589e+01
1.034749199158841293e+01
1.033841067112730450e+01
1.031876223696637140e+01
1.028756884984277953e+01
1.024800025557571459e+01
1.020847091755686264e+01
1.016866833919101687e+01
1.013696142284220691e+01
1.011686664974717154e+01
1.009984631804993072e+01
1.008499071518834889e+01
1.006923136334716951e+01
1.004459071253214297e+01
1.001453733899319865e+01
9.981365509078544918e+00
9.949512958013787767e+00
9.914503409191695482e+00
9.881174021383985817e+00
9.846523286804686137e+00
9.797827537267687958e+00
9.742710994907044508e+00
9.695925375771869525e+00
9.664563005743760371e+00
9.642506068068430025e+00
9.631376793204610820e+00
9.622637745653404906e+00
9.612218906596066148e+00
9.600476275298838402e+00
9.589525147437536035e+00
9.578089978766410439e+00
9.562048877114463608e+00
9.544883751451605391e+00
9.530101041939021300e+00
9.504321314392299769e+00
9.406013598597709802e+00
9.342623988873281604e+00
9.264059506303331304e+00
9.194475489520057110e+00
9.107627099115980229e+00
8.990286896204757738e+00
8.870259311484748110e+00
8.768684709568269398e+00
8.716836889720063652e+00
8.680871930088127186e+00
8.645105767570475663e+00
8.604608323220553245e+00
8.573231429804257786e+00
8.552083897851288086e+00
8.526853405105821793e+00
8.499757168793808049e+00
8.481214671582229414e+00
8.466490969705816383e+00
8.449865466133267944e+00
8.432348655870814724e+00
8.421386725323966260e+00
8.409818197524215222e+00
8.387951909397397543e+00
8.377519338273737404e+00
8.369225137107623169e+00
8.358012936794160908e+00
8.347737767870853531e+00
8.339342108568311929e+00
8.322981742511860404e+00
8.295274539843363826e+00
8.263671568048524207e+00
8.224165167909356811e+00
8.180117269507817923e+00
8.149871604026989402e+00
8.118872907696649932e+00
8.070071130443089658e+00
8.008944915808461573e+00
7.946758226739700781e+00
7.899774554484618072e+00
7.873765714431365303e+00
7.859305255330891526e+00
7.851631314769212722e+00
7.826126007538914742e+00
7.818914410526180525e+00
7.805482507299636552e+00
7.788042449927310429e+00
7.763338879173568685e+00
7.726476989855323829e+00
7.694101300591341008e+00
7.650686272578323788e+00
7.623186209713606054e+00
7.617280339311542470e+00
7.613537392061463294e+00
7.607923379686511112e+00
7.602475629339426888e+00
7.597315560734945628e+00
7.587742385705239734e+00
7.577392980856217264e+00
7.569186572404374758e+00
7.559834834890994060e+00
7.541026039877044340e+00
7.504673350111471741e+00
7.456318956700243028e+00
7.393682228317127958e+00
7.307207125308187834e+00
7.200620709750767290e+00
7.073072842771833457e+00
6.928721451033856837e+00
6.743301190586249660e+00
6.548037908954933428e+00
6.385943926902744927e+00
6.310442644667663359e+00
6.270960512245233431e+00
6.237825134123776927e+00
6.203362020612723349e+00
6.176154950909071850e+00
6.152844618929036891e+00
6.134909879131877908e+00
6.121100029976306978e+00
6.108822006725310949e+00
6.096350281170631824e+00
6.076319974124644752e+00
6.052667014062950379e+00
6.025715383901340871e+00
5.991080252351854263e+00
5.958495556493253353e+00
5.924213619908182515e+00
5.891003599748901642e+00
5.869173027321682667e+00
5.833178997268102073e+00
5.755368645794751714e+00
5.654992364317512177e+00
5.568785867939346268e+00
5.471341593371106704e+00
5.242760011236399009e+00
5.133819831569623737e+00
5.066672477072815539e+00
5.026247181477773829e+00
4.987058632021186710e+00
4.944664248242972349e+00
4.907152749576614070e+00
4.878713623972052105e+00
4.862646500115467063e+00
4.844176358384527425e+00
4.822219092892264136e+00
4.780562838773620982e+00
4.721746331575521261e+00
4.646848576631603223e+00
4.546292131627977184e+00
4.421582540630147662e+00
4.242123827857775531e+00
4.104200218330384509e+00
4.021689483612359339e+00
3.949276294440043689e+00
3.741920981748783959e+00
3.643773343769363571e+00
3.527981575638200695e+00
3.423720879734795108e+00
3.285525804638447678e+00
3.026831407667222251e+00
2.722688205951407259e+00
2.347222648354173824e+00
1.466714923439474738e+00
