1.049842083679727800e+01
1.049004982626190774e+01
1.048122901202198776e+01
1.047199393713667348e+01
1.046240099302298532e+01
1.045245501037301317e+01
1.044076271904681263e+01
1.042489796318440121e+01
1.040533098967038050e+01
1.038503935496903097e+01
1.036114965082878925e+01
1.033826719558584450e+01
1.032219034080331710e+01
1.030844061665592548e+01
1.030481354339410771e+01
1.030567804240314445e+01
1.030667802421000090e+01
1.030769923163159696e+01
1.030873724331010166e+01
1.030981108577132055e+01
1.031091411989885209e+01
1.031203976573189429e+01
1.031319417513532066e+01
1.031435815935297562e+01
1.031552953321384969e+01
1.031675221051811953e+01
1.031799025041525120e+01
1.031902898342595698e+01
1.032004445393593883e+01
1.032125864905981061e+01
1.032277111841871431e+01
1.032436066242765271e+01
1.032421040995316730e+01
1.032259345399426920e+01
1.032275666007775783e+01
1.032432567676831781e+01
1.032598541600669506e+01
1.032773073564101196e+01
1.032942839078210007e+01
1.033119034399222969e+01
1.033321343819223337e+01
1.033541777925354843e+01
1.033778860116379938e+01
1.034035288358642113e+01
1.034039651831621676e+01
1.034026361707267228e+01
1.034356613238612432e+01
1.034321159017974701e+01
1.033430493958610086e+01
1.032246532523826943e+01
1.031641071072581006e+01
1.031136600064259135e+01
1.030176550164543237e+01
1.029176610588777585e+01
1.027764358981551851e+01
1.025647239408779399e+01
1.022583373742994794e+01
1.018764196795354238e+01
1.013902539424340787e+01
1.008625302381716082e+01
1.004200815737352670e+01
9.998770075270746460e+00
9.963935556752614886e+00
9.927487904384742379e+00
9.887858008278110233e+00
9.858019585558816189e+00
9.851749252111170918e+00
9.842337720700871984e+00
9.802563024266767400e+00
9.756914393464096946e+00
9.721774353817925984e+00
9.682430298818879066e+00
9.634930473325185929e+00
9.591187083070456865e+00
9.566386811727300099e+00
9.549323344212742981e+00
9.541699032799058955e+00
9.539806003549076152e+00
9.529168466691052330e+00
9.518232215129600604e+00
9.507689944905701296e+00
9.496409289563242595e+00
9.487869129224010933e+00
9.482732129147949607e+00
9.484435090335940899e+00
9.486258994326515648e+00
9.488629671955965961e+00
9.491148697220353370e+00
9.491428934225897507e+00
9.488433666825841328e+00
9.481936840914135800e+00
9.470902725971363623e+00
9.461223816939241971e+00
9.453880723543903741e+00
9.447006001666807151e+00
9.441958930636822345e+00
9.437942307464961544e+00
9.430550712036474437e+00
9.419387326087646173e+00
9.372121825524361682e+00
9.310123790319980941e+00
9.285883469920570121e+00
9.250229651781920026e+00
9.199431529232834137e+00
9.121835499215418253e+00
9.038548634553192684e+00
8.981542273568319246e+00
8.930517577266991580e+00
8.868912924505075068e+00
8.789247813512513829e+00
8.699548967092519902e+00
8.638168659274294114e+00
8.587991426431242914e+00
8.548422587873302447e+00
8.530509614926259587e+00
8.524049327096477668e+00
8.521008560916671470e+00
8.518567894325508760e+00
8.515347870125866692e+00
8.512568337652366424e+00
8.510577178976813428e+00
8.507772241725364282e+00
8.503118981500149332e+00
8.497239352790224132e+00
8.490772895905550399e+00
8.484211547559848299e+00
8.479216728883944398e+00
8.474402766621137673e+00
8.468475827114859911e+00
8.462948753249904144e+00
8.459886819478127151e+00
8.457934856246515309e+00
8.455641098118663379e+00
8.453598094608285152e+00
8.453254108648684095e+00
8.453420784760151463e+00
8.449574041436306970e+00
8.431114375365741154e+00
8.402068702166097580e+00
8.372742668723425652e+00
8.289909872983910688e+00
8.155336037465062304e+00
8.099165949297505662e+00
8.054287403120579114e+00
8.021305095492941462e+00
7.995576846065875820e+00
7.974130193485122753e+00
7.955741132068616217e+00
7.943791198929301522e+00
7.938010080888178166e+00
7.934955734601237154e+00
7.932706070377443908e+00
7.927810594526105703e+00
7.922766965637552339e+00
7.918852514619549865e+00
7.913973770417123355e+00
7.909003182189586312e+00
7.904515929468269420e+00
7.901676231326375976e+00
7.900859050366282332e+00
7.899343829728516120e+00
7.894604019661541905e+00
7.885395147962618090e+00
7.873734931508233892e+00
7.856641297823007797e+00
7.822916330769915660e+00
7.781043409848312109e+00
7.735760931563280707e+00
7.685769496743897200e+00
7.625083923132772945e+00
7.533952447529503438e+00
7.470019243935118958e+00
7.439357961137804232e+00
7.414886480387389511e+00
7.394719529888249099e+00
7.379597367104840266e+00
7.368134343565612809e+00
7.358127189237761989e+00
7.351154437036547584e+00
7.346382317681074525e+00
7.343036181762826686e+00
7.340297342134379122e+00
7.337684836153086643e+00
7.334650747480265132e+00
7.331722799667943491e+00
7.329727289324669215e+00
7.327989990952356258e+00
7.325205635590704034e+00
7.321536295193486588e+00
7.317591200762081804e+00
7.314450806596807020e+00
7.310121663838602402e+00
7.297175953504102530e+00
7.278810741204461365e+00
7.259703752478806393e+00
7.229558983838749064e+00
7.185445823151281886e+00
7.131317055349400746e+00
7.009068276192218505e+00
6.890698163380680974e+00
6.752434145225095108e+00
6.611132520701605841e+00
6.486999718624502975e+00
6.389405323580420237e+00
6.303748836756916774e+00
6.253243477825283669e+00
6.226924538177034840e+00
6.202281201303199154e+00
6.172045111793181604e+00
6.143801441423692999e+00
6.119780290046564986e+00
6.098037713285091144e+00
6.078329918823649258e+00
6.058171599156591647e+00
6.032046307515413375e+00
5.989884784203750812e+00
5.943402503000480230e+00
5.896897523794642382e+00
5.844771576059602403e+00
5.798491812380477839e+00
5.733406735579910318e+00
5.600250648235886253e+00
5.377317181160905513e+00
4.966527496564615340e+00
3.973048841778293205e+00
