3.165869999999999962e+00
2.216090000000000004e-01
1.047060000000000102e+00
6.893920000000000603e-02
3.385190000000000143e-01
3.709670000000000328e-02
7.534849999999999881e-02
1.352470000000000061e+00
1.047630000000000061e+00
1.162749999999999950e+00
1.500790000000000068e+00
2.180460000000000065e+00
3.056680000000000064e+00
2.930619999999999781e+00
4.127760000000000318e+00
6.463149999999999729e+00
5.002360000000000362e+00
4.784270000000000245e+00
6.831699999999999662e+00
5.982649999999999579e+00
5.479409999999999670e+00
7.183659999999999712e+00
7.604309999999999903e+00
3.552519999999999900e+00
2.313989999999999991e+00
1.350670000000000037e+00
8.802010000000000112e-01
7.962960000000000038e-01
8.402370000000000116e-01
1.133010000000000073e+00
6.520949999999999802e-01
1.172139999999999960e+00
5.238650000000000251e-01
1.177049999999999930e+00
1.191060000000000008e+00
1.625080000000000080e+00
2.742280000000000051e+00
2.564900000000000180e+00
1.586969999999999992e+00
1.037900000000000045e+00
1.255439999999999889e+00
1.831790000000000029e+00
2.937159999999999993e+00
1.867140000000000022e+00
1.024310000000000054e+00
5.778330000000000410e-01
6.202870000000000328e-01
7.916159999999999863e-01
9.839649999999999785e-01
1.223049999999999971e+00
9.329579999999999540e-01
5.487969999999999793e-01
4.354669999999999930e-01
3.598689999999999944e-01
3.172780000000000045e-01
2.872089999999999921e-01
3.675530000000000186e-01
2.760980000000000101e-01
3.908130000000000215e-01
3.750269999999999992e-01
4.411660000000000026e-01
4.401630000000000265e-01
5.666470000000000118e-01
7.952559999999999629e-01
4.809999999999999831e-01
4.492720000000000047e-01
3.998659999999999992e-01
4.082140000000000213e-01
4.718390000000000084e-01
2.553119999999999834e-01
1.680449999999999999e-01
2.039050000000000029e-01
1.331239999999999923e-01
2.152020000000000044e-01
2.624920000000000031e-01
3.707650000000000112e-01
5.983540000000000525e-01
6.107599999999999696e-01
7.301959999999999562e-01
1.146339999999999915e+00
1.100850000000000106e+00
1.898360000000000047e+00
4.054579999999999629e+00
3.375789999999999846e+00
1.292380000000000084e+00
8.261720000000000175e-01
3.734850000000000114e-01
2.013389999999999902e-01
2.092479999999999896e-01
2.849119999999999986e-01
2.259780000000000122e-01
2.616979999999999862e-01
2.495989999999999875e-01
1.863480000000000136e-01
1.029079999999999995e-01
4.516909999999999675e-02
3.487470000000000153e-02
4.233599999999999863e-02
4.565059999999999951e-02
3.507629999999999776e-02
1.869780000000000053e-02
1.482110000000000025e-02
1.349919999999999939e-02
1.066680000000000059e-02
7.847579999999999834e-03
8.876220000000000637e-03
1.121540000000000037e-02
1.137960000000000013e-02
9.089099999999999263e-03
1.446680000000000015e-02
1.637390000000000026e-02
9.414479999999999377e-03
6.750400000000000150e-03
5.270959999999999882e-03
7.485369999999999871e-03
8.629680000000000684e-03
1.081350000000000020e-02
1.062680000000000048e-02
1.951939999999999925e-02
1.632899999999999976e-02
1.161700000000000059e-02
1.254530000000000055e-02
9.230789999999999135e-03
1.121920000000000035e-02
1.449100000000000041e-02
1.153629999999999933e-02
1.199270000000000023e-02
1.129810000000000016e-02
6.614440000000000076e-03
8.795320000000000568e-03
9.922139999999999432e-03
1.076440000000000036e-02
8.998960000000000292e-03
1.259659999999999946e-02
9.498289999999999511e-03
6.842670000000000349e-03
7.110870000000000038e-03
4.311289999999999741e-03
3.447799999999999997e-03
4.278889999999999603e-03
5.922209999999999801e-03
7.376419999999999852e-03
8.031579999999999969e-03
9.534120000000000095e-03
7.183590000000000114e-03
6.025560000000000117e-03
7.851449999999999402e-03
7.440669999999999923e-03
7.272429999999999867e-03
9.346830000000000416e-03
8.993610000000000840e-03
1.124239999999999962e-02
1.610949999999999882e-02
2.175610000000000044e-02
2.371159999999999934e-02
2.372169999999999834e-02
3.433250000000000191e-02
3.214129999999999765e-02
3.586079999999999823e-02
3.047309999999999949e-02
2.219370000000000023e-02
2.960279999999999856e-02
3.150580000000000047e-02
3.227819999999999995e-02
2.326330000000000064e-02
2.450439999999999910e-02
1.219319999999999952e-02
1.679280000000000009e-02
1.567690000000000056e-02
2.954990000000000047e-02
3.280679999999999708e-02
2.394649999999999904e-02
2.474279999999999882e-02
1.899910000000000140e-02
8.724779999999999688e-03
2.972040000000000012e-03
4.865839999999999749e-03
4.566699999999999926e-03
3.246600000000000093e-03
2.180350000000000170e-03
1.660460000000000104e-03
1.460240000000000019e-03
1.544189999999999972e-03
1.680969999999999947e-03
9.559749999999999671e-04
7.302349999999999770e-04
8.768069999999999553e-04
5.613929999999999832e-04
2.310199999999999938e-04
2.365380000000000043e-04
3.870190000000000023e-04
4.993439999999999815e-04
3.091370000000000185e-04
3.830980000000000106e-04
4.482509999999999880e-04
6.116830000000000184e-04
5.700769999999999969e-04
4.719969999999999873e-04
4.763990000000000173e-04
2.954519999999999759e-04
1.775029999999999978e-04
2.251520000000000019e-04
1.520000000000000084e-04
1.198559999999999990e-04
1.492610000000000063e-04
1.213040000000000028e-04
8.188389999999999710e-05
8.596570000000000264e-05
7.964239999999999492e-05
8.552489999999999832e-05
1.255820000000000048e-04
1.996970000000000093e-04
2.464739999999999986e-04
3.857619999999999973e-04
3.060529999999999783e-04
2.125510000000000051e-04
2.032939999999999953e-04
2.448780000000000227e-04
2.731030000000000176e-04
2.983749999999999749e-04
1.502510000000000087e-04
1.456469999999999965e-04
1.261099999999999971e-04
1.775910000000000010e-04
6.628880000000000135e-05
5.514880000000000297e-05
7.420840000000000596e-05
9.517459999999999505e-05
6.216209999999999900e-05
1.470180000000000042e-05
1.706639999999999977e-05
2.268350000000000059e-05
1.967709999999999834e-05
2.942060000000000085e-05
4.314419999999999936e-05
