4.060679999999999623e+00
4.298429999999999751e+00
4.578170000000000073e+00
4.880099999999999660e+00
5.047990000000000421e+00
5.442379999999999995e+00
5.910029999999999895e+00
5.821589999999999598e+00
3.937320000000000153e+00
2.448280000000000012e+00
1.736070000000000002e+00
1.800159999999999982e+00
1.884209999999999940e+00
1.177710000000000035e+00
1.199089999999999989e+00
2.638739999999999863e+00
1.308389999999999942e+00
1.871580000000000021e+00
2.375420000000000087e+00
2.240800000000000125e+00
3.778389999999999915e+00
4.142400000000000304e+00
2.953800000000000203e+00
4.762340000000000018e+00
4.402300000000000324e+00
5.172469999999999679e+00
6.168630000000000280e+00
6.614700000000000024e+00
6.175819999999999865e+00
4.444490000000000052e+00
1.800259999999999971e+00
1.779989999999999961e+00
9.771419999999999412e-03
3.982209999999999916e-02
1.185270000000000046e+00
9.365060000000000051e-02
7.994010000000000282e-01
2.242239999999999858e-02
3.744190000000000129e+00
5.546319999999999695e+00
5.855990000000000251e+00
3.443160000000000220e+00
6.940049999999999691e-03
1.359490000000000004e-02
6.371019999999999808e-03
4.070919999999999574e-03
3.578290000000000030e-03
2.071680000000000188e+00
2.560039999999999871e+00
3.600319999999999965e+00
6.286850000000000271e+00
1.268400000000000083e-02
9.159290000000000487e-03
8.391050000000000592e-03
7.589600000000000513e-02
9.173360000000000625e+00
4.635779999999999568e+00
2.270709999999999784e+00
4.599739999999999718e+00
1.942679999999999962e+00
1.108519999999999950e+00
7.558589999999999476e-01
2.452990000000000032e-02
1.307919999999999916e-02
2.003239999999999910e+00
2.442540000000000155e+00
3.027390000000000025e+00
3.668099999999999916e+00
4.826850000000000307e+00
4.635180000000000078e+00
4.975660000000000416e+00
5.074620000000000353e+00
5.583779999999999966e+00
5.072669999999999568e+00
3.737289999999999779e+00
2.415919999999999845e+00
2.906909999999999883e+00
3.292450000000000099e+00
2.732619999999999827e+00
3.991979999999999862e+00
4.149560000000000137e+00
4.564820000000000100e+00
2.806150000000000144e+00
3.952630000000000088e+00
1.895159999999999956e+00
2.435610000000000053e+00
3.462120000000000086e+00
3.400160000000000071e+00
1.928020000000000067e+00
1.347390000000000088e+00
6.692409999999999748e-01
3.672790000000000221e-01
3.266660000000000119e-01
2.673989999999999978e-01
2.513699999999999823e-01
3.694810000000000039e-01
4.062439999999999940e-01
2.494270000000000098e-01
4.498670000000000169e-01
4.877090000000000036e-01
6.596640000000000281e-01
6.253269999999999662e-01
1.474310000000000009e+00
2.241859999999999964e+00
1.723950000000000093e+00
1.069919999999999982e+00
9.446440000000000392e-01
5.403189999999999937e-01
4.532669999999999755e-01
4.879939999999999833e-01
3.123870000000000258e-01
2.729829999999999757e-01
1.961170000000000135e-01
1.748949999999999949e-01
1.081079999999999958e-01
7.619860000000000522e-02
1.162669999999999954e-01
8.852709999999999746e-02
7.371220000000000550e-02
5.687559999999999838e-02
5.721049999999999747e-02
6.960210000000000008e-02
1.026169999999999999e-01
7.871250000000000469e-02
5.657990000000000241e-02
5.040719999999999923e-02
6.095470000000000055e-02
5.368049999999999905e-02
7.865429999999999644e-02
7.390960000000000585e-02
5.350110000000000282e-02
6.710969999999999436e-02
6.178109999999999852e-02
4.886889999999999984e-02
3.906300000000000050e-02
5.225559999999999927e-02
5.411289999999999850e-02
7.174490000000000034e-02
4.836939999999999990e-02
3.845819999999999794e-02
5.096620000000000317e-02
2.531160000000000007e-02
2.743670000000000136e-02
2.401189999999999922e-02
3.741200000000000081e-02
5.212730000000000141e-02
6.530900000000000594e-02
5.231510000000000327e-02
4.313310000000000061e-02
3.602999999999999953e-02
8.098700000000000343e-02
7.559839999999999616e-02
1.266589999999999938e-01
1.554270000000000096e-01
2.144770000000000010e-01
4.321760000000000046e-01
3.270359999999999934e-01
3.463069999999999760e-01
3.413289999999999935e-01
3.328349999999999920e-01
2.398260000000000114e-01
1.778129999999999988e-01
1.324649999999999994e-01
1.039910000000000001e-01
1.081059999999999938e-01
7.561930000000000041e-02
5.385600000000000109e-02
4.465129999999999794e-02
2.712169999999999859e-02
2.009589999999999987e-02
1.624400000000000149e-02
1.677150000000000168e-02
8.112269999999999551e-03
9.460090000000000859e-03
6.476339999999999701e-03
6.864770000000000073e-03
7.759399999999999631e-03
1.009310000000000068e-02
4.370839999999999968e-03
3.086380000000000113e-03
2.598060000000000126e-03
1.389349999999999917e-03
1.500990000000000006e-03
1.859519999999999923e-03
1.329230000000000038e-03
1.173510000000000005e-03
1.042650000000000000e-03
1.577660000000000043e-03
1.037079999999999903e-03
8.416559999999999797e-04
1.333289999999999996e-03
1.213620000000000107e-03
9.170429999999999814e-04
1.064370000000000030e-03
9.177529999999999933e-04
9.936470000000000632e-04
6.782290000000000280e-04
4.411349999999999972e-04
4.515389999999999877e-04
5.010519999999999861e-04
3.891100000000000201e-04
3.572170000000000054e-04
2.939069999999999899e-04
4.035549999999999944e-04
5.261260000000000242e-04
6.371289999999999506e-04
5.358539999999999961e-04
1.057519999999999944e-03
1.088360000000000022e-03
8.638600000000000402e-04
1.069010000000000012e-03
1.220740000000000106e-03
1.090880000000000018e-03
6.632800000000000328e-04
4.969459999999999546e-04
2.015370000000000052e-04
3.412499999999999735e-04
4.502889999999999844e-04
3.522339999999999889e-04
2.981770000000000015e-04
3.133799999999999845e-04
2.116949999999999984e-04
