9.778686550210910156e+00
9.779402386067252095e+00
9.780079573484288247e+00
9.780831966538082511e+00
9.781659891154983910e+00
9.782522787298393752e+00
9.783409717186081878e+00
9.784316248627970225e+00
9.785225164547771470e+00
9.786144973613966513e+00
9.787085530035524172e+00
9.788017685842213211e+00
9.788846161844814375e+00
9.789832332651632996e+00
9.790854933602322063e+00
9.791913702627157434e+00
9.792992981054423396e+00
9.794068188431570121e+00
9.795149093009740682e+00
9.796255780040967309e+00
9.797358961625056040e+00
9.798551899544614585e+00
9.799793909199115305e+00
9.801103785483951114e+00
9.802535652995807425e+00
9.803974409990626526e+00
9.805490663332594892e+00
9.807130309798235857e+00
9.808904074976597443e+00
9.810957305660394923e+00
9.813354776316778327e+00
9.816426250162368916e+00
9.812476838421689607e+00
9.793051735568484517e+00
9.765129635771154781e+00
9.740935580185627884e+00
9.730900923563446270e+00
9.731952807568438502e+00
9.733220544593493173e+00
9.734544616605081302e+00
9.735934868934348785e+00
9.737416890740716369e+00
9.738946161116381006e+00
9.740509535162891197e+00
9.742156957072896972e+00
9.743903900133368268e+00
9.745767079814408262e+00
9.747321676602529905e+00
9.747750410012431033e+00
9.749951091395733016e+00
9.752334296288969639e+00
9.754965695899317168e+00
9.757978746360498334e+00
9.761449701109015109e+00
9.765619386562811144e+00
9.771211076231095305e+00
9.759938156070157689e+00
9.719655229387461404e+00
9.664377746384312573e+00
9.601523306171472427e+00
9.535173817738385793e+00
9.498384997891472281e+00
9.499714568741124410e+00
9.501016789702692478e+00
9.502326045985867609e+00
9.503730776238421996e+00
9.505194762629200156e+00
9.506711983262341903e+00
9.508307464933965392e+00
9.509993749897903470e+00
9.511137069915054809e+00
9.512242674500804185e+00
9.514042774471990427e+00
9.515950632898050543e+00
9.517997744025356255e+00
9.520165064391663989e+00
9.522501613971368073e+00
9.525026657037448885e+00
9.527793535912968181e+00
9.530915245916112610e+00
9.534609852342997627e+00
9.533727584759299489e+00
9.533121018353638121e+00
9.524377944973835497e+00
9.496269406113105660e+00
9.445846966733780548e+00
9.412063873107234357e+00
9.259784945533070299e+00
9.180105795034236849e+00
9.119961539240156512e+00
9.072043917436651839e+00
9.039782815476272049e+00
9.025457432170485461e+00
9.019718482323192177e+00
9.018213516404086860e+00
9.017363110834772044e+00
9.015225589673855566e+00
9.011929740218125318e+00
9.001534687668607759e+00
8.979524246562645473e+00
8.957737029315216759e+00
8.935434205503485217e+00
8.911666740282765176e+00
8.889024786532665701e+00
8.874010157915495967e+00
8.864242827318765450e+00
8.855487657575723759e+00
8.845017377834469841e+00
8.831382758898005392e+00
8.821960693488437144e+00
8.816760816425329494e+00
8.811455692541656504e+00
8.808929699218216669e+00
8.807388885713166360e+00
8.804891467036563668e+00
8.801681487302136730e+00
8.799150245420438665e+00
8.796500788301369056e+00
8.793899293765777614e+00
8.791329873420982821e+00
8.787028090288343307e+00
8.781978566190584701e+00
8.773304359223248028e+00
8.760014386683339538e+00
8.748476426846975684e+00
8.737338973699197098e+00
8.717391699638282532e+00
8.683462212665611801e+00
8.630423806673585219e+00
8.576847923541519592e+00
8.526614501843228666e+00
8.483632934713490670e+00
8.438542348786111091e+00
8.393506763595231845e+00
8.354219880953932531e+00
8.312570836875837088e+00
8.263754388840006015e+00
8.219332992166833662e+00
8.174539506463494476e+00
8.107016529812609562e+00
8.024871353490752313e+00
7.945662054199323698e+00
7.874067619899469683e+00
7.790442804728956894e+00
7.706588071885414060e+00
7.635685767392153878e+00
7.564442350901118495e+00
7.517641843794756085e+00
7.488206528675621421e+00
7.474313896491437070e+00
7.464158558692036927e+00
7.457112499237567249e+00
7.451582284488245556e+00
7.422919620849467215e+00
7.415640979896154228e+00
7.406466940287173450e+00
7.399111023613438753e+00
7.386860875411340288e+00
7.357972941336858419e+00
7.314669712456255191e+00
7.260510233137358327e+00
7.187957615583405513e+00
7.021887744447333546e+00
6.860663754992595287e+00
6.693209707517739915e+00
6.558936455351942030e+00
6.414048653288882740e+00
6.293072928504043873e+00
6.250581003000529101e+00
6.239904816509099561e+00
6.234980182944006799e+00
6.230344167135295486e+00
6.224214411319713314e+00
6.219374924626255741e+00
6.217328623264370080e+00
6.209951770165675455e+00
6.204429307290460827e+00
6.197437702932677261e+00
6.190645397634279234e+00
6.182106370875952273e+00
6.162432963269227848e+00
6.133711314600824416e+00
6.101726458212670678e+00
6.017367283553530122e+00
5.971972202893662818e+00
5.933496398826182627e+00
5.903071529084229496e+00
5.880909583609719604e+00
5.865549298020958702e+00
5.849424942262895222e+00
5.828469770544531414e+00
5.811041863771121641e+00
5.799840733996002307e+00
5.791406405351632536e+00
5.784826901446771252e+00
5.778719803833682001e+00
5.770668685961386934e+00
5.762590045641755587e+00
5.747939787798582500e+00
5.721391776504883175e+00
5.686114981878299446e+00
5.650289062795178729e+00
5.611182492463550275e+00
5.573205903477432166e+00
5.541072271259421811e+00
5.502388878535120043e+00
5.464210758354754560e+00
5.441699847671015888e+00
5.424876738545379773e+00
5.401925857140218667e+00
5.359250972579535421e+00
5.299073441310138577e+00
5.232759850895781106e+00
5.171480722621874193e+00
5.078384308748189468e+00
4.925195507500253811e+00
4.784880356891276776e+00
4.680206747320044158e+00
4.596982841638472372e+00
4.522230294048338095e+00
4.419526195575769201e+00
4.241220139110461140e+00
3.923703464307147559e+00
3.290535431500935637e+00
