1.031115603004400505e+01
1.030038676372162953e+01
1.028882804807429885e+01
1.027637677523717485e+01
1.026287568381393989e+01
1.024809102516998571e+01
1.023227422636413841e+01
1.022482301339043786e+01
1.022582082740643550e+01
1.022671845013173986e+01
1.022839779194316279e+01
1.023026750167790411e+01
1.023231492779870955e+01
1.023454765269432976e+01
1.023704582373105332e+01
1.023995230729429728e+01
1.023989731748932108e+01
1.023502063158052167e+01
1.022363090691652410e+01
1.020797886614084149e+01
1.019392841239273828e+01
1.017945699432585194e+01
1.016840613654293257e+01
1.015716351281600538e+01
1.014411632266842034e+01
1.012779134817866833e+01
1.010349584410976576e+01
1.008622097663710626e+01
1.007749145266640589e+01
1.007110104767311931e+01
1.006692569481490018e+01
1.006153540935106427e+01
1.005211655054999831e+01
1.004034912562871185e+01
1.003004891570050816e+01
1.002026181450620967e+01
1.000936589834624435e+01
9.998875459811836564e+00
9.990258471785443461e+00
9.985623142041680111e+00
9.983406152727338778e+00
9.980447443642999517e+00
9.978785641415482743e+00
9.977863928307291630e+00
9.975960452716300608e+00
9.971141734971324055e+00
9.964490155325234966e+00
9.952155786037323537e+00
9.934614584239078283e+00
9.909614323479551956e+00
9.829953762806182382e+00
9.661598797249089543e+00
9.432359889706791733e+00
9.196134716368753459e+00
9.005403610458412089e+00
8.893446603971810305e+00
8.815329983715333384e+00
8.744988080250887919e+00
8.700037056824394099e+00
8.662653021888816696e+00
8.617782206182100779e+00
8.582029254675877183e+00
8.558208003717741263e+00
8.535554871671171995e+00
8.519061069348907722e+00
8.506985061537585935e+00
8.491267820043391978e+00
8.466533989648688419e+00
8.444011988261225454e+00
8.427515320746653771e+00
8.409579798529092542e+00
8.397317653261049841e+00
8.389971883249058848e+00
8.378443326865433249e+00
8.362395757994580237e+00
8.343392836802117074e+00
8.322593453994269197e+00
8.302571174721615321e+00
8.286409310081495505e+00
8.276358388413283862e+00
8.263451424603289297e+00
8.246102019913738701e+00
8.229233753049047806e+00
8.214014189170924851e+00
8.201432631222797198e+00
8.179413898012130701e+00
8.151569022221556438e+00
8.110939698122470176e+00
8.070388856446131243e+00
8.025059968599578042e+00
7.961296720899321500e+00
7.895335236337323259e+00
7.811220321290704760e+00
7.710219788963494025e+00
7.631980217423296686e+00
7.568051455657761828e+00
7.498169902326851322e+00
7.438955088333641719e+00
7.398492080209909894e+00
7.368959659470405654e+00
7.344258624051219542e+00
7.332456639304118617e+00
7.329098753941455158e+00
7.327861403331203505e+00
7.324759711071490820e+00
7.320706974309589832e+00
7.318006956539027996e+00
7.315569434640893043e+00
7.312145608606736680e+00
7.304897488117403803e+00
7.291095665257692815e+00
7.273103174546067251e+00
7.257472175966977801e+00
7.244237525197967820e+00
7.211165944826738006e+00
7.192168655972697167e+00
7.175131856968907762e+00
7.152037482172796778e+00
7.126472342369304158e+00
7.095423923369192920e+00
7.064326932326248532e+00
7.043299389199109584e+00
7.025490196439559298e+00
7.010626403011841035e+00
6.998333894630558660e+00
6.986305400940888255e+00
6.969465303552905944e+00
6.946858366415533226e+00
6.918943073828331514e+00
6.889897537882834655e+00
6.864571593286673767e+00
6.808371692927631003e+00
6.772397994998669013e+00
6.737815797751351532e+00
6.701873524166289897e+00
6.662587857104504074e+00
6.632467415481234418e+00
6.615301806838177257e+00
6.601749359709359943e+00
6.593159748725995861e+00
6.583453832890576507e+00
6.571918360362813516e+00
6.562205996873045954e+00
6.555640904379735012e+00
6.547994872552028056e+00
6.541967190116763753e+00
6.537261077441804069e+00
6.531170969741744159e+00
6.523738665044208851e+00
6.515904296220472069e+00
6.509377280610115335e+00
6.500792027258597727e+00
6.491102440729594747e+00
6.484715424012462925e+00
6.475011256761928458e+00
6.461967983300389129e+00
6.449189802189412291e+00
6.430707000595461409e+00
6.392976429399959137e+00
6.374359689326911216e+00
6.351285981633011168e+00
6.328683299472005253e+00
6.307222110687257022e+00
6.283210741260384147e+00
6.262583968258175204e+00
6.247639442901681051e+00
6.236360888012923986e+00
6.226883328390917072e+00
6.215693069225211254e+00
6.201869401683857141e+00
6.189074629479192957e+00
6.174832879019118259e+00
6.157263302315104880e+00
6.142592798493023309e+00
6.129464309782377107e+00
6.114360742518592851e+00
6.098782124314691799e+00
6.080904144616360085e+00
6.064409315566147818e+00
6.054275905078016606e+00
6.043986741276252239e+00
6.029115812455606793e+00
6.011507007443322337e+00
5.991831007518780616e+00
5.968871304980545744e+00
5.943050101303668065e+00
5.921322243583821532e+00
5.878243091246267760e+00
5.852042428978434963e+00
5.807170256970226596e+00
5.742166393419449122e+00
5.655148042990095547e+00
5.588868661440779206e+00
5.523859576691383388e+00
5.458571378000940832e+00
5.389699318665401861e+00
5.310021707467070584e+00
5.228446557786278426e+00
5.168114286819531777e+00
5.100763300571930614e+00
5.034664546079953951e+00
4.993279238841006773e+00
4.960619163877565185e+00
4.929414838217581085e+00
4.904733392630391542e+00
4.884845188880079014e+00
4.869510986913300421e+00
4.857417537440647415e+00
4.848714880157315221e+00
4.844868423669869806e+00
4.842532482510023328e+00
4.840929969939661071e+00
4.840273002166125771e+00
4.839333467984342718e+00
4.838139793592885596e+00
4.837447017008791761e+00
4.837530991416119974e+00
4.837703940157358495e+00
4.837399024342022180e+00
4.836930817692577378e+00
4.835177357080781668e+00
4.831334731746522060e+00
4.824953914830280688e+00
4.818627001709557156e+00
4.808852147535120025e+00
4.796411962751495395e+00
4.786264341893369689e+00
4.776874721855937089e+00
4.768436074037373018e+00
4.755573030438891458e+00
4.741420289616353756e+00
4.735958002142925061e+00
4.731171997099678173e+00
4.721740562065866342e+00
4.709869246913034324e+00
4.700762541895563196e+00
