4.348069999999999879e+00
8.372789999999999400e-02
5.049870000000000053e-02
7.620470000000000022e-02
1.906859999999999944e-01
1.029719999999999941e-01
1.652510000000000090e-01
8.499189999999999523e-02
1.872050000000000103e-01
1.971610000000000029e-01
5.325440000000000035e-02
3.703320000000000223e-02
5.097240000000000104e-02
6.610199999999999410e-02
8.756959999999999744e-02
5.253220000000000112e-02
1.785809999999999828e-02
2.095520000000000022e-02
1.541490000000000048e-02
4.197769999999999974e-02
1.116220000000000059e-02
7.268150000000000131e-03
1.236310000000000013e-02
3.806049999999999711e-02
1.554780000000000051e+00
1.175740000000000007e+00
2.463859999999999939e+00
3.149599999999999955e+00
2.194669999999999899e+00
1.753679999999999906e+00
6.481539999999999524e-02
1.614440000000000097e+00
4.452740000000000170e-02
2.597280000000000075e-02
3.734370000000000051e-02
3.095439999999999969e+00
4.040000000000000036e+00
3.529269999999999907e+00
2.661459999999999937e+00
2.254960000000000075e+00
5.320000000000000284e+00
7.691379999999999661e+00
5.776030000000000442e+00
4.580029999999999824e+00
2.237060000000000048e+00
3.335150000000000059e+00
3.877279999999999838e+00
6.848460000000000214e+00
9.648920000000000385e+00
1.121700000000000053e+01
1.443640000000000079e+01
1.299460000000000015e+01
1.151110000000000078e+01
9.871209999999999596e+00
6.480310000000000237e+00
7.793309999999999960e+00
5.530310000000000059e+00
1.200670000000000037e+01
1.408890000000000065e+01
1.777139999999999986e+01
1.629479999999999862e+01
1.568219999999999992e+01
1.652959999999999852e+01
1.802159999999999940e+01
1.318309999999999960e+01
1.050319999999999965e+01
9.570840000000000458e+00
8.891249999999999432e+00
9.996439999999999770e+00
1.387550000000000061e+01
1.316539999999999999e+01
8.009719999999999729e+00
6.981939999999999813e+00
5.608170000000000321e+00
4.780619999999999870e+00
8.339309999999999334e+00
5.839500000000000135e+00
4.633549999999999613e+00
3.409130000000000216e+00
2.941250000000000142e+00
2.500710000000000210e+00
1.721559999999999979e+00
2.102310000000000123e+00
1.590289999999999981e+00
1.251370000000000093e+00
9.402430000000000510e-01
1.156889999999999974e+00
7.483950000000000324e-01
1.017130000000000090e+00
1.210339999999999971e+00
1.269530000000000047e+00
1.933550000000000102e+00
1.506699999999999928e+00
1.126360000000000028e+00
8.970770000000000133e-01
6.846700000000000008e-01
3.793560000000000265e-01
2.603420000000000178e-01
2.628249999999999753e-01
4.554190000000000182e-01
4.287960000000000105e-01
4.887250000000000205e-01
7.300809999999999800e-01
5.803449999999999998e-01
7.377749999999999586e-01
6.122210000000000152e-01
4.156480000000000175e-01
4.727750000000000008e-01
5.951640000000000263e-01
4.515790000000000082e-01
4.290019999999999945e-01
3.977930000000000077e-01
3.640160000000000062e-01
2.860050000000000092e-01
2.920519999999999783e-01
2.003109999999999891e-01
8.963379999999999959e-02
1.114559999999999995e-01
8.493000000000000549e-02
7.779850000000000654e-02
6.435770000000000379e-02
8.973250000000000670e-02
1.281249999999999889e-01
1.075880000000000031e-01
8.413829999999999920e-02
1.866210000000000091e-01
1.486210000000000031e-01
1.635880000000000112e-01
1.248609999999999998e-01
1.070109999999999950e-01
1.094320000000000015e-01
7.705199999999999549e-02
1.047899999999999943e-01
1.464870000000000061e-01
1.761230000000000018e-01
1.504479999999999984e-01
8.235910000000000453e-02
1.079439999999999983e-01
2.698160000000000003e-01
2.755810000000000204e-01
2.150519999999999932e-01
1.856180000000000052e-01
1.801049999999999873e-01
1.537999999999999923e-01
1.648110000000000130e-01
1.842890000000000084e-01
1.725559999999999872e-01
1.578130000000000088e-01
1.301790000000000065e-02
3.122279999999999847e-03
8.620900000000000351e-04
5.940200000000000081e-04
8.720600000000000226e-04
8.668350000000000447e-04
1.173360000000000028e-03
1.134779999999999947e-03
1.404749999999999966e-03
1.747190000000000028e-03
3.274790000000000079e-03
2.428930000000000151e-03
3.673889999999999968e-03
4.715210000000000061e-03
4.957020000000000350e-03
5.186180000000000304e-03
6.263219999999999898e-03
7.624579999999999726e-03
6.299830000000000187e-03
5.522919999999999739e-03
4.911030000000000256e-03
3.889010000000000036e-03
2.699630000000000172e-03
1.800069999999999969e-03
2.027890000000000074e-03
2.638070000000000172e-03
3.086460000000000072e-03
2.750740000000000216e-03
2.704569999999999891e-03
2.719539999999999891e-03
3.948440000000000109e-03
2.832690000000000121e-03
4.055689999999999816e-03
4.706209999999999734e-03
4.103830000000000151e-03
3.605940000000000187e-03
2.831629999999999911e-03
1.447240000000000028e-03
1.153289999999999958e-03
9.105170000000000104e-04
6.406819999999999486e-04
4.214010000000000130e-04
3.817669999999999788e-04
3.159890000000000268e-04
4.772660000000000075e-04
3.635239999999999977e-04
4.218310000000000072e-04
5.351279999999999492e-04
6.365830000000000273e-04
8.428819999999999845e-04
8.134740000000000113e-04
9.165360000000000217e-04
1.113739999999999999e-03
9.653189999999999644e-04
1.391209999999999929e-03
3.414819999999999835e-03
2.812980000000000081e-03
1.986480000000000103e-03
2.351849999999999948e-03
2.088099999999999852e-03
1.220369999999999918e-03
1.119739999999999928e-03
9.563269999999999800e-04
8.360999999999999942e-04
4.375110000000000197e-04
4.170800000000000115e-04
2.269720000000000082e-04
3.454150000000000124e-04
4.522959999999999806e-04
2.310129999999999920e-04
4.504019999999999747e-04
8.718079999999999580e-04
