1.036278019615237866e+01
1.035507204116178137e+01
1.034732806342725198e+01
1.033975941283834921e+01
1.033172684626055293e+01
1.032320258158831372e+01
1.031140628642183366e+01
1.029961406144024316e+01
1.028892407139179355e+01
1.028050097346990555e+01
1.027330227856765710e+01
1.026761049624209932e+01
1.026338749108312776e+01
1.026052691958057572e+01
1.025889816410178312e+01
1.025517357120341799e+01
1.025192765363580172e+01
1.025090769970085525e+01
1.024935002813116292e+01
1.024955543306100481e+01
1.025072243920128123e+01
1.025019791858123064e+01
1.025148247909883992e+01
1.025277053145519446e+01
1.024908824060565848e+01
1.024219096930164241e+01
1.023144155408383504e+01
1.021733652228036604e+01
1.020111843091140713e+01
1.017517828168156946e+01
1.013347503683809236e+01
1.008587899282555966e+01
1.003393817009480316e+01
9.979765012668284641e+00
9.940322702539289068e+00
9.893739575310798173e+00
9.847247433432405828e+00
9.828055716930990116e+00
9.820228396734581366e+00
9.807205461601141039e+00
9.790707287327679254e+00
9.779623904330032147e+00
9.765254921416081757e+00
9.745238792701060859e+00
9.716675145033994099e+00
9.675825983181262302e+00
9.624446085826734887e+00
9.571587724773898742e+00
9.528134780692212757e+00
9.499193410625004219e+00
9.473497188638042132e+00
9.429004132824267970e+00
9.370879319065126722e+00
9.313588845387004156e+00
9.276093991759216451e+00
9.247347136736976836e+00
9.224646994930488120e+00
9.227032695264526296e+00
9.229896761060381039e+00
9.227544788006980525e+00
9.224413919573393628e+00
9.220110704263992929e+00
9.217610266053629431e+00
9.216282050626748656e+00
9.220505573323041659e+00
9.223296010460174443e+00
9.220139481687182226e+00
9.196634840815066880e+00
9.158344396114834751e+00
9.128079246420503168e+00
9.079788833110514545e+00
9.012153621866097808e+00
8.961830514285919591e+00
8.913999182430320189e+00
8.873236292829489003e+00
8.852386659091800780e+00
8.835971345610261096e+00
8.816035707382990694e+00
8.796577802002342850e+00
8.774953230734903187e+00
8.742859404137735879e+00
8.698380701380795443e+00
8.642472434420250593e+00
8.578368694343041057e+00
8.510166848563320841e+00
8.436595135284122193e+00
8.373698908441875588e+00
8.334045402846882666e+00
8.309536485963791463e+00
8.284532245365378245e+00
8.262745266117747178e+00
8.245613826905497490e+00
8.229574343049451457e+00
8.212645636717040176e+00
8.197985885934160777e+00
8.182942219379953031e+00
8.166637294231804844e+00
8.151470979741679557e+00
8.129061192369968936e+00
8.102718339417419813e+00
8.075119755930350252e+00
8.053631528366029357e+00
8.032659046039924533e+00
8.023766721957748871e+00
8.016025777488373194e+00
8.009085288668007507e+00
8.003731881372880608e+00
7.996642116025593161e+00
7.987203575344850037e+00
7.979733615962185667e+00
7.975031337688538891e+00
7.970163634123987428e+00
7.959682815208400264e+00
7.950386276445542855e+00
7.940296791913169727e+00
7.915379254548697396e+00
7.879544858145353103e+00
7.845840668702130039e+00
7.811500606461987850e+00
7.780888073776520031e+00
7.756199312424434389e+00
7.725594775647222967e+00
7.693187702302798137e+00
7.664325069396854317e+00
7.630263076299943492e+00
7.557293009433426079e+00
7.515212630415798678e+00
7.490626974933803695e+00
7.471381201714428322e+00
7.454388992590295970e+00
7.444625549699153133e+00
7.439585300777563859e+00
7.437173233299710695e+00
7.435412722648824690e+00
7.410358759860466549e+00
7.392250121049847245e+00
7.389642660396691376e+00
7.387943021340005245e+00
7.385094827619076874e+00
7.379928858513884471e+00
7.368694019451464072e+00
7.349493163802026885e+00
7.327843030562666726e+00
7.293143694720667369e+00
7.240935947592634037e+00
7.186750151957789434e+00
7.135739920719901264e+00
7.086231659293216190e+00
7.027300670428161311e+00
6.956507950601446666e+00
6.884630561244230229e+00
6.827490755113076126e+00
6.756800363709279722e+00
6.688218647233419745e+00
6.645053650442902082e+00
6.614979429051051518e+00
6.590737092338319947e+00
6.553682816844736081e+00
6.502678337201144743e+00
6.443563368385832213e+00
6.399606236218922994e+00
6.366110900286821028e+00
6.332022145727306039e+00
6.293198972805230440e+00
6.255545059985055723e+00
6.147144335548889948e+00
6.085878992825560552e+00
5.976285311546972068e+00
5.836427928801063203e+00
5.747619194188391845e+00
5.641270797239200441e+00
5.492037826063932648e+00
5.367825376256651460e+00
5.293046388199686980e+00
5.206790807359712225e+00
5.082989907148072639e+00
4.946984980594232084e+00
4.834696580615923445e+00
4.744735659556206464e+00
4.610192619163750116e+00
4.460785121949087717e+00
4.344820461613799090e+00
4.207456628383425823e+00
4.093341123068876541e+00
4.068716341996553965e+00
4.022354126466628266e+00
3.957114775564888109e+00
3.900789745515331308e+00
3.837233535270183182e+00
3.721537756319974743e+00
3.558571782223000302e+00
3.419968958767379164e+00
3.265584242575136020e+00
3.116082820399119768e+00
2.926153559495134449e+00
2.715542078469929788e+00
2.581119851517527763e+00
2.402802837901361066e+00
2.220254572315099928e+00
2.095291425091816429e+00
1.993818770205664226e+00
1.897401639443343058e+00
1.680013526565286464e+00
1.335686522124296616e+00
1.092632935003521766e+00
5.830184419581537769e-01
