5.572330000000000005e+00
5.792769999999999975e+00
6.018519999999999648e+00
6.357280000000000264e+00
3.423249999999999904e-01
2.288350000000000106e-01
5.765620000000000189e+00
5.249579999999999913e+00
2.420209999999999972e+00
1.320350000000000135e-01
1.315949999999999953e+00
1.904020000000000046e+00
1.732769999999999921e+00
1.128849999999999992e-01
1.229430000000000023e+00
3.340090000000000003e+00
1.276389999999999914e+00
1.960630000000000095e+00
1.970620000000000038e+00
5.068820000000000547e-01
3.120049999999999990e+00
3.885460000000000136e+00
2.198900000000000077e+00
4.510119999999999685e+00
4.252349999999999852e+00
4.132889999999999731e+00
4.813080000000000247e+00
6.718709999999999738e+00
7.569350000000000023e+00
7.283890000000000420e+00
3.593230000000000146e+00
2.520000000000000018e+00
1.480180000000000037e-02
3.196650000000000186e-02
2.425570000000000156e-02
1.648240000000000122e-02
1.129849999999999952e-02
1.297540000000000082e-01
5.867519999999999680e-02
1.257070000000000062e-02
7.714010000000000311e-03
5.817089999999999587e-03
4.372029999999999840e-03
6.657279999999999795e-03
5.351680000000000152e-03
1.220300000000000031e-02
6.570920000000000059e-03
2.619230000000000169e-02
1.917349999999999957e-02
1.326950000000000005e-02
5.032759999999999678e+00
8.977930000000000632e+00
1.428909999999999947e+01
1.483590000000000053e+01
1.329100000000000037e+01
7.655979999999999563e+00
1.139300000000000068e+01
7.976110000000000255e+00
7.289109999999999978e+00
6.792580000000000062e+00
1.355439999999999943e-02
6.911920000000000286e+00
5.865839999999999943e-02
6.851140000000000008e+00
1.279589999999999961e+01
1.738489999999999824e+01
1.363729999999999976e+01
9.485170000000000101e+00
3.218720000000000001e-03
2.189019999999999855e-03
2.368550000000000082e-03
1.606479999999999908e+00
1.976079999999999851e-03
5.562349999999999760e-03
4.115889999999999653e-03
8.679449999999999665e-01
1.175680000000000058e+00
3.654350000000000098e-01
5.648020000000000262e-01
1.260669999999999957e+00
8.910679999999999712e-01
8.641510000000000025e-01
4.043939999999999757e-01
5.401000000000000245e-01
9.764080000000000537e-01
1.047220000000000040e+00
9.671189999999999509e-01
7.610590000000000410e-01
6.367680000000000007e-01
4.791110000000000091e-01
6.546389999999999709e-01
1.002129999999999965e+00
9.440880000000000383e-01
5.247969999999999580e-01
5.368939999999999824e-01
3.600769999999999804e-01
7.011950000000000127e-01
7.834339999999999637e-01
7.348780000000000312e-01
9.188349999999999573e-01
9.796390000000000375e-01
8.273449999999999971e-01
7.422640000000000349e-01
6.179519999999999458e-01
7.026109999999999856e-01
7.795790000000000219e-01
1.120719999999999938e+00
8.488280000000000269e-01
7.832409999999999650e-01
8.963060000000000471e-01
7.772750000000000492e-01
1.017819999999999947e+00
1.054629999999999956e+00
1.007540000000000102e+00
1.309420000000000028e+00
1.178290000000000060e+00
1.700250000000000039e+00
1.155129999999999990e+00
1.390919999999999934e+00
1.500939999999999941e+00
1.373089999999999922e+00
1.888570000000000082e+00
1.856919999999999904e+00
1.896730000000000027e+00
1.628470000000000084e+00
1.238329999999999931e+00
2.236009999999999831e+00
1.484450000000000047e+00
1.109830000000000094e+00
9.261979999999999658e-01
6.843949999999999756e-01
5.492209999999999592e-01
4.628729999999999789e-01
2.939160000000000106e-01
2.751170000000000004e-01
2.375319999999999931e-01
1.566220000000000112e-01
1.587379999999999902e-01
9.194040000000000545e-02
1.170630000000000004e-01
1.437529999999999919e-01
1.269440000000000013e-01
8.431360000000000243e-02
6.558460000000000678e-02
9.652589999999999781e-02
1.099559999999999982e-01
1.032239999999999963e-01
1.928179999999999894e-01
2.165900000000000047e-01
2.270280000000000076e-01
2.151780000000000082e-01
2.241430000000000089e-01
2.528480000000000172e-01
1.684990000000000099e-01
1.626569999999999960e-01
9.293400000000000272e-02
1.293430000000000135e-01
8.591650000000000675e-02
1.140120000000000022e-01
1.203459999999999946e-01
1.116240000000000010e-01
9.972559999999999758e-02
1.290870000000000073e-01
1.016289999999999971e-01
1.194510000000000016e-01
1.115069999999999950e-01
1.214660000000000045e-01
1.528430000000000066e-01
1.742670000000000052e-01
1.392599999999999949e-01
1.132190000000000002e-01
7.079989999999999895e-02
9.198599999999999832e-02
6.730419999999999459e-02
9.188240000000000296e-02
9.238449999999999440e-02
4.727830000000000227e-02
3.396559999999999857e-02
6.269489999999999785e-02
4.777669999999999834e-02
8.643130000000000257e-02
1.300479999999999969e-01
1.503809999999999869e-01
1.049039999999999973e-01
1.178160000000000041e-01
1.086059999999999942e-01
6.108700000000000241e-02
7.565049999999999553e-02
6.506910000000000471e-02
6.774620000000000641e-02
4.229689999999999839e-02
2.874979999999999897e-02
2.051189999999999958e-02
1.215409999999999928e-02
1.088109999999999945e-02
1.515659999999999924e-02
9.394140000000000476e-03
7.216039999999999954e-03
9.269899999999999321e-03
7.755780000000000313e-03
7.846989999999999868e-03
1.330339999999999995e-02
1.075060000000000078e-02
1.413020000000000075e-02
6.662129999999999615e-03
4.610999999999999648e-03
7.747040000000000176e-03
1.030640000000000028e-02
8.481360000000000288e-03
6.152519999999999864e-03
4.480099999999999881e-03
3.105759999999999944e-03
1.020789999999999935e-03
5.018460000000000195e-04
6.517619999999999577e-04
6.367130000000000142e-04
