4.612040000000000362e+00
4.766020000000000145e+00
4.922380000000000422e+00
5.081100000000000172e+00
5.242239999999999789e+00
5.362379999999999924e+00
4.795079999999999565e+00
1.467390000000000083e-01
2.501289999999999902e-01
7.100650000000000017e-02
3.230349999999999888e-02
3.216850000000000265e-02
1.466699999999999948e-02
4.273509999999999809e-02
1.816510000000000000e-02
7.871459999999999568e-02
2.325569999999999915e+00
3.286560000000000148e+00
6.540619999999999656e+00
5.234989999999999810e+00
3.579330000000000123e+00
5.267929999999999779e+00
3.133960000000000079e+00
5.637019999999999698e+00
3.758350000000000080e+00
7.558679999999999843e+00
6.843700000000000117e+00
3.119880000000000209e+00
2.679679999999999840e+00
1.883280000000000065e+00
1.823739999999999917e+00
2.650760000000000005e+00
3.772829999999999906e+00
3.548080000000000123e+00
2.965730000000000199e+00
3.302750000000000075e+00
3.356489999999999974e+00
2.953959999999999919e+00
2.408710000000000129e+00
1.176080000000000014e+00
1.570619999999999905e+00
1.588899999999999979e+00
1.136470000000000091e+00
1.567700000000000093e+00
1.891019999999999923e+00
3.304730000000000167e+00
3.058930000000000149e+00
6.550889999999999880e+00
5.567440000000000389e+00
1.085130000000000017e+01
2.614199999999999946e+01
2.736349999999999838e+01
1.768530000000000157e+01
9.465640000000000498e+00
3.977030000000000065e+00
1.794950000000000045e+00
1.631620000000000070e+00
9.563329999999999886e-01
5.750199999999999756e-01
6.515999999999999570e-01
6.490219999999999878e-01
2.984499999999999931e-01
3.489470000000000072e-01
2.304289999999999949e-01
2.051330000000000098e-01
1.263529999999999931e-01
2.345750000000000057e-01
2.822370000000000156e-01
2.214839999999999864e-01
1.526500000000000079e-01
1.484769999999999979e-01
9.668899999999999717e-02
1.115740000000000065e-01
1.758220000000000061e-01
1.833829999999999905e-01
2.183620000000000005e-01
1.950230000000000019e-01
1.918860000000000010e-01
1.206030000000000019e-01
1.034260000000000040e-01
1.699279999999999957e-01
1.573460000000000136e-01
1.601839999999999931e-01
1.292709999999999970e-01
1.287770000000000026e-01
1.677939999999999987e-01
2.979910000000000059e-01
2.891859999999999986e-01
2.562380000000000213e-01
2.765040000000000275e-01
3.181339999999999724e-01
2.918629999999999836e-01
3.618899999999999895e-01
2.584629999999999983e-01
1.417619999999999991e-01
1.503760000000000097e-01
1.194489999999999996e-01
7.943780000000000285e-02
4.558949999999999808e-02
4.268140000000000128e-02
2.554690000000000086e-02
9.178989999999999719e-03
5.329640000000000072e-03
4.774439999999999587e-03
1.087519999999999980e-02
6.970940000000000122e-03
8.313179999999999875e-03
7.069040000000000393e-03
1.246000000000000059e-02
1.838679999999999828e-02
3.020909999999999915e-02
2.725589999999999957e-02
2.295590000000000130e-02
1.915249999999999939e-02
3.275120000000000114e-02
2.145390000000000144e-02
2.839619999999999991e-02
3.339770000000000238e-02
3.119840000000000113e-02
4.167099999999999971e-02
2.497320000000000095e-02
2.090859999999999941e-02
1.774190000000000142e-02
1.534300000000000073e-02
1.325490000000000002e-02
1.544309999999999954e-02
2.159729999999999983e-02
2.390120000000000092e-02
2.811359999999999901e-02
2.247240000000000001e-02
2.096369999999999831e-02
2.486659999999999912e-02
2.266289999999999971e-02
2.204909999999999856e-02
2.135779999999999970e-02
2.160969999999999905e-02
9.059380000000000557e-03
8.989179999999999393e-03
5.067529999999999778e-03
5.001610000000000084e-03
6.152590000000000316e-03
6.364360000000000329e-03
4.273589999999999854e-03
3.723390000000000033e-03
4.325589999999999817e-03
3.097260000000000117e-03
3.521700000000000004e-03
4.494380000000000076e-03
4.730800000000000283e-03
4.878880000000000369e-03
3.664580000000000181e-03
6.972350000000000422e-03
4.327899999999999976e-03
4.431019999999999924e-03
7.541179999999999758e-03
7.128559999999999931e-03
7.249039999999999997e-03
8.724559999999999260e-03
8.151910000000000059e-03
9.582850000000000396e-03
1.089430000000000086e-02
8.292100000000000165e-03
9.602009999999999365e-03
9.145419999999999591e-03
6.495449999999999835e-03
5.137159999999999990e-03
4.080519999999999807e-03
4.082709999999999811e-03
5.227439999999999864e-03
5.535899999999999849e-03
4.519999999999999712e-03
6.451460000000000007e-03
6.126620000000000156e-03
4.482800000000000326e-03
5.269529999999999700e-03
5.459130000000000406e-03
5.373539999999999567e-03
6.485310000000000206e-03
4.182820000000000288e-03
3.204960000000000187e-03
4.467389999999999903e-03
5.599390000000000096e-03
5.717159999999999777e-03
6.465030000000000082e-03
6.972520000000000280e-03
7.290559999999999749e-03
4.636119999999999651e-03
6.243880000000000263e-03
6.793579999999999584e-03
1.262180000000000073e-02
1.035799999999999915e-02
9.589870000000000339e-03
8.170240000000000488e-03
7.038660000000000402e-03
6.450550000000000207e-03
5.910969999999999766e-03
6.185650000000000003e-03
4.090869999999999923e-03
2.629830000000000102e-03
3.934090000000000330e-03
1.480999999999999895e-03
1.171270000000000080e-03
1.198269999999999978e-03
9.291079999999999955e-04
6.921720000000000129e-04
5.819759999999999994e-04
3.895370000000000213e-04
3.788649999999999852e-04
1.790550000000000128e-04
9.931909999999999578e-05
1.104250000000000007e-04
5.782390000000000045e-05
6.223420000000000124e-05
7.830930000000000594e-05
8.002510000000000059e-05
5.126320000000000074e-05
3.910159999999999846e-05
5.427219999999999852e-05
7.852959999999999433e-05
7.583059999999999866e-05
1.788089999999999883e-04
2.254160000000000115e-04
2.658380000000000118e-04
3.256940000000000160e-04
5.030819999999999650e-04
4.871230000000000048e-04
3.369639999999999810e-04
4.377890000000000058e-04
2.697719999999999914e-04
7.338139999999999507e-04
3.017620000000000155e-04
1.751239999999999991e-04
2.752359999999999919e-04
4.843529999999999754e-04
4.191530000000000169e-04
3.216310000000000111e-04
