8.606430000000000469e-01
1.393650000000000055e+00
1.795279999999999987e+00
1.770199999999999996e+00
2.234609999999999985e+00
1.200679999999999970e+00
3.698329999999999895e+00
2.451010000000000133e+00
1.350249999999999950e+00
2.993729999999999780e+00
2.901619999999999866e+00
2.714640000000000164e+00
1.874079999999999968e+00
1.994799999999999907e+00
1.288119999999999932e+00
1.352100000000000080e+00
1.610840000000000050e+00
2.375599999999999934e+00
2.272139999999999826e+00
2.235120000000000218e+00
1.877879999999999994e+00
1.883099999999999996e+00
2.296129999999999782e+00
2.619559999999999889e+00
2.197340000000000071e+00
2.029389999999999805e+00
1.404050000000000020e+00
2.352110000000000145e+00
2.998190000000000133e+00
4.362230000000000274e+00
4.397529999999999717e+00
3.027499999999999858e+00
2.058009999999999895e+00
4.004870000000000374e+00
5.077300000000000146e+00
8.300769999999999982e+00
6.160730000000000040e+00
5.768069999999999808e+00
4.183430000000000426e+00
2.605410000000000004e+00
2.433749999999999858e+00
2.611260000000000137e+00
2.442629999999999857e+00
3.396090000000000053e+00
2.835269999999999957e+00
2.489790000000000170e+00
3.420729999999999826e+00
3.961580000000000101e+00
5.497029999999999639e+00
5.616670000000000051e+00
7.515010000000000190e+00
5.401919999999999611e+00
3.746509999999999785e+00
2.938779999999999948e+00
4.433189999999999742e+00
1.516140000000000043e+00
9.214679999999999538e-01
4.312489999999999934e-01
2.343109999999999811e-03
8.263269999999999643e-04
4.393199999999999883e-04
7.670560000000000095e-04
1.011249999999999996e-03
1.621670000000000056e-01
2.057450000000000112e-01
4.461829999999999963e-01
5.295670000000000099e-01
7.248280000000000278e-01
2.978709999999999969e-01
2.138539999999999885e-01
2.059560000000000002e-01
2.601669999999999816e-01
2.614449999999999830e-01
3.569700000000000095e-01
6.408099999999999907e-01
7.068900000000000183e-01
6.923839999999999995e-01
8.592610000000000525e-01
1.305620000000000003e+00
1.185459999999999958e+00
1.230669999999999931e+00
8.548449999999999660e-01
5.178810000000000358e-01
2.701580000000000092e-01
1.826510000000000078e-01
1.097280000000000061e-01
5.556620000000000309e-02
3.490739999999999815e-02
2.322690000000000171e-02
1.366709999999999973e-02
1.281090000000000007e-02
1.492040000000000033e-02
2.169630000000000170e-02
3.452439999999999676e-02
3.519869999999999943e-02
3.034749999999999948e-02
3.941460000000000102e-02
5.729610000000000258e-02
9.632240000000000246e-02
1.205490000000000034e-01
9.997060000000000668e-02
6.851549999999999307e-02
6.769500000000000517e-02
2.661229999999999846e-02
3.391559999999999714e-02
4.831200000000000078e-02
9.046780000000000099e-02
1.093609999999999999e-01
1.553759999999999863e-01
1.506909999999999916e-01
1.511889999999999901e-01
1.477340000000000042e-01
9.975399999999999545e-02
5.943020000000000247e-02
5.628849999999999826e-02
3.680979999999999669e-02
3.203410000000000285e-02
3.305269999999999736e-02
3.481510000000000160e-02
2.261060000000000153e-02
3.330319999999999808e-02
2.451350000000000057e-02
1.974110000000000101e-02
2.835839999999999889e-02
3.945209999999999689e-02
3.873440000000000216e-02
4.858799999999999925e-02
5.276249999999999690e-02
4.137690000000000118e-02
4.023670000000000024e-02
2.056459999999999885e-02
1.797630000000000061e-02
1.936320000000000055e-02
2.057200000000000001e-02
2.340450000000000169e-02
2.941560000000000008e-02
1.407360000000000035e-02
1.599340000000000137e-02
2.020960000000000117e-02
2.793990000000000015e-02
4.319390000000000035e-02
3.707699999999999885e-02
3.436030000000000334e-02
4.366079999999999961e-02
3.130299999999999749e-02
1.994399999999999992e-02
1.224240000000000050e-02
5.464890000000000025e-03
8.505389999999999825e-03
1.280850000000000044e-02
1.249139999999999973e-02
1.951150000000000106e-02
1.823850000000000124e-02
1.848709999999999937e-02
1.140739999999999983e-02
7.577269999999999665e-03
9.016120000000000731e-03
8.582239999999999661e-03
7.204529999999999788e-03
8.377469999999999709e-03
1.442580000000000078e-02
9.096520000000000300e-03
3.955860000000000279e-03
3.256429999999999828e-03
2.700689999999999948e-03
2.623279999999999969e-03
2.287040000000000167e-03
2.749419999999999815e-03
2.266499999999999852e-03
1.331029999999999974e-03
1.141910000000000104e-03
1.808769999999999909e-03
1.678299999999999974e-03
3.188530000000000184e-03
3.003630000000000189e-03
3.615140000000000194e-03
2.563220000000000168e-03
2.014199999999999845e-03
1.949980000000000029e-03
2.122479999999999940e-03
2.118839999999999873e-03
3.196769999999999820e-03
3.573670000000000145e-03
3.048850000000000084e-03
2.366029999999999869e-03
3.282880000000000173e-03
3.172949999999999902e-03
2.951479999999999815e-03
3.737770000000000068e-03
5.771160000000000005e-03
5.065899999999999917e-03
5.538730000000000389e-03
3.572160000000000005e-03
1.680990000000000045e-03
5.550629999999999540e-04
4.954440000000000493e-04
9.812620000000001064e-04
1.052299999999999937e-03
1.597900000000000134e-04
1.823870000000000005e-04
1.160029999999999937e-04
1.688869999999999976e-04
7.683170000000000505e-05
2.216239999999999909e-04
