8.313360000000000194e-02
1.589940000000000103e-02
7.797999999999999376e-02
1.633920000000000095e-01
2.786800000000000041e-02
1.250829999999999997e-02
1.242230000000000001e-01
1.197390000000000086e-02
2.146170000000000022e-02
1.880849999999999883e-02
1.981370000000000006e-02
2.477040000000000144e-02
2.323650000000000021e-02
2.886270000000000155e-02
5.421890000000000043e-02
5.099229999999999735e-02
1.582189999999999985e+00
1.817280000000000006e+00
3.331789999999999807e+00
3.084729999999999972e+00
4.318939999999999557e+00
3.356749999999999901e+00
2.614889999999999937e+00
1.864460000000000006e+00
9.762969999999999704e-01
8.476699999999999513e-02
1.011800000000000060e-01
1.391739999999999922e-01
1.337649999999999950e-01
3.831179999999999808e+00
9.642649999999999721e+00
7.357639999999999958e+00
8.378259999999999152e+00
7.626669999999999838e+00
1.193089999999999939e+01
2.137709999999999866e+01
1.968039999999999878e+01
9.305400000000000560e+00
9.933479999999999421e+00
7.318999999999999950e+00
8.257759999999999323e+00
6.052740000000000009e+00
1.078650000000000020e+01
1.159200000000000053e+01
9.814389999999999503e+00
1.890559999999999974e+01
2.426539999999999964e+01
2.078089999999999904e+01
1.569229999999999947e+01
1.075000000000000000e+01
5.617530000000000356e+00
6.910420000000000229e+00
4.320100000000000051e+00
2.753080000000000194e+00
2.095750000000000043e-02
1.648660000000000056e-02
7.893189999999999582e-03
3.821320000000000012e-03
9.962139999999999537e-03
8.123220000000000440e-03
1.106019999999999920e-02
3.945650000000000199e-03
1.071369999999999961e-02
1.553309999999999934e-02
4.983049999999999979e-02
1.025409999999999933e+01
7.689619999999999678e+00
2.944350000000000092e-02
4.997700000000000031e+00
5.960770000000000124e+00
5.110459999999999781e+00
5.857990000000000030e+00
4.106460000000000221e+00
4.836330000000000240e+00
1.298510000000000053e+00
1.372400000000000009e-02
4.595969999999999570e-03
2.912319999999999798e+00
1.539639999999999898e+00
1.472120000000000095e+00
2.754739999999999966e+00
2.719720000000000137e+00
2.497100000000000097e+00
4.223709999999999631e+00
7.125040000000000262e+00
9.508760000000000545e+00
3.529570000000000096e+00
1.774499999999999966e+00
2.679769999999999985e+00
2.480500000000000149e+00
2.916139999999999954e+00
3.944380000000000219e+00
2.726630000000000109e+00
2.395360000000000156e+00
3.831669999999999909e+00
3.192660000000000053e+00
3.616499999999999826e+00
2.035590000000000011e+00
2.669560000000000155e+00
1.982099999999999973e+00
1.250019999999999909e+00
9.514040000000000274e-01
1.206560000000000077e+00
9.312430000000000430e-01
6.321590000000000265e-01
8.058969999999999745e-01
8.006630000000000136e-01
8.736030000000000184e-01
1.008429999999999938e+00
1.295709999999999917e+00
2.080630000000000202e+00
3.397390000000000132e+00
2.977199999999999847e+00
2.847630000000000106e+00
3.636779999999999902e+00
3.947400000000000020e+00
3.100309999999999899e+00
2.212639999999999940e+00
1.576189999999999980e+00
9.866660000000000430e-01
1.095599999999999907e+00
6.061410000000000409e-01
7.562339999999999618e-01
6.634360000000000257e-01
4.488170000000000215e-01
4.178769999999999984e-01
3.111229999999999829e-01
3.145809999999999995e-01
3.359659999999999869e-01
3.331310000000000104e-01
2.063909999999999911e-01
1.894929999999999948e-01
1.887830000000000064e-01
2.011809999999999987e-01
1.500140000000000085e-01
1.710409999999999986e-01
2.443470000000000086e-01
1.937480000000000036e-01
1.621829999999999938e-01
1.848710000000000075e-01
2.013850000000000084e-01
1.920900000000000107e-01
1.530050000000000021e-01
2.241990000000000094e-01
1.196030000000000010e-01
1.189810000000000034e-01
1.219049999999999995e-01
6.194140000000000063e-02
9.219499999999999917e-02
1.458790000000000087e-01
1.642699999999999994e-01
2.160960000000000103e-01
2.768849999999999922e-01
4.675219999999999931e-01
3.177820000000000089e-01
3.202099999999999946e-01
3.706010000000000137e-01
1.834060000000000135e-01
1.161279999999999951e-01
9.503179999999999961e-02
6.443010000000000403e-02
3.613700000000000245e-02
2.565049999999999969e-02
1.978749999999999953e-02
1.622130000000000100e-02
1.253070000000000052e-02
8.579260000000000011e-03
7.235400000000000338e-03
4.419779999999999889e-03
3.462460000000000104e-03
4.900100000000000115e-03
4.994300000000000128e-03
8.917649999999999189e-03
1.181689999999999997e-02
1.329250000000000050e-02
1.098320000000000025e-02
1.890100000000000113e-02
2.044400000000000037e-02
2.651960000000000081e-02
4.473209999999999686e-02
2.620950000000000016e-02
2.965949999999999837e-02
1.964580000000000146e-02
7.880409999999999152e-03
2.644559999999999793e-03
1.712900000000000056e-03
6.678969999999999786e-04
5.283619999999999940e-04
3.451349999999999947e-04
1.252330000000000121e-04
7.397149999999999472e-05
9.036539999999999373e-05
1.284649999999999974e-04
3.307000000000000152e-04
4.616980000000000237e-04
4.517060000000000151e-04
6.053020000000000535e-04
5.412099999999999767e-04
3.468570000000000030e-04
4.124789999999999924e-04
7.041989999999999708e-04
5.878310000000000306e-04
1.027469999999999946e-03
4.934079999999999759e-04
3.723360000000000211e-04
4.693829999999999747e-04
3.769789999999999968e-04
2.077520000000000126e-04
5.931320000000000125e-04
5.324190000000000129e-04
6.830789999999999562e-04
3.464590000000000248e-04
3.218610000000000004e-04
3.843060000000000031e-04
3.656220000000000173e-04
1.519070000000000077e-04
1.996590000000000073e-04
1.292370000000000096e-04
7.583900000000000352e-05
