6.053499999999999659e+00
6.317309999999999981e+00
2.079050000000000065e+00
6.506490000000000329e+00
2.903499999999999970e-01
3.318969999999999976e-01
6.058880000000000265e+00
6.035140000000000171e+00
5.170079999999999565e+00
8.856279999999999708e-01
1.838880000000000070e+00
2.028070000000000039e+00
2.401969999999999938e+00
1.714089999999999892e+00
2.709859999999999935e+00
5.777580000000000382e+00
2.629970000000000141e+00
3.126310000000000144e+00
2.985189999999999788e+00
2.377250000000000085e+00
3.110780000000000101e+00
2.816559999999999953e+00
2.552389999999999937e-01
2.251510000000000122e+00
2.774150000000000227e-01
1.291710000000000080e-01
1.841240000000000099e-01
2.507390000000000008e+00
4.057660000000000267e+00
4.375770000000000159e+00
1.858670000000000044e-01
1.297460000000000002e-01
2.454659999999999828e-02
4.499829999999999802e-02
6.597240000000000049e-02
5.955860000000000321e-02
4.435900000000000259e-02
3.476669999999999927e+00
2.580150000000000166e+00
3.781480000000000258e-02
1.760149999999999909e-02
9.994400000000000506e-03
6.544870000000000375e-03
5.047120000000000425e-03
1.359209999999999932e-02
6.382000000000000173e-02
1.297379999999999922e-01
1.007990000000000030e+01
1.312640000000000029e+01
1.446700000000000053e+01
1.148579999999999934e+01
1.574600000000000044e+01
2.250309999999999988e+01
1.661240000000000094e+01
2.526839999999999975e+01
1.142309999999999981e+01
7.939750000000000085e+00
1.142900000000000027e+01
4.320809999999999929e-02
1.388830000000000064e-01
7.335020000000000095e+00
8.620770000000000266e+00
1.642980000000000018e+01
1.763070000000000093e+01
1.844689999999999941e+01
2.002850000000000108e+01
2.767449999999999832e+01
1.993590000000000018e+01
2.151379999999999981e+01
1.869000000000000128e+01
1.389819999999999922e+01
1.450890000000000057e+01
1.138339999999999996e+01
1.100270000000000081e+01
1.109859999999999935e+01
7.403229999999999755e+00
1.831199999999999939e+00
5.128219999999999779e+00
4.453870000000000218e+00
4.428320000000000256e+00
3.286340000000000039e+00
2.027050000000000018e+00
2.318259999999999987e+00
3.811539999999999928e+00
5.337760000000000282e+00
7.250630000000000130e+00
1.003049999999999997e+01
1.022869999999999990e+01
6.999830000000000219e+00
5.330709999999999837e+00
1.858800000000000008e+00
2.212419999999999831e+00
1.343380000000000019e+00
5.746040000000000036e-01
4.787969999999999726e-01
5.375050000000000106e-01
4.375850000000000017e-01
3.703569999999999918e-01
2.723099999999999965e-01
6.432400000000000340e-01
7.010389999999999677e-01
1.095150000000000068e+00
1.018119999999999914e+00
1.003700000000000037e+00
1.315560000000000063e+00
1.147759999999999891e+00
1.353699999999999903e+00
1.222949999999999982e+00
9.357689999999999619e-01
7.949610000000000287e-01
1.019549999999999956e+00
8.735460000000000447e-01
6.484240000000000004e-01
5.275429999999999842e-01
4.428599999999999759e-01
8.225390000000000201e-01
7.403800000000000381e-01
7.503260000000000485e-01
9.443139999999999867e-01
1.112999999999999989e+00
7.614020000000000232e-01
4.517610000000000237e-01
5.115340000000000442e-01
2.891349999999999754e-01
3.731499999999999817e-01
3.575329999999999897e-01
3.499760000000000093e-01
3.263869999999999827e-01
3.231539999999999968e-01
2.818309999999999982e-01
3.760760000000000214e-01
5.158810000000000340e-01
4.704430000000000001e-01
4.721790000000000154e-01
5.253290000000000459e-01
2.921199999999999908e-01
3.248429999999999929e-01
1.876249999999999862e-01
3.511329999999999729e-01
4.739889999999999937e-01
2.926679999999999837e-01
6.294330000000000203e-01
1.190339999999999954e+00
1.312310000000000088e+00
1.853580000000000005e+00
1.595539999999999958e+00
2.433419999999999916e+00
1.902060000000000084e+00
1.714650000000000007e+00
1.802440000000000042e+00
1.516189999999999927e+00
1.480790000000000051e+00
1.188690000000000024e+00
7.901679999999999815e-01
4.756920000000000037e-01
5.864730000000000221e-01
4.540649999999999964e-01
6.632449999999999735e-01
5.118920000000000137e-01
5.387290000000000134e-01
8.019669999999999854e-01
7.527270000000000350e-01
6.717610000000000525e-01
7.433999999999999497e-01
3.951089999999999880e-01
5.826780000000000292e-01
7.948499999999999455e-01
6.064770000000000438e-01
8.716620000000000479e-01
1.207300000000000040e+00
1.259630000000000027e+00
2.009339999999999904e+00
2.041729999999999823e+00
3.551410000000000178e+00
2.231479999999999908e+00
2.891169999999999796e+00
2.136750000000000149e+00
1.604819999999999913e+00
8.444340000000000179e-01
3.834159999999999791e-01
2.298570000000000058e-01
2.657669999999999755e-01
1.963830000000000020e-01
1.612439999999999984e-01
1.306859999999999966e-01
8.490889999999999549e-02
5.077249999999999819e-02
2.181289999999999965e-02
2.825060000000000071e-02
2.418709999999999957e-02
1.836250000000000035e-02
2.014169999999999849e-02
1.681440000000000018e-02
1.122399999999999960e-02
1.379900000000000050e-02
1.081039999999999952e-02
1.343729999999999924e-02
2.797490000000000046e-02
4.333750000000000102e-02
5.416060000000000318e-02
4.217950000000000171e-02
4.529260000000000230e-02
4.750379999999999880e-02
2.829850000000000074e-02
9.739819999999999728e-03
8.768299999999999705e-03
9.354380000000000681e-03
8.019820000000000421e-03
5.540549999999999989e-03
2.622390000000000051e-03
1.929399999999999952e-03
2.116589999999999791e-03
1.861009999999999965e-03
3.559829999999999939e-03
2.868369999999999861e-03
8.044569999999999586e-04
2.657509999999999972e-04
2.678089999999999833e-04
3.047890000000000256e-04
5.924260000000000095e-05
4.879609999999999856e-05
4.184009999999999943e-05
4.194320000000000188e-05
1.968669999999999906e-05
1.102030000000000018e-05
4.476939999999999694e-06
8.013330000000000407e-06
8.785710000000000286e-06
4.163480000000000327e-06
5.168190000000000064e-06
5.924250000000000073e-06
8.236030000000000832e-06
1.361730000000000005e-06
1.806039999999999991e-06
2.576779999999999917e-06
