1.026019545439983105e+01
1.025265160750660698e+01
1.024505839517188122e+01
1.023672111756123293e+01
1.022757822029960018e+01
1.021792328057800603e+01
1.020658303483779150e+01
1.019112670962626943e+01
1.016745616861366841e+01
1.013218281644793350e+01
1.009653114300849985e+01
1.007433362293907919e+01
1.005940814975004827e+01
1.004816202469694097e+01
1.003959255969713205e+01
1.003275571525037080e+01
1.003034060603513922e+01
1.002872574946264805e+01
1.002544104910897005e+01
1.001970603163637641e+01
1.001219585074723106e+01
1.000871937349471530e+01
1.001087637130789609e+01
1.001322075237422737e+01
1.001486901054083489e+01
1.001144779200519430e+01
1.000965906927981308e+01
1.000816992201807665e+01
1.000354669310213218e+01
9.998262390683427370e+00
9.993820972799625224e+00
9.988383241638260301e+00
9.974090088955907873e+00
9.944857089696444774e+00
9.920228755181899061e+00
9.906077406143353414e+00
9.882761826721264242e+00
9.849474695290190596e+00
9.827475894770465459e+00
9.816072190593716940e+00
9.750869256996075762e+00
9.737046262388957985e+00
9.716981908470430085e+00
9.690623959454729430e+00
9.661254082993908199e+00
9.634056879291611253e+00
9.616031014266916088e+00
9.606334063135689050e+00
9.596842210415665875e+00
9.584903121111599589e+00
9.563460912777850709e+00
9.524453245274310476e+00
9.473333662603341310e+00
9.425400520687867711e+00
9.386789586977945632e+00
9.358401272531883919e+00
9.326325618013576957e+00
9.298829069518550483e+00
9.293886044640792932e+00
9.290479813330673409e+00
9.279628166024240343e+00
9.260627024778480987e+00
9.216864962693588126e+00
9.162761496841568487e+00
9.116647585691124434e+00
9.069875206727376238e+00
9.028705424080074593e+00
8.993238217624877961e+00
8.918877642766890546e+00
8.810782768615256444e+00
8.729002709272190685e+00
8.669341059029093799e+00
8.620160008205470348e+00
8.540179260522274163e+00
8.513704908716929864e+00
8.503178972763846488e+00
8.487532880803863478e+00
8.467140265759971030e+00
8.454767137199500127e+00
8.443691592787594402e+00
8.430116998758760971e+00
8.402801120062859397e+00
8.359518654231409940e+00
8.315361486979334416e+00
8.272584149110041807e+00
8.217689198549058105e+00
8.156418904029278494e+00
8.085604498555268194e+00
7.997288941203362533e+00
7.923889797479449548e+00
7.863590493415729910e+00
7.816129230926614824e+00
7.791795877259998448e+00
7.776567534354519751e+00
7.765165435357868517e+00
7.753908466325648341e+00
7.742341714895045079e+00
7.732302065753185794e+00
7.726287803462756010e+00
7.720116285441109838e+00
7.714060547888750285e+00
7.708734396867851224e+00
7.701981360938658483e+00
7.691020456634118929e+00
7.672653768541485952e+00
7.651042384108137639e+00
7.629257671410051067e+00
7.613364998628730618e+00
7.602451765336438960e+00
7.591420805104210245e+00
7.580989944006110370e+00
7.575462657128432475e+00
7.570844039717758989e+00
7.566638976946199691e+00
7.559179800233434499e+00
7.550198991308866958e+00
7.542860268671832458e+00
7.529970319903891429e+00
7.507286329860561658e+00
7.491615191775862215e+00
7.474560065869779280e+00
7.452157652322124015e+00
7.424840817562293083e+00
7.395558770189643916e+00
7.367817928548493711e+00
7.345495276789881345e+00
7.324745318783643988e+00
7.304410813633670507e+00
7.286034096054322617e+00
7.268615409448652365e+00
7.249416061739593076e+00
7.233110383378447139e+00
7.219094424276583766e+00
7.196709395674665721e+00
7.168930383631362702e+00
7.139135744103102255e+00
7.085090692542183710e+00
7.018758733485324086e+00
6.963362293582010309e+00
6.907721920761468404e+00
6.857418743576331188e+00
6.818083305455209242e+00
6.775292892885551588e+00
6.734298061679669267e+00
6.700648345394470518e+00
6.681772018851100725e+00
6.665176524284020410e+00
6.650585305018399396e+00
6.642404169891040766e+00
6.629244413452592077e+00
6.611797630776315771e+00
6.389453155612936364e+00
6.358009127861675935e+00
6.330174236513503416e+00
6.295723198023572387e+00
6.249330460689223266e+00
6.197150939796529201e+00
6.147175282972666466e+00
6.106575028635631064e+00
6.082160398205163965e+00
6.067487459780536163e+00
6.055775743028729785e+00
6.043452664751196579e+00
6.025338640969997606e+00
5.994365111620814979e+00
5.967802020332462654e+00
5.945413433124392633e+00
5.919223007438564110e+00
5.894409115818080913e+00
5.866927377727249926e+00
5.832718983780707411e+00
5.793654908370279522e+00
5.690748788902220134e+00
5.615329187387825272e+00
5.564583220891481830e+00
5.511487638694457125e+00
5.396567207866214133e+00
5.217136369579985278e+00
5.060886623004662077e+00
4.963774609486267586e+00
4.841635353798777963e+00
4.683912062079373939e+00
4.565441657879168780e+00
4.424249327059306403e+00
4.270604312735432728e+00
4.144297042419277766e+00
4.046748721401383087e+00
3.947133631524577968e+00
3.834257256117581392e+00
3.621854207639803924e+00
3.384684878531215801e+00
3.232042664384831454e+00
3.018450832386355920e+00
2.798014272887298315e+00
2.399492006495771879e+00
