4.871010000000000062e+00
1.388139999999999930e-01
9.434729999999999506e-02
8.568770000000000553e-02
7.923349999999999838e-02
1.123849999999999988e-01
2.943040000000000100e-01
3.578170000000000073e+00
3.639540000000000219e+00
2.624139999999999806e-01
1.107159999999999950e-01
6.304830000000000156e-02
6.981770000000000476e-01
2.962110000000000021e+00
2.901740000000000208e+00
7.149890000000000079e+00
7.052669999999999995e+00
5.347380000000000244e+00
4.044120000000000381e+00
3.365920000000000023e+00
3.359789999999999832e+00
2.642729999999999801e+00
7.830540000000000278e-01
2.028309999999999835e+00
3.619769999999999932e+00
4.804499999999999993e+00
4.080370000000000275e+00
6.433919999999999639e+00
4.551319999999999588e+00
5.112000000000000099e+00
5.615420000000000300e+00
2.839780000000000193e+00
6.275249999999999773e+00
6.160599999999999632e+00
7.376789999999999736e+00
8.545059999999999434e+00
1.340099999999999980e+01
1.839610000000000056e+01
2.266240000000000165e+01
1.357719999999999949e+01
1.282119999999999926e+01
1.962580000000000169e+01
1.250389999999999979e+01
1.352829999999999977e+01
1.141249999999999964e+01
1.006840000000000046e+01
9.386020000000000252e+00
5.710259999999999891e+00
1.278270000000000017e+00
2.249680000000000082e-02
3.935999999999999943e+00
2.651540000000000147e-02
9.624270000000000741e-03
2.187619999999999842e-02
2.867489999999999969e-02
3.128500000000000031e-02
3.353830000000000006e-02
1.310710000000000000e-02
1.019890000000000033e-02
1.066809999999999981e-02
2.806890000000000079e-02
7.127189999999999692e+00
7.096599999999999575e+00
4.597870000000000346e+00
5.760769999999999946e+00
9.341049999999999187e+00
1.048889999999999922e+01
1.992139999999999844e+01
1.649729999999999919e+01
1.107099999999999973e+01
1.321560000000000024e+01
9.854089999999999350e+00
5.471739999999999604e+00
4.072890000000000121e+00
5.219570000000000043e+00
5.182010000000000005e+00
5.073610000000000397e+00
2.202100000000000168e+00
1.371529999999999916e+00
2.087209999999999788e+00
1.149350000000000094e+00
1.190110000000000001e+00
8.142409999999999926e-01
1.259230000000000071e+00
1.666819999999999968e+00
2.391059999999999963e+00
1.948669999999999902e+00
1.381890000000000063e+00
8.597040000000000237e-01
1.239759999999999973e+00
6.489740000000000508e-01
6.140940000000000287e-01
4.908859999999999890e-01
5.130770000000000053e-01
7.052000000000000490e-01
4.154800000000000160e-01
3.559370000000000034e-01
3.934309999999999752e-01
4.002459999999999907e-01
3.620470000000000077e-01
4.051139999999999741e-01
4.850920000000000232e-01
4.768450000000000188e-01
4.608880000000000199e-01
4.094949999999999979e-01
4.354230000000000045e-01
5.389490000000000114e-01
5.138589999999999547e-01
5.455769999999999786e-01
5.096680000000000099e-01
5.224900000000000100e-01
3.416350000000000220e-01
5.160019999999999607e-01
3.569849999999999968e-01
4.867139999999999800e-01
6.872979999999999645e-01
1.031649999999999956e+00
6.654010000000000202e-01
3.935359999999999969e-01
2.753579999999999917e-01
1.176809999999999939e-01
8.069769999999999721e-02
5.916659999999999975e-02
4.714909999999999934e-02
4.112609999999999877e-02
2.561880000000000060e-02
3.952030000000000126e-02
1.827820000000000139e-02
1.546039999999999914e-02
2.215690000000000021e-02
1.776509999999999895e-02
1.501940000000000046e-02
1.674540000000000056e-02
1.443629999999999913e-02
1.373620000000000049e-02
1.707430000000000059e-02
1.298840000000000064e-02
1.288609999999999929e-02
1.296300000000000056e-02
1.165139999999999926e-02
1.082800000000000082e-02
1.014520000000000005e-02
1.172989999999999970e-02
1.648530000000000134e-02
1.931410000000000071e-02
1.943380000000000107e-02
3.528880000000000211e-02
4.365209999999999924e-02
3.555919999999999914e-02
3.166669999999999902e-02
2.658670000000000130e-02
2.478620000000000129e-02
3.489939999999999709e-02
2.345219999999999944e-02
1.732759999999999856e-02
2.617639999999999897e-02
3.997089999999999671e-02
5.045899999999999691e-02
5.848729999999999901e-02
5.754519999999999774e-02
5.198250000000000093e-02
3.245610000000000162e-02
3.483309999999999879e-02
2.971990000000000048e-02
3.780010000000000314e-02
2.206520000000000009e-02
1.894260000000000041e-02
1.463829999999999992e-02
1.206540000000000043e-02
1.553979999999999945e-02
1.553399999999999920e-02
1.866670000000000135e-02
2.082689999999999889e-02
2.450940000000000063e-02
6.323710000000000442e-02
5.255440000000000111e-02
5.290569999999999995e-02
6.870160000000000156e-02
7.202160000000000506e-02
6.803990000000000038e-02
7.512080000000000146e-02
5.462609999999999688e-02
4.919540000000000024e-02
2.785500000000000129e-02
1.232940000000000078e-02
9.505110000000000642e-03
3.813089999999999882e-03
3.811269999999999849e-03
4.481500000000000240e-03
3.565889999999999945e-03
2.336809999999999929e-03
1.578009999999999916e-03
2.175470000000000095e-03
2.427789999999999983e-03
2.491129999999999820e-03
4.654919999999999891e-03
5.684409999999999984e-03
5.519470000000000279e-03
6.338419999999999992e-03
7.719550000000000370e-03
1.029610000000000074e-02
8.036140000000000644e-03
8.110829999999999429e-03
5.085769999999999874e-03
8.225609999999999519e-03
6.842260000000000182e-03
1.008649999999999998e-02
1.253839999999999989e-02
1.289930000000000070e-02
1.186749999999999958e-02
1.223209999999999922e-02
5.926210000000000332e-03
6.948339999999999898e-03
6.282460000000000128e-03
5.034580000000000305e-03
6.089050000000000365e-03
7.078759999999999913e-03
5.189970000000000347e-03
2.972550000000000019e-03
1.759270000000000061e-03
2.636110000000000102e-03
2.832990000000000074e-03
2.859870000000000034e-03
2.735510000000000025e-03
2.189799999999999993e-03
2.317989999999999808e-03
4.472409999999999580e-03
4.211460000000000203e-03
8.409619999999999596e-03
9.503559999999999439e-03
3.020259999999999872e-03
1.253480000000000067e-04
2.737670000000000167e-05
4.066730000000000047e-07
1.131209999999999976e-07
2.630469999999999996e-08
