3.071159999999999862e-02
7.556989999999999541e-02
4.811030000000000167e-02
1.141460000000000044e-02
2.334889999999999882e-02
5.584780000000000300e-02
1.047050000000000064e-01
9.565060000000000229e-02
1.349129999999999940e+00
2.234960000000000002e-01
5.470379999999999687e-02
9.686540000000000428e-02
5.988990000000000286e-02
3.701580000000000148e-02
1.712330000000000102e-02
2.258069999999999869e-02
3.012420000000000028e-02
3.684289999999999787e-02
4.939450000000000091e-02
1.419239999999999946e-01
1.114519999999999955e+00
2.964630000000000098e+00
5.434090000000000309e+00
5.337749999999999773e+00
5.564869999999999983e+00
6.885869999999999713e+00
6.470710000000000406e+00
7.406250000000000000e+00
6.456870000000000331e+00
6.280400000000000205e+00
3.805009999999999781e+00
5.589629999999999654e+00
6.781170000000000364e+00
1.040060000000000073e+01
7.162989999999999746e+00
9.064030000000000697e+00
6.702899999999999636e+00
8.313090000000000757e+00
7.612449999999999939e+00
6.411520000000000330e+00
3.947839999999999794e+00
6.542470000000000230e-02
3.789909999999999890e+00
3.082079999999999931e+00
5.101230000000000153e+00
5.019879999999999676e+00
1.035050000000000026e+01
6.129819999999999602e+00
9.016899999999999693e+00
1.945769999999999911e+01
2.322530000000000072e+01
2.234339999999999904e+01
2.518260000000000076e+01
3.109369999999999834e+01
2.372980000000000089e+01
1.230489999999999995e+01
3.074489999999999862e-02
5.666240000000000165e+00
3.674900000000000055e+00
2.662729999999999819e+00
1.340430000000000010e+00
3.437239999999999740e-01
5.212539999999999951e-01
7.043209999999999749e-01
8.183869999999999756e-01
1.065940000000000110e+00
1.385939999999999950e+00
1.402940000000000076e+00
2.111709999999999976e+00
2.194189999999999863e+00
1.843769999999999909e+00
1.587439999999999962e+00
1.357720000000000038e+00
1.096749999999999892e+00
7.725750000000000117e-01
7.544659999999999700e-01
5.056690000000000351e-01
5.969029999999999614e-01
6.132680000000000353e-01
4.986530000000000129e-01
3.554880000000000262e-01
3.485050000000000092e-01
3.858630000000000115e-01
1.231919999999999960e-01
3.320229999999999970e-03
1.404370000000000054e-03
3.830119999999999792e-03
1.132760000000000017e-01
8.946659999999999335e-02
1.435210000000000097e-01
3.449519999999999809e-01
1.912860000000000116e-01
1.563400000000000067e-01
1.987099999999999977e-01
2.541959999999999775e-01
3.075740000000000141e-01
6.854280000000000372e-01
5.610589999999999744e-01
5.715120000000000200e-01
4.760769999999999724e-01
4.813410000000000188e-01
4.465069999999999872e-01
5.311120000000000285e-01
4.448730000000000184e-01
4.410879999999999801e-01
3.542379999999999973e-01
3.102840000000000042e-01
3.875469999999999748e-01
2.772080000000000100e-01
2.617039999999999922e-01
2.283449999999999924e-01
2.178200000000000136e-01
2.468519999999999881e-01
1.526470000000000049e-01
1.240190000000000042e-01
1.235789999999999944e-01
1.284420000000000006e-01
9.695810000000000539e-02
1.553249999999999909e-01
1.334140000000000048e-01
2.569060000000000232e-01
3.209609999999999963e-01
2.631069999999999798e-01
2.234480000000000077e-01
1.632250000000000090e-01
1.602310000000000123e-01
1.563950000000000062e-01
1.518470000000000097e-01
1.114369999999999944e-01
6.413290000000000657e-02
6.719289999999999985e-02
5.954229999999999939e-02
8.035430000000000350e-02
1.037259999999999988e-01
1.297129999999999950e-01
1.548279999999999934e-01
1.761310000000000098e-01
1.690810000000000091e-01
5.075919999999999738e-02
4.949680000000000052e-02
3.921890000000000098e-02
4.280690000000000189e-02
2.559439999999999979e-02
1.555239999999999921e-02
1.152889999999999991e-02
1.247460000000000062e-02
8.621250000000000441e-03
1.270579999999999973e-02
1.531680000000000021e-02
1.660760000000000014e-02
1.177279999999999993e-02
6.281789999999999770e-03
1.300620000000000075e-02
5.047570000000000355e-03
4.749719999999999810e-03
2.531409999999999997e-03
2.115290000000000139e-03
2.123739999999999829e-03
2.591700000000000167e-03
2.245130000000000129e-03
2.609139999999999810e-03
4.663419999999999718e-03
6.468490000000000351e-03
6.990879999999999664e-03
1.439469999999999986e-02
1.772129999999999886e-02
2.049530000000000102e-02
2.242190000000000155e-02
2.703289999999999860e-02
1.495840000000000017e-02
2.179220000000000115e-02
1.483300000000000070e-02
1.751219999999999860e-02
1.033320000000000072e-02
1.050309999999999959e-02
1.608839999999999923e-02
2.637470000000000092e-02
2.065049999999999872e-02
2.070450000000000068e-02
3.151899999999999841e-02
2.640529999999999961e-02
1.899220000000000075e-02
1.169910000000000047e-02
1.023020000000000006e-02
1.245270000000000057e-02
8.830130000000000270e-03
7.465939999999999903e-03
5.656219999999999998e-03
4.521579999999999870e-03
2.598360000000000079e-03
1.286489999999999943e-03
1.242150000000000025e-03
1.518550000000000021e-03
2.154309999999999992e-03
2.209399999999999819e-03
1.997899999999999936e-03
2.230479999999999963e-03
1.282130000000000032e-03
1.080669999999999938e-03
1.026219999999999997e-03
7.466729999999999982e-04
6.927250000000000464e-04
1.993839999999999870e-04
3.784989999999999823e-05
2.070120000000000095e-05
