1.015644313904337714e+01
1.014203575384281741e+01
1.012615739269141280e+01
1.010993609366199131e+01
1.009263293500352177e+01
1.007397848261988926e+01
1.005199712722329863e+01
1.001943617906818851e+01
9.971594956477346727e+00
9.910986521635713586e+00
9.861315117435944799e+00
9.842627334836993924e+00
9.838227416065830511e+00
9.838825172411509001e+00
9.839798464869648598e+00
9.840805297702580390e+00
9.841879186327457063e+00
9.842982846672901687e+00
9.844156462288001563e+00
9.845382099771569528e+00
9.846646328577117302e+00
9.847952500657338959e+00
9.849327262334538702e+00
9.841051475266283433e+00
9.836724039549352483e+00
9.838313130299324527e+00
9.840069064880427874e+00
9.842252172687024014e+00
9.845023583149446367e+00
9.838629370275461028e+00
9.818695575216695559e+00
9.800785103261118181e+00
9.794316525726566525e+00
9.795744496323342432e+00
9.797239141060446244e+00
9.798736253089556314e+00
9.800299762734809406e+00
9.802034453858453844e+00
9.803925300327806625e+00
9.806025907835552502e+00
9.808404099839808765e+00
9.805805912533493540e+00
9.802724479661151236e+00
9.806188795500958122e+00
9.797791564147880550e+00
9.770644383978195791e+00
9.744519070399240590e+00
9.735806417327134810e+00
9.737545661734696267e+00
9.738797993314332047e+00
9.740736811185719546e+00
9.742776175576700837e+00
9.744943546081810126e+00
9.747271940989394423e+00
9.749814357920755015e+00
9.752694412595417361e+00
9.752162195016600421e+00
9.751419995826040577e+00
9.755592091266745314e+00
9.745694546679855463e+00
9.725014361406946861e+00
9.709006929602065128e+00
9.700884491362394613e+00
9.705489100010384007e+00
9.698453755779121721e+00
9.678399091008975219e+00
9.661302397355688854e+00
9.638155670579896750e+00
9.584563012421249084e+00
9.564254058311842499e+00
9.538148781944991939e+00
9.494761069061141256e+00
9.446874096081163685e+00
9.398753981851745820e+00
9.336517769325393346e+00
9.276866038362264533e+00
9.219215035413631298e+00
9.164132678120582298e+00
9.113970077298809258e+00
9.077531416354595706e+00
9.054268239547187846e+00
9.039370489228469197e+00
9.026549606435281703e+00
9.009875633712159271e+00
8.976801465535569235e+00
8.926808394213439968e+00
8.878123509650544420e+00
8.831648413176727885e+00
8.793424361829117686e+00
8.765401042336350201e+00
8.739008740884733228e+00
8.717118548494257269e+00
8.698982164411271256e+00
8.677834988683676087e+00
8.656926693223262248e+00
8.644527211951954726e+00
8.636830783389955357e+00
8.630433977480723939e+00
8.619410583765906964e+00
8.602956968238601121e+00
8.586649181601623937e+00
8.566481096236234549e+00
8.535054748964856941e+00
8.499187906939059900e+00
8.473603739435953131e+00
8.444792450755757685e+00
8.406494193877716015e+00
8.375912233518873151e+00
8.362218500326052961e+00
8.348832317527893565e+00
8.332111100727262354e+00
8.316909252164988331e+00
8.302071053650074361e+00
8.284635988179671173e+00
8.265704388811345282e+00
8.247774475939996464e+00
8.232602273130774861e+00
8.219969405613424485e+00
8.210799910396749723e+00
8.204206832867573240e+00
8.199302551384569426e+00
8.195581422053189513e+00
8.191797417564115946e+00
8.188019590847847695e+00
8.181234577422241472e+00
8.169985792076930764e+00
8.154338749297787459e+00
8.137740119998676747e+00
8.119179980113312212e+00
8.103067874976506602e+00
8.082444261386068973e+00
8.063134371215202378e+00
8.040582563048021214e+00
8.007837357996439920e+00
7.972735887706941860e+00
7.947019817555110777e+00
7.931406504955172743e+00
7.916074235546364690e+00
7.902304833278399165e+00
7.887588046354297333e+00
7.872271097853206001e+00
7.861223662668178847e+00
7.855216800866202220e+00
7.847662099789344481e+00
7.838871748988709420e+00
7.829701211645771153e+00
7.812628633409061329e+00
7.786427709564866184e+00
7.762260569847661884e+00
7.741502203289998718e+00
7.715817058169839981e+00
7.693222029951102492e+00
7.669379183870558947e+00
7.635378176298067920e+00
7.569071788443938686e+00
7.467713152190825099e+00
7.406890880614406036e+00
7.347361244359112753e+00
7.295087462052554095e+00
7.248068947825502484e+00
7.178867640887731660e+00
7.085415460083301475e+00
6.994751669723830112e+00
6.894595715884063836e+00
6.787801116821891689e+00
6.704167682290361974e+00
6.607748742851673462e+00
6.501855879390431525e+00
6.428877968123500430e+00
6.379524876256794208e+00
6.356920309120982715e+00
6.344737999517591653e+00
6.334093700497010815e+00
6.325626480518567796e+00
6.320019511803874224e+00
6.313584626211692807e+00
6.305686635742516977e+00
6.299679413431985786e+00
6.295259136481679896e+00
6.291240052827522966e+00
6.285649558659105907e+00
6.280446332059610448e+00
6.269052721890816748e+00
6.188720422333355842e+00
6.153991593854298614e+00
6.093106356977906479e+00
6.021978583757436887e+00
5.952465994317440945e+00
5.888433366798194513e+00
5.838777331807822435e+00
5.783534843911144030e+00
5.710126677369289361e+00
5.637612795533412324e+00
5.581526415945598174e+00
5.518118947143152653e+00
5.472885110103786310e+00
5.438937701095528432e+00
5.415247201207074923e+00
5.388774156221371570e+00
5.360939726585119303e+00
5.336069293767502053e+00
5.309155164278987371e+00
5.275509449014113450e+00
5.246286798296757148e+00
5.220338255437263264e+00
5.192006801549059247e+00
5.161957643244891258e+00
5.132759033172907159e+00
5.111961125238869030e+00
5.101024940352695047e+00
5.094282415869025193e+00
5.086722777637349147e+00
5.077447851721127670e+00
5.069497897073269144e+00
5.062243441026478052e+00
5.054881054862772061e+00
5.027793869656286496e+00
5.019548292033290338e+00
5.008429826797230255e+00
4.994746834375733968e+00
4.977630793498786232e+00
4.957504327432524782e+00
4.937713932224560232e+00
4.925726072832036451e+00
4.917440386755122184e+00
4.905540623642316689e+00
4.897462687961406935e+00
4.878519497640725788e+00
4.826415622512161718e+00
4.758059112155769377e+00
4.708689382796927170e+00
4.664354230661552414e+00
4.626890330692391196e+00
4.598789412820976530e+00
4.582361127706284343e+00
4.574776456432260829e+00
