5.878659999999999997e+00
6.067269999999999719e+00
6.234040000000000248e+00
6.374229999999999841e+00
6.488170000000000215e+00
6.685599999999999987e+00
8.177400000000000446e+00
1.025939999999999941e+01
1.058360000000000056e+01
9.877209999999999823e+00
1.249489999999999945e+01
6.970299999999999940e+00
6.541129999999999889e+00
3.033840000000000092e+00
9.525279999999999858e-02
2.652130000000000112e-02
1.757190000000000141e-02
2.617689999999999947e-02
1.968150000000000108e-02
1.786099999999999841e-02
1.763850000000000140e-02
2.026350000000000026e-02
1.672999999999999834e-02
4.090529999999999861e-02
3.243479999999999974e-02
3.170370000000000132e-02
5.326949999999999741e-02
2.505960000000000132e-02
1.880680000000000129e-01
2.241860000000000033e-02
1.345189999999999927e-02
7.587950000000000250e-02
1.691100000000000048e+00
1.171629999999999949e+00
5.967159999999999825e-02
2.621750000000000122e-02
3.031680000000000139e-02
4.698979999999999824e-02
1.573269999999999946e-01
5.977869999999999712e-02
1.980410000000000156e-02
2.404670000000000071e-02
2.458480000000000040e-02
9.369700000000000251e-02
3.056449999999999889e+00
9.029750000000000276e-02
1.750639999999999974e-01
4.985920000000000130e+00
9.556670000000000442e+00
7.602070000000000327e+00
3.359090000000000131e+00
7.576920000000000321e+00
8.349000000000000199e+00
8.408279999999999532e+00
1.339429999999999943e+01
1.542759999999999998e+01
2.197899999999999920e+01
1.967310000000000159e+01
2.778180000000000049e+01
1.660279999999999845e+01
1.828190000000000026e+01
1.249629999999999974e+01
1.139039999999999964e+01
1.179279999999999973e+01
1.094580000000000020e+01
5.086500000000000021e+00
6.187639999999999807e-02
7.894370000000000331e+00
1.290820000000000078e+01
7.698500000000000121e+00
7.795689999999999564e+00
8.105090000000000572e+00
8.901210000000000733e+00
4.898609999999999687e+00
2.743700000000000028e+00
2.564430000000000209e+00
1.263530000000000035e-02
1.401699999999999946e+00
2.283650000000000180e+00
1.256299999999999972e+00
2.260200000000000209e+00
1.209910000000000041e+00
1.006639999999999979e+00
1.171310000000000059e-02
9.487840000000000162e-02
2.614229999999999939e-03
2.997189999999999837e-03
3.093310000000000157e-02
1.383500000000000008e-02
8.882679999999999465e-01
2.127959999999999852e+00
2.089230000000000143e+00
1.675340000000000051e+00
1.396269999999999900e+00
1.639380000000000059e+00
8.980019999999999669e-01
1.520499999999999963e+00
2.024799999999999933e+00
2.687990000000000101e+00
2.226069999999999993e+00
2.825790000000000024e+00
4.496220000000000105e+00
5.006709999999999994e+00
6.948900000000000077e+00
8.091749999999999332e+00
5.101040000000000241e+00
3.009259999999999824e+00
3.786859999999999893e+00
3.319729999999999848e+00
4.428239999999999732e+00
2.548319999999999919e+00
1.607930000000000081e+00
1.455540000000000056e+00
7.057689999999999797e-01
2.679940000000000100e-01
1.470039999999999958e-01
1.081300000000000039e-01
1.262989999999999946e-01
1.512560000000000016e-01
1.054080000000000017e-01
1.236420000000000019e-01
1.585229999999999972e-01
2.290570000000000106e-01
2.224859999999999893e-01
2.633949999999999902e-01
2.204720000000000013e-01
1.419989999999999863e-01
2.295939999999999925e-01
2.232629999999999892e-01
1.819910000000000139e-01
1.328620000000000079e-01
1.368379999999999874e-01
1.656050000000000022e-01
1.344170000000000087e-01
9.369860000000000688e-02
1.512769999999999948e-01
3.946779999999999733e-01
1.053449999999999998e+00
9.093539999999999957e-01
9.979350000000000165e-01
1.205689999999999928e+00
1.039029999999999898e+00
8.292650000000000299e-01
5.569520000000000026e-01
4.134340000000000237e-01
3.193730000000000180e-01
2.677780000000000160e-01
2.164999999999999980e-01
1.139669999999999989e-01
7.405760000000000121e-02
5.405599999999999988e-02
6.111090000000000272e-02
1.020299999999999957e-01
7.299189999999999845e-02
9.100479999999999681e-02
9.881790000000000018e-02
9.534120000000000095e-02
8.952870000000000272e-02
5.829709999999999753e-02
4.904220000000000107e-02
9.038029999999999675e-02
1.168150000000000022e-01
1.817580000000000029e-01
2.618759999999999977e-01
3.297479999999999856e-01
5.731450000000000156e-01
5.305060000000000331e-01
4.899700000000000166e-01
6.061919999999999531e-01
5.439589999999999703e-01
6.174349999999999561e-01
2.202379999999999893e-01
1.721509999999999985e-01
1.312599999999999878e-01
1.140400000000000025e-01
6.999640000000000029e-02
7.480979999999999575e-02
5.141899999999999943e-02
4.359249999999999931e-02
2.902659999999999962e-02
3.049560000000000118e-02
2.381749999999999839e-02
3.019929999999999837e-02
2.950209999999999985e-02
3.187550000000000106e-02
2.045080000000000162e-02
3.371149999999999841e-02
3.479190000000000060e-02
4.735489999999999838e-02
4.102250000000000341e-02
4.425479999999999692e-02
6.328440000000000454e-02
1.518940000000000012e-01
1.097640000000000005e-01
1.672180000000000055e-01
2.353530000000000066e-01
2.862629999999999897e-01
2.830759999999999943e-01
3.594470000000000165e-01
3.748049999999999993e-01
2.787850000000000050e-01
2.114779999999999993e-01
1.096280000000000032e-01
9.229279999999999429e-02
5.243330000000000213e-02
2.366789999999999866e-02
1.658060000000000089e-02
2.046689999999999968e-02
2.146059999999999982e-02
1.593829999999999900e-02
1.552880000000000059e-02
1.255290000000000052e-02
1.307580000000000027e-02
1.275470000000000076e-02
1.869629999999999903e-02
2.563759999999999997e-02
1.860169999999999879e-02
2.250359999999999860e-02
1.883599999999999858e-02
1.587689999999999935e-02
2.707290000000000044e-02
3.965930000000000150e-02
3.363929999999999698e-02
3.286000000000000032e-02
4.232099999999999924e-03
