4.202890000000000015e+00
4.382100000000000328e+00
4.460700000000000109e+00
4.533389999999999809e+00
4.755069999999999908e+00
5.152160000000000295e+00
7.043739999999999668e+00
1.119860000000000078e+01
1.160899999999999999e+01
9.941589999999999705e+00
4.067379999999999995e+00
5.952609999999999846e-02
1.334590000000000082e-02
6.621669999999999640e-03
1.021739999999999975e-02
4.984660000000000132e-03
3.698729999999999900e-03
5.042450000000000404e-03
6.889489999999999850e-03
9.741029999999999481e-03
3.726909999999999945e-02
2.948160000000000017e-02
2.251320000000000057e-02
3.267830000000000040e-02
1.491630000000000039e-02
1.605639999999999956e+00
2.678149999999999975e-02
1.148569999999999973e-02
1.377199999999999980e+00
1.872530000000000028e+00
8.139870000000000438e-02
1.475940000000000064e-02
7.361949999999999918e-03
6.548929999999999682e-03
9.905350000000000266e-03
1.545969999999999983e-02
1.059429999999999920e-02
4.882440000000000044e-03
4.936259999999999606e-03
5.017210000000000246e-03
7.920490000000000516e-03
1.073930000000000023e-02
4.831570000000000309e-03
4.101170000000000336e-03
3.507430000000000183e-03
3.120459999999999814e-03
5.179239999999999886e-03
1.671440000000000078e-02
6.430310000000000414e+00
5.025009999999999977e+00
5.296549999999999869e+00
6.453689999999999927e+00
5.122980000000000089e+00
4.681790000000000340e+00
6.759139999999999593e-02
9.180239999999999512e+00
6.698489999999999611e+00
3.771669999999999856e+00
5.574849999999999639e+00
2.568970000000000198e+00
2.567359999999999864e+00
3.459299999999999820e+00
2.002279999999999838e+00
2.074059999999999793e+00
6.614989999999999482e-01
3.678229999999999694e-02
4.398149999999999976e-03
9.419950000000000268e-01
1.099059999999999926e+00
1.876139999999999919e+00
2.040259999999999962e+00
1.356289999999999996e+00
2.694780000000000175e+00
3.911649999999999849e+00
5.590049999999999741e+00
4.575230000000000352e+00
5.568710000000000271e+00
4.619469999999999743e+00
5.993719999999999715e+00
6.441919999999999646e+00
6.434199999999999697e+00
4.784430000000000405e+00
4.183869999999999756e+00
2.433730000000000171e+00
1.887399999999999967e+00
2.241379999999999928e+00
1.505030000000000090e+00
1.797779999999999934e+00
1.776029999999999998e+00
1.434809999999999919e+00
7.747640000000000082e-01
2.856569999999999943e-01
3.489090000000000247e-01
2.926610000000000045e-01
2.496760000000000090e-01
2.810520000000000240e-01
2.532220000000000026e-01
3.071989999999999998e-01
4.076469999999999816e-01
4.020540000000000225e-01
3.975069999999999992e-01
4.263040000000000163e-01
6.450090000000000545e-01
1.038019999999999943e+00
1.349290000000000100e+00
1.409790000000000099e+00
2.259939999999999838e+00
1.880679999999999907e+00
1.311940000000000106e+00
1.303290000000000060e+00
1.032100000000000017e+00
8.520609999999999573e-01
9.095159999999999911e-01
4.423449999999999882e-01
2.957799999999999874e-01
3.193230000000000235e-01
3.537919999999999954e-01
3.051490000000000036e-01
2.792629999999999835e-01
2.662820000000000187e-01
2.591800000000000215e-01
1.703389999999999904e-01
1.896720000000000073e-01
1.629589999999999927e-01
2.225380000000000136e-01
1.381840000000000013e-01
1.078839999999999938e-01
8.265480000000000049e-02
6.298760000000000470e-02
6.705110000000000237e-02
5.746779999999999944e-02
5.841190000000000271e-02
4.427980000000000110e-02
3.212290000000000284e-02
5.773530000000000328e-02
3.892240000000000283e-02
3.478559999999999985e-02
4.145730000000000248e-02
4.210559999999999997e-02
4.307470000000000049e-02
4.264559999999999879e-02
3.012640000000000109e-02
2.642960000000000101e-02
2.317359999999999906e-02
1.572830000000000061e-02
1.571049999999999877e-02
1.109079999999999962e-02
1.430659999999999918e-02
2.051969999999999836e-02
2.301049999999999970e-02
1.903799999999999937e-02
1.869780000000000053e-02
3.828600000000000059e-02
6.040559999999999680e-02
7.718010000000000148e-02
1.663910000000000111e-01
1.757769999999999888e-01
1.578370000000000051e-01
1.446949999999999903e-01
1.553100000000000036e-01
1.535469999999999891e-01
9.138780000000000514e-02
6.921439999999999537e-02
2.942109999999999864e-02
3.985059999999999991e-02
2.743579999999999977e-02
4.012149999999999744e-02
4.565450000000000064e-02
4.813339999999999980e-02
3.369119999999999754e-02
3.392490000000000089e-02
1.834229999999999888e-02
2.094999999999999987e-02
1.835519999999999860e-02
1.313500000000000084e-02
1.599350000000000077e-02
1.721179999999999932e-02
1.049220000000000014e-02
5.093440000000000294e-03
2.190759999999999930e-03
2.298380000000000041e-03
1.906839999999999924e-03
1.517129999999999998e-03
1.447069999999999954e-03
8.634619999999999535e-04
6.261110000000000503e-04
9.403289999999999479e-04
8.448509999999999787e-04
1.482739999999999969e-03
2.240269999999999935e-03
1.906879999999999903e-03
1.274600000000000082e-03
1.902030000000000083e-03
1.770800000000000108e-03
1.158799999999999978e-03
1.514380000000000066e-03
1.190609999999999932e-03
1.127680000000000045e-03
9.297310000000000470e-04
8.135049999999999573e-04
7.031649999999999533e-04
5.800519999999999548e-04
6.618019999999999632e-04
1.177059999999999955e-03
1.281819999999999921e-03
1.252269999999999989e-03
1.686919999999999956e-03
1.813809999999999902e-03
1.527670000000000070e-03
2.121449999999999985e-03
1.309159999999999968e-03
7.965340000000000007e-04
3.630470000000000225e-04
1.936580000000000083e-04
1.549199999999999872e-04
1.776609999999999919e-04
1.231480000000000075e-04
6.515329999999999841e-05
8.923320000000000481e-05
9.296339999999999834e-05
6.400880000000000285e-05
6.372139999999999608e-05
3.850060000000000201e-05
1.957119999999999991e-05
2.298460000000000013e-05
3.245039999999999681e-05
3.755850000000000302e-05
4.999370000000000213e-05
5.744770000000000226e-05
2.527419999999999935e-05
2.560919999999999869e-05
1.072530000000000046e-05
1.065180000000000024e-05
1.512169999999999957e-05
2.051159999999999857e-05
1.612649999999999883e-05
