5.825140000000000179e-02
2.980729999999999769e-01
1.321039999999999992e-01
2.536229999999999873e-01
1.427710000000000035e+00
3.531000000000000250e-01
3.367879999999999763e-01
5.440299999999999997e-02
1.202929999999999972e-01
5.281550000000000133e-02
6.168839999999999740e-02
1.138539999999999969e-01
9.755659999999999332e-02
7.719990000000000185e-02
4.957000000000000295e-02
5.668000000000000121e-02
4.174979999999999664e-02
4.815900000000000042e-02
7.428759999999999530e-02
1.236519999999999980e-01
1.142609999999999904e+00
1.676840000000000108e+00
2.843370000000000175e+00
4.124249999999999972e+00
4.061139999999999972e+00
5.923799999999999955e+00
6.474450000000000038e+00
3.971099999999999852e+00
2.068189999999999973e+00
2.292600000000000193e+00
3.160939999999999861e-01
3.423679999999999779e-02
2.779210000000000014e-02
2.627749999999999878e-02
6.577800000000000313e-02
6.182790000000000230e-01
3.228790000000000049e+00
1.603009999999999990e-01
5.556429999999999758e+00
6.993809999999999860e+00
1.079410000000000025e+01
9.082549999999999457e+00
1.337829999999999941e+01
1.654550000000000054e+01
1.333910000000000018e+01
1.058840000000000003e+01
4.905789999999999651e+00
8.834329999999999572e+00
8.220919999999999561e+00
8.987959999999999283e+00
7.676829999999999821e+00
2.517070000000000007e+01
5.587709999999999866e+01
5.480299999999999727e+01
5.381960000000000122e+01
7.536889999999999645e+01
4.711290000000000333e+01
2.619879999999999853e+01
2.766850000000000165e+01
2.137140000000000128e+01
2.094960000000000022e+01
1.029509999999999970e+01
1.413760000000000083e+01
1.132740000000000080e+01
6.323349999999999582e+00
5.118079999999999963e+00
8.929190000000000182e+00
1.141890000000000072e+01
1.720200000000000173e+01
1.239300000000000068e+01
1.100339999999999918e+01
5.443360000000000198e+00
7.521480000000000388e+00
6.150760000000000005e+00
5.081430000000000113e+00
4.236699999999999910e+00
3.275430000000000064e+00
2.523730000000000029e+00
4.364160000000000039e+00
6.216910000000000380e+00
8.142239999999999256e+00
6.465220000000000411e+00
5.663940000000000197e+00
4.124760000000000204e+00
3.234339999999999993e+00
4.596820000000000128e+00
3.304419999999999913e+00
3.430909999999999904e+00
3.252829999999999888e+00
3.112039999999999917e+00
2.616969999999999796e+00
1.480390000000000095e+00
1.423650000000000082e+00
1.014429999999999943e+00
1.743689999999999962e+00
1.509730000000000016e+00
1.485679999999999890e+00
1.997279999999999944e+00
1.307649999999999979e+00
8.709590000000000387e-01
7.771660000000000235e-01
6.182290000000000285e-01
3.363659999999999983e-01
2.811670000000000003e-01
5.477760000000000407e-01
5.276070000000000482e-01
8.521400000000000086e-01
6.028229999999999977e-01
3.455730000000000190e-01
2.448450000000000071e-01
2.445710000000000106e-01
2.330240000000000089e-01
4.099349999999999938e-01
7.419559999999999489e-01
7.737709999999999866e-01
6.675619999999999887e-01
8.385280000000000511e-01
1.149939999999999962e+00
1.391799999999999926e+00
1.628130000000000077e+00
1.399070000000000036e+00
1.678029999999999911e+00
1.350400000000000045e+00
1.101620000000000044e+00
7.568219999999999947e-01
5.921110000000000539e-01
4.283230000000000093e-01
3.656119999999999925e-01
3.000490000000000101e-01
4.277900000000000036e-01
4.253230000000000066e-01
3.784620000000000206e-01
3.004640000000000088e-01
3.592520000000000158e-01
3.707639999999999825e-01
6.246880000000000210e-01
8.933670000000000222e-01
7.433710000000000040e-01
7.092000000000000526e-01
3.714729999999999976e-01
4.604500000000000259e-01
6.093699999999999672e-01
8.474089999999999678e-01
6.756459999999999688e-01
1.099239999999999995e+00
6.720620000000000482e-01
4.391030000000000211e-01
2.385559999999999903e-01
2.763689999999999758e-01
4.223009999999999819e-01
4.191170000000000173e-01
3.869940000000000047e-01
4.452329999999999899e-01
9.752030000000000420e-01
1.182860000000000023e+00
8.534739999999999549e-01
5.613730000000000109e-01
3.158469999999999889e-01
2.842129999999999934e-01
2.352420000000000067e-01
1.416900000000000104e-01
1.015879999999999977e-01
8.210950000000000193e-02
5.220539999999999903e-02
4.951379999999999670e-02
3.670960000000000195e-02
5.983240000000000086e-02
6.103399999999999798e-02
1.056020000000000014e-01
1.429140000000000132e-01
1.656469999999999887e-01
2.968379999999999908e-01
2.924519999999999897e-01
2.984519999999999951e-01
1.334609999999999963e-01
2.427789999999999948e-01
2.180769999999999931e-01
2.041239999999999999e-01
1.114819999999999978e-01
3.873479999999999979e-02
8.822850000000000137e-03
6.823759999999999895e-03
5.249860000000000290e-03
3.290710000000000076e-03
3.477870000000000093e-03
2.756290000000000216e-03
2.346159999999999912e-03
1.708399999999999893e-03
2.532729999999999964e-03
2.239119999999999826e-03
3.298619999999999938e-03
3.809369999999999857e-03
2.480439999999999989e-03
1.882039999999999972e-03
1.296489999999999969e-03
1.206679999999999905e-03
1.013739999999999954e-03
9.414510000000000500e-04
5.325829999999999930e-04
8.546229999999999929e-04
5.938169999999999560e-04
1.157199999999999939e-03
1.115539999999999934e-03
1.675819999999999957e-03
2.065689999999999801e-03
1.965549999999999936e-03
9.233880000000000299e-04
7.450739999999999750e-04
3.749049999999999757e-04
1.205969999999999975e-04
9.274510000000000078e-05
7.185699999999999997e-05
4.213210000000000273e-05
4.096529999999999893e-05
1.079930000000000009e-05
1.737229999999999967e-05
2.567709999999999849e-05
3.005850000000000028e-05
3.985680000000000098e-05
2.603970000000000075e-05
4.293170000000000097e-05
3.969199999999999877e-05
4.912739999999999994e-05
8.537660000000000518e-05
8.888700000000000464e-05
9.705359999999999519e-05
1.271300000000000110e-04
1.062709999999999995e-04
9.730910000000000655e-05
1.751009999999999893e-04
1.610460000000000027e-04
1.472490000000000127e-04
9.031139999999999730e-05
1.139850000000000005e-04
2.243690000000000062e-04
1.241950000000000129e-04
