1.052519127569786228e+01
1.052133687182001509e+01
1.052283140460169619e+01
1.052449348663331641e+01
1.052531437485798804e+01
1.052090125016003519e+01
1.051137794911570822e+01
1.050672280150966564e+01
1.050802308333961754e+01
1.050934233457962108e+01
1.051096167934914583e+01
1.051294174880603016e+01
1.051515560497527879e+01
1.051721437817303162e+01
1.051682348590894378e+01
1.051270173563841404e+01
1.050754555050941974e+01
1.050230145686142080e+01
1.049501398032301580e+01
1.048533947682343914e+01
1.047043989380468254e+01
1.045370200121805837e+01
1.044108056305590004e+01
1.042692258900198610e+01
1.041556592252086588e+01
1.040818228174533822e+01
1.039946604100434513e+01
1.039198954998685842e+01
1.038460248398597763e+01
1.037517876220292301e+01
1.036284235271317478e+01
1.034880313937189911e+01
1.033566847743863981e+01
1.032478849421640632e+01
1.030970041526337333e+01
1.029405819454744808e+01
1.028283275238182881e+01
1.027248908172422937e+01
1.026460298293408790e+01
1.025789446873080024e+01
1.025244280507493322e+01
1.024286926146397114e+01
1.022929010968489649e+01
1.021594143680534650e+01
1.019691366563114698e+01
1.017623599976087156e+01
1.015851627749303354e+01
1.014044833129844925e+01
1.012327655489521838e+01
1.010336920918194004e+01
1.007543746158561326e+01
1.005022116921791131e+01
1.001226340841741624e+01
9.975259435225831695e+00
9.951284564674457656e+00
9.929861680319351791e+00
9.905397009526300423e+00
9.888900845883279445e+00
9.885089135280196615e+00
9.884361418966264523e+00
9.864002920386683471e+00
9.821525319045132818e+00
9.760428515249127912e+00
9.673862861497553922e+00
9.563037071238598585e+00
9.463875079565838178e+00
9.381512174732023368e+00
9.298374871059795765e+00
9.229374630928843359e+00
9.177429716731188236e+00
9.130816050034743725e+00
9.075594402736241406e+00
9.028928950986948365e+00
9.006097912621113366e+00
8.995213417128876898e+00
8.988634751149250590e+00
8.983569910869260156e+00
8.977627592738437912e+00
8.973138017819694667e+00
8.968474542772938207e+00
8.963430803865463758e+00
8.958606880547076656e+00
8.954805761757782534e+00
8.952158695269089250e+00
8.949424651227326777e+00
8.945912992503078698e+00
8.938191879244811844e+00
8.925707006397102461e+00
8.910618536005197043e+00
8.884745533301003917e+00
8.854974886668395939e+00
8.823083449214131235e+00
8.785609544476960409e+00
8.757789145470939118e+00
8.735594109659096773e+00
8.711468937927760336e+00
8.686103350839694315e+00
8.668535005082093292e+00
8.656603147188752345e+00
8.647988017559654850e+00
8.638168659274294114e+00
8.626502555829061336e+00
8.616468161803666703e+00
8.606169541151963642e+00
8.594165950891312633e+00
8.555209358098707639e+00
8.547102443739387212e+00
8.537955026853309093e+00
8.527084435126532469e+00
8.511565207281625689e+00
8.485667491138100260e+00
8.452749102552067129e+00
8.416953219871412983e+00
8.383718446480651565e+00
8.350141370434869259e+00
8.307547380038691642e+00
8.264850865897848564e+00
8.227251502225223945e+00
8.196035175399504880e+00
8.171858038105655808e+00
8.148590316719417359e+00
8.123593599931743015e+00
8.079145053332748461e+00
8.025547527963297512e+00
7.981590304818095838e+00
7.945082866752648521e+00
7.914810525916085915e+00
7.895617547994677743e+00
7.878802043297582713e+00
7.866707249455013873e+00
7.856932399356202801e+00
7.845161318314312737e+00
7.833538502034913087e+00
7.825587730931355068e+00
7.821715235252399090e+00
7.818779299337238697e+00
7.815092714620835324e+00
7.810579277284047883e+00
7.805124850600365427e+00
7.801429094576945111e+00
7.800274999953018984e+00
7.798589190844817942e+00
7.796266193969270120e+00
7.792923724456707113e+00
7.785105510263244710e+00
7.773678223445759095e+00
7.764025112185048094e+00
7.755688145108019071e+00
7.745054482372433213e+00
7.735664358271308494e+00
7.724206213013155242e+00
7.704390771429506124e+00
7.673691655097923281e+00
7.638728801628059450e+00
7.608272442824386417e+00
7.580731152740977308e+00
7.558451756994811532e+00
7.539754624288026008e+00
7.504983014287968324e+00
7.449353415474692319e+00
7.387914578333931281e+00
7.316414902534949860e+00
7.239979799585979592e+00
7.177830739349385425e+00
7.109605541837383136e+00
7.043841506068709180e+00
7.010274508951967576e+00
6.992317087721645841e+00
6.982492847628293475e+00
6.974017707041540781e+00
6.963284320455622733e+00
6.948958425619732537e+00
6.941464224146732143e+00
6.933954737939705737e+00
6.925404407948855479e+00
6.918710094315394521e+00
6.913209657041559986e+00
6.908772844636800414e+00
6.904369269697947509e+00
6.898569421801522772e+00
6.886345183935859815e+00
6.870400978756485699e+00
6.843852311620027606e+00
6.800576871991056649e+00
6.756021119707519951e+00
6.711013811890522263e+00
6.659737503874681330e+00
6.637072245968227868e+00
6.614570318059997511e+00
6.583204443572371112e+00
6.555018228652531143e+00
6.531392049458826676e+00
6.502034985405544809e+00
6.477051762042995264e+00
6.459200933718336479e+00
6.435771128335318281e+00
6.399870925987535486e+00
6.350013358376501493e+00
6.298366131817080493e+00
6.227091912733746071e+00
6.156185572840975340e+00
6.088029717842713850e+00
6.024551340537928290e+00
5.967813245373053910e+00
5.913625264082857491e+00
5.881145472142851105e+00
5.864308719140748138e+00
5.852354932979380919e+00
5.843721629360806524e+00
5.836059406634956481e+00
5.824922069746269138e+00
5.814766174650802810e+00
5.805994001846320529e+00
5.796343249278543830e+00
5.783607758290163936e+00
5.764568389965005757e+00
5.742542107908664484e+00
5.721744683152012456e+00
5.710602183559162270e+00
5.706009877362643756e+00
