1.063899713433782601e+01
1.063927128089125773e+01
1.063984493308159962e+01
1.064053112457208883e+01
1.064126980523385946e+01
1.064207060770398350e+01
1.064287685473145295e+01
1.064366779637464866e+01
1.064382265618929857e+01
1.064300334414527605e+01
1.064280371122984548e+01
1.064360070619229681e+01
1.064416768643935285e+01
1.064509396801382834e+01
1.064608990127442745e+01
1.064713738737025750e+01
1.064825166783309740e+01
1.064941859352147446e+01
1.065062414147328163e+01
1.057042968166144803e+01
1.055993653409448285e+01
1.056141267552004592e+01
1.056299430794742022e+01
1.056472286199599964e+01
1.056515924678576113e+01
1.056377289018833920e+01
1.056099279645461486e+01
1.055602856759485420e+01
1.055094709644407480e+01
1.054679921624340189e+01
1.054507567854706807e+01
1.054640198850698596e+01
1.054786450770937201e+01
1.054969341334547828e+01
1.055168781886767881e+01
1.055273268641785123e+01
1.055221787357417540e+01
1.055079440188124629e+01
1.054953905197652020e+01
1.054913083262683671e+01
1.054701125122659988e+01
1.054129336413857843e+01
1.053503574560803635e+01
1.053163217040451194e+01
1.053196658576223577e+01
1.053485453851075171e+01
1.053656223000689174e+01
1.053506741740745944e+01
1.052974210284864576e+01
1.052158522907774874e+01
1.051126823182570824e+01
1.050022137582960191e+01
1.048979822471280521e+01
1.047906254873961096e+01
1.046121180380063720e+01
1.043804210795001985e+01
1.041455054028707927e+01
1.037802159169547522e+01
1.033295324814980098e+01
1.029428982710071772e+01
1.026702380833757289e+01
1.024729307538707168e+01
1.022738016072487355e+01
1.020843329396616994e+01
1.019462810381052087e+01
1.018330971151018893e+01
1.017212985303541473e+01
1.016357578525209249e+01
1.015684584814306568e+01
1.015167623084704829e+01
1.013844165016935506e+01
1.008781335005336466e+01
1.000865126222511492e+01
9.931484314044435990e+00
9.843657518447804122e+00
9.738281784536285457e+00
9.606121140469648267e+00
9.474128813430208851e+00
9.245801279021518937e+00
8.963795852278142462e+00
8.790595464605997833e+00
8.741015220008305775e+00
8.735436807357697120e+00
8.731015505046762826e+00
8.723974216997309128e+00
8.717459128203065788e+00
8.712339019473114732e+00
8.708585747767354945e+00
8.706199562176418993e+00
8.704335867811360927e+00
8.700627579167775849e+00
8.695103255185651747e+00
8.687483478302084450e+00
8.677660780003183305e+00
8.668152863568280964e+00
8.660004570480642982e+00
8.649337779965648565e+00
8.629289284906169755e+00
8.599705171318785091e+00
8.571900903510474734e+00
8.553138750936980728e+00
8.542324891117475616e+00
8.532965743632244582e+00
8.525107029848246754e+00
8.517366150252739132e+00
8.512933750503776764e+00
8.485820763530824706e+00
8.470432543284115212e+00
8.466286195707130702e+00
8.461397970117277012e+00
8.456724254225024495e+00
8.449617227806960784e+00
8.443284897258260813e+00
8.436245361921855590e+00
8.424420974944309748e+00
8.410969461007386627e+00
8.391021604300542336e+00
8.356908853438167029e+00
8.306958720858272471e+00
8.247469978419614378e+00
8.190687393754906509e+00
8.132950935646933388e+00
8.078793827384760817e+00
8.032401156232555905e+00
7.971263320831973864e+00
7.902962394246782374e+00
7.849691453690728515e+00
7.795513665761392375e+00
7.735222720830736698e+00
7.676929436061653789e+00
7.607586900032595523e+00
7.534118796448240118e+00
7.487204858468518687e+00
7.457551889164530934e+00
7.445193063408911627e+00
7.438790672072589594e+00
7.432897169566435203e+00
7.427846248875277446e+00
7.424326168309295149e+00
7.420229779447241825e+00
7.414829672956164686e+00
7.410333436025630327e+00
7.406579350326648381e+00
7.403618043992882924e+00
7.401385029987353370e+00
7.397691521154182048e+00
7.390919217990214563e+00
7.383468868970451737e+00
7.372232426366696068e+00
7.354010423580728428e+00
7.335870935919807323e+00
7.321786853094068626e+00
7.311817411695855640e+00
7.305856319363106088e+00
7.299953784459852102e+00
7.291368850451582340e+00
7.283592922328720576e+00
7.276813233670600845e+00
7.266704316956094978e+00
7.256609519582799095e+00
7.249019709400815970e+00
7.241299878752196939e+00
7.229446333026328553e+00
7.210644853916839736e+00
7.189007183720252492e+00
7.159732578612397091e+00
7.120971852128356261e+00
7.079076278863785987e+00
7.038989532613159739e+00
7.001958587976422344e+00
6.964408613387167435e+00
6.933224505756703238e+00
6.911909379551482324e+00
6.902725026322194424e+00
6.896693179335897206e+00
6.892796701064142439e+00
6.888068799329948533e+00
6.883808445917007468e+00
6.879847355874010084e+00
6.876488612696100233e+00
6.873377573793525208e+00
6.870613978074143979e+00
6.868881795673426716e+00
6.866768046698294548e+00
6.864773239842188346e+00
6.862556517264472689e+00
6.859376103011817882e+00
6.856808010542710718e+00
6.854248334504664086e+00
6.852223733099771508e+00
6.850049819451674793e+00
6.844082465680678240e+00
6.829523116569350627e+00
6.812223951884363693e+00
6.799013671573902684e+00
6.781628298007628786e+00
6.763399538854389270e+00
6.746894075213467623e+00
6.728610224156577502e+00
6.713929655677008945e+00
6.700444966672656655e+00
6.678174084712262371e+00
6.645289602583210886e+00
5.912794713640302291e+00
5.757077783918266078e+00
5.618489492260716034e+00
5.484120388819305525e+00
5.324911828949596249e+00
5.161119334906168810e+00
5.064274498490255461e+00
5.001313922691019265e+00
4.956549711970967387e+00
4.908912668745644581e+00
4.873369435397068905e+00
4.859634179012202182e+00
4.846970769072452612e+00
4.835537114800493086e+00
4.820877670012586158e+00
4.806470311347920799e+00
4.796205095358099690e+00
4.786321172401719615e+00
4.776507233284373655e+00
4.661150804864267805e+00
4.613429521975475289e+00
4.528018916304495711e+00
4.430826193233725618e+00
4.345214885021071893e+00
4.263171942097914169e+00
4.137018448050548081e+00
3.958448724974089838e+00
3.765133365032461654e+00
3.539102456906541239e+00
3.252515654534734679e+00
3.213071280033303889e+00
3.205523739933125782e+00
3.197068184461117735e+00
