1.040825014396948767e+01
1.040351172493605780e+01
1.040518067161436022e+01
1.040705251591522362e+01
1.040953413272495354e+01
1.040578163192171068e+01
1.039405222644454518e+01
1.038085496788079709e+01
1.036768384795682074e+01
1.035778243623142103e+01
1.035027709958024111e+01
1.034213634690690675e+01
1.033206258207692940e+01
1.032319020106021057e+01
1.031666424238517621e+01
1.030658155981782009e+01
1.029656428184157591e+01
1.029064219842540773e+01
1.028456607726697314e+01
1.028039396092287028e+01
1.027630322327046386e+01
1.027104195474992210e+01
1.026759407976129168e+01
1.026234190908874844e+01
1.025268316193219853e+01
1.023969729584747768e+01
1.022490323343171426e+01
1.021127275803261192e+01
1.020009502225419418e+01
1.019662103295494937e+01
1.019794734291486549e+01
1.019949463209619367e+01
1.020114029568249769e+01
1.020289953051712573e+01
1.020473841176647056e+01
1.020672066151905355e+01
1.020886308374935147e+01
1.021119265059115122e+01
1.021373020385484232e+01
1.021656437272276996e+01
1.022011855284124771e+01
1.021703889342204796e+01
1.020426653231470304e+01
1.018698174857320993e+01
1.016905399016098244e+01
1.015151081216855289e+01
1.012546499968505209e+01
1.010024644325019416e+01
1.007748418614616526e+01
1.005765469497323394e+01
1.005439853517396109e+01
1.005642457618181140e+01
1.005858543897396196e+01
1.006091304602851011e+01
1.006340842497594501e+01
1.006607608758817207e+01
1.006904987875195978e+01
1.007249253461207772e+01
1.007192249049804822e+01
1.006917951834394032e+01
1.007189304855090484e+01
1.006768817959532569e+01
1.005287470005719186e+01
1.003978677825218391e+01
1.001692892903697185e+01
9.967922674316916698e+00
9.912180591921970318e+00
9.856190974512408332e+00
9.790873913053594890e+00
9.734067390111516005e+00
9.683220901430402705e+00
9.642280474932197976e+00
9.626360900907677376e+00
9.623155183064826090e+00
9.610669743009555788e+00
9.593515340566451499e+00
9.583903505184316884e+00
9.586197840220565425e+00
9.588654837699277067e+00
9.591298394964111296e+00
9.594162633923373207e+00
9.597384707955194827e+00
9.601163333962942303e+00
9.601667863583772444e+00
9.597453844167757708e+00
9.590565438403206855e+00
9.574648106688213645e+00
9.547108604705094592e+00
9.521159013054267817e+00
9.496101763626484171e+00
9.463576480449331640e+00
9.389222804837647374e+00
9.328185860813199781e+00
9.284290834649787882e+00
9.222890674110926668e+00
9.142427011569219886e+00
9.068742292932981286e+00
9.003361425831238662e+00
8.942042795191197158e+00
8.899006394904878547e+00
8.874511388146114399e+00
8.858466814506060771e+00
8.843773284667735268e+00
8.827389953251058685e+00
8.806483873768700121e+00
8.787503689274316798e+00
8.764883433695151993e+00
8.743100362941049752e+00
8.725165670846054766e+00
8.708303599288088392e+00
8.694913044070355923e+00
8.680520434528745000e+00
8.667043682723679865e+00
8.653402596644539813e+00
8.636442759477423792e+00
8.617818854312604415e+00
8.604008851538605285e+00
8.594943633022824159e+00
8.589865860383474327e+00
8.586964054814016478e+00
8.575431489697772136e+00
8.555478973689112365e+00
8.530667049853571271e+00
8.496753958403635565e+00
8.450893910926447816e+00
8.416077723177560088e+00
8.337099696361683243e+00
8.253732859259315546e+00
8.139683924746581312e+00
7.992130946574234507e+00
7.895110803024342871e+00
7.852731835800684124e+00
7.818692278661218964e+00
7.794689462394235768e+00
7.782425322191370398e+00
7.764383886246587707e+00
7.733412352171010085e+00
7.723068821718075405e+00
7.713519943079189645e+00
7.703688511439104047e+00
7.693776177896523905e+00
7.639168620814617228e+00
7.618491583115011068e+00
7.599916897713508313e+00
7.581076553331171475e+00
7.558889688746681657e+00
7.540893565961813039e+00
7.527181198891247149e+00
7.517123289459719970e+00
7.512000938644177950e+00
7.508075660792879802e+00
7.501682171716903547e+00
7.487712339876352985e+00
7.479039489059678303e+00
7.461942498690400605e+00
7.440241392040281454e+00
7.419342680034469062e+00
7.393424270680007737e+00
7.350153006023895763e+00
7.278168051718557408e+00
7.188762605002489536e+00
7.075163591220303694e+00
6.923676025170903969e+00
6.768881445128732466e+00
6.624074699075820583e+00
6.482679250499622903e+00
6.310440519746953747e+00
6.167479795490439898e+00
6.064791070163835229e+00
6.021400190891565529e+00
6.001673149594867418e+00
5.984472404249163269e+00
5.961206029458299582e+00
5.938774323220751938e+00
5.884823108081822518e+00
5.858437936103022992e+00
5.829034104847014675e+00
5.795645087357466529e+00
5.762364918385117996e+00
5.715931512068864073e+00
5.672299249950657263e+00
5.639554217988890450e+00
5.608012278215345425e+00
5.580901037524771624e+00
5.550650208936497521e+00
5.521828220266225884e+00
5.500366853406890577e+00
5.463503292344003448e+00
5.386933933913290673e+00
5.290154860877573029e+00
5.210650201613679755e+00
5.130105301683909325e+00
5.048981422845663758e+00
4.980718118417089890e+00
4.931507196417918237e+00
4.901774255134918157e+00
4.877727735785828855e+00
4.851568972251237177e+00
4.818398784961972048e+00
4.780744194524690016e+00
4.733932775095040846e+00
4.668949388252793931e+00
4.580891917882130571e+00
4.467719069553552025e+00
4.361737277099361876e+00
4.231515464185480191e+00
4.051102334407440608e+00
3.918420921227055764e+00
3.819823504864144237e+00
3.756488529532301168e+00
3.735883014162696192e+00
3.718702597006108057e+00
3.697567576996773298e+00
3.669645964091092782e+00
3.628567720382670281e+00
3.587534742620842820e+00
3.507417309630773250e+00
3.360078164276508961e+00
3.190762976539807116e+00
2.956389844993557503e+00
2.467711672837546111e+00
