5.720460000000000100e+00
5.971059999999999590e+00
8.618869999999999587e-01
6.351630000000000109e+00
6.523570000000000313e+00
6.603069999999999773e+00
5.722629999999999661e+00
5.291109999999999758e+00
5.051940000000000097e+00
2.871869999999999923e+00
1.493519999999999959e+00
2.247469999999999857e+00
3.456840000000000135e+00
3.478169999999999984e+00
1.614519999999999955e+00
1.522510000000000030e+00
3.691930000000000156e+00
7.951200000000000490e-01
1.605599999999999916e+00
1.773060000000000080e+00
2.030500000000000083e-01
2.502920000000000034e+00
2.644969999999999821e+00
2.796489999999999809e-01
2.964360000000000106e+00
2.875690000000000079e+00
3.589669999999999916e+00
4.368310000000000137e+00
5.495669999999999611e+00
6.082429999999999559e+00
4.814020000000000188e+00
8.058170000000000055e-01
1.625489999999999990e-01
2.910159999999999830e-02
6.522450000000000470e-02
7.252920000000000200e-02
4.526410000000000156e-02
3.179479999999999806e-02
2.821000000000000174e+00
3.704800000000000093e+00
4.964539999999999925e-02
3.468609999999999749e-02
2.287720000000000031e-02
1.216910000000000040e-02
1.154230000000000013e-02
9.612269999999999148e-03
2.784709999999999963e-02
1.490700000000000011e-02
8.415980000000000683e-02
5.569249999999999895e-02
5.888009999999999772e-02
8.226309999999999789e+00
1.305129999999999946e+01
2.173839999999999861e+01
2.917999999999999972e+01
2.776429999999999865e+01
2.101030000000000086e+01
2.786899999999999977e+01
2.598920000000000030e+01
2.704429999999999978e+01
1.726640000000000086e+01
7.196550000000000225e+00
7.110549999999999926e+00
1.337260000000000011e-02
4.654740000000000093e-03
4.704749999999999731e-03
5.051579999999999959e-03
3.738669999999999927e-03
5.460229999999999945e-03
9.248660000000000561e-03
4.275350000000000428e+00
3.025600000000000164e-02
2.592999999999999972e+00
4.754089999999999705e+00
3.925749999999999851e+00
2.744720000000000049e+00
1.636860000000000051e-02
5.755519999999999747e+00
4.099350000000000271e+00
3.850109999999999921e+00
6.922489999999999810e+00
4.176750000000000185e+00
4.195909999999999584e+00
6.893449999999999633e+00
3.873130000000000184e+00
3.004980000000000206e+00
1.187929999999999930e+00
1.076060000000000016e+00
6.138349999999999883e-03
1.108400000000000052e+00
1.337760000000000060e+00
2.520010000000000083e+00
3.197290000000000187e+00
2.743430000000000035e+00
5.039729999999999599e+00
7.256719999999999615e+00
1.228350000000000009e+01
1.068089999999999939e+01
1.128170000000000073e+01
9.181540000000000035e+00
9.047370000000000800e+00
9.230259999999999465e+00
5.989099999999999646e+00
4.497200000000000308e+00
3.198980000000000157e+00
2.646619999999999973e+00
2.796739999999999782e+00
2.462810000000000166e+00
2.393600000000000172e+00
2.324390000000000178e+00
2.650980000000000114e+00
1.650640000000000107e+00
2.672820000000000196e+00
2.102879999999999860e+00
2.326090000000000213e+00
3.021389999999999798e+00
3.497790000000000177e+00
1.629080000000000084e+00
1.086070000000000091e+00
1.006399999999999961e+00
5.899910000000000432e-01
5.921300000000000452e-01
5.534489999999999688e-01
5.044610000000000483e-01
4.519099999999999784e-01
3.348679999999999990e-01
5.611049999999999649e-01
3.700649999999999773e-01
3.749279999999999835e-01
6.828959999999999475e-01
6.926330000000000542e-01
7.158229999999999871e-01
9.456120000000000081e-01
9.026020000000000154e-01
1.071939999999999893e+00
1.220120000000000093e+00
1.067409999999999970e+00
1.174800000000000066e+00
1.132370000000000099e+00
7.964229999999999920e-01
6.537730000000000485e-01
5.164299999999999446e-01
6.300280000000000324e-01
8.391669999999999963e-01
9.669919999999999627e-01
8.016119999999999912e-01
1.239230000000000054e+00
1.065169999999999950e+00
8.194519999999999582e-01
8.349269999999999747e-01
7.174080000000000457e-01
5.795069999999999943e-01
5.025009999999999755e-01
3.041739999999999999e-01
2.566999999999999837e-01
3.343599999999999905e-01
4.188080000000000136e-01
3.115129999999999844e-01
4.872230000000000172e-01
4.542649999999999744e-01
5.845630000000000548e-01
4.161239999999999939e-01
4.968850000000000211e-01
4.919009999999999772e-01
8.065879999999999717e-01
5.592740000000000489e-01
4.641569999999999863e-01
4.249279999999999724e-01
2.836589999999999945e-01
3.235350000000000170e-01
3.144060000000000188e-01
2.965769999999999795e-01
2.489860000000000129e-01
1.972599999999999909e-01
2.747200000000000197e-01
1.352319999999999911e-01
9.588309999999999889e-02
1.055719999999999992e-01
8.121180000000000065e-02
5.977350000000000024e-02
4.168510000000000271e-02
2.249500000000000111e-02
2.168039999999999898e-02
1.461589999999999938e-02
1.129430000000000017e-02
2.077379999999999852e-02
1.338800000000000059e-02
8.584110000000000698e-03
1.602390000000000064e-02
1.105539999999999995e-02
5.630969999999999899e-03
2.536029999999999882e-03
2.616299999999999789e-03
2.286119999999999992e-03
1.493210000000000023e-03
2.614529999999999892e-03
1.676659999999999956e-03
1.513830000000000080e-03
1.459549999999999997e-03
1.689310000000000074e-03
1.923870000000000051e-03
1.399939999999999908e-03
1.883490000000000034e-03
1.423980000000000037e-03
2.541299999999999809e-03
1.715780000000000083e-03
3.454630000000000201e-03
4.240120000000000000e-03
4.998469999999999649e-03
3.651220000000000160e-03
4.318869999999999827e-03
3.526099999999999894e-03
2.770550000000000096e-03
1.685840000000000082e-03
1.301089999999999972e-03
1.882849999999999932e-03
2.766240000000000105e-03
2.736360000000000181e-03
1.411700000000000108e-03
1.946650000000000073e-03
