1.038708357637364799e+01
1.038877060774494154e+01
1.039094216874486065e+01
1.038861089628991330e+01
1.038012075426843950e+01
1.036938842733683863e+01
1.036352548839630927e+01
1.036526329169873328e+01
1.036455474734192883e+01
1.035896222304458902e+01
1.035318121135230385e+01
1.034639209831732920e+01
1.033505250375264062e+01
1.032296109760674518e+01
1.031214560860673757e+01
1.030325655194083545e+01
1.029783708020213950e+01
1.029548573084244723e+01
1.029571440525786663e+01
1.029684062734002481e+01
1.029580672042026812e+01
1.029311273591974008e+01
1.029061328497498629e+01
1.028693900051821863e+01
1.028264703255591428e+01
1.028023453163632972e+01
1.027656519531333501e+01
1.027431721533526598e+01
1.027236847851250978e+01
1.026005707034856584e+01
1.022319471183382333e+01
1.021805736062857228e+01
1.021191308617810378e+01
1.019221050505989190e+01
1.015670660753432664e+01
1.012580320742016049e+01
1.010429245460171011e+01
1.007560170094455287e+01
1.004522906712407782e+01
1.002157792210556053e+01
1.000049047569794247e+01
9.985298008112614809e+00
9.971136629476806235e+00
9.957169899449359818e+00
9.942832677325498025e+00
9.934980452542603757e+00
9.936794636129439695e+00
9.939411414394363931e+00
9.942753406888702017e+00
9.946469950853577657e+00
9.950642772326856900e+00
9.955427480407912810e+00
9.961166138220409749e+00
9.964235109077833386e+00
9.951303998129553463e+00
9.923446089569614159e+00
9.892387374366354180e+00
9.838440409930768737e+00
9.757146921367171544e+00
9.637889816580790026e+00
9.448477520915993466e+00
9.249508980923273782e+00
9.051480532156748637e+00
8.820162036109492121e+00
8.645706138332508672e+00
8.536044307393369834e+00
8.426184197451048519e+00
8.300890999189149966e+00
8.178916544522548904e+00
8.066389294182386038e+00
8.009714282234346783e+00
7.965920068617258210e+00
7.919442119238428113e+00
7.879717903470235818e+00
7.829724352214586069e+00
7.755505167100700703e+00
7.669550239519071333e+00
7.605076523422260593e+00
7.552292151391485575e+00
7.526149231978545906e+00
7.517165535876261018e+00
7.514723028819805251e+00
7.513081695256095038e+00
7.511760404829382232e+00
7.508964469102210160e+00
7.503811103947692018e+00
7.489926152095214285e+00
7.468853711975868670e+00
7.406170447005162139e+00
7.347940526104738801e+00
7.256222088581612439e+00
7.135453878649263615e+00
7.049562994631515700e+00
6.986854555728523763e+00
6.932443322408236241e+00
6.893052890038397607e+00
6.870564248570619981e+00
6.863466213130115179e+00
6.858998315381595212e+00
6.855361036427089161e+00
6.852590992927868996e+00
6.850065153853284627e+00
6.847277682906812935e+00
6.845403799755179541e+00
6.830489225033930190e+00
6.747193440386209495e+00
6.740838573348441720e+00
6.721908670638103267e+00
6.696255886430466653e+00
6.666937097065429363e+00
6.644973987653259861e+00
6.625167318842402508e+00
6.605345995054992869e+00
6.585025088566233364e+00
6.564394989381088230e+00
6.551005716893223862e+00
6.543539123972563765e+00
6.539592927928207011e+00
6.536899179538502302e+00
6.535157352725370572e+00
6.535126954138196886e+00
6.534869747607211288e+00
6.534457646331426339e+00
6.534359952703885810e+00
6.534088325077432202e+00
6.533500062698048616e+00
6.532586232452911368e+00
6.531013717416196407e+00
6.529204421410014447e+00
6.527023785510103870e+00
6.524344185428115672e+00
6.522155912354628882e+00
6.520538552990683634e+00
6.519168835707916720e+00
6.517935811984607142e+00
6.516096230279003088e+00
6.513450671057036345e+00
6.511033986331604240e+00
6.507868010191837804e+00
6.503073982613477355e+00
6.498566918659590463e+00
6.493998665446341079e+00
6.488202295160122368e+00
6.481790784488450363e+00
6.473041498592320586e+00
6.463912390024254329e+00
6.457780499078099368e+00
6.449825387561909373e+00
6.437279557645071648e+00
6.420661934631872292e+00
6.399736006262907395e+00
6.374271643275979393e+00
6.346351018164782865e+00
6.322215158576300453e+00
6.301383801510425542e+00
6.277794809749758898e+00
6.240778814565453025e+00
6.198106998873401885e+00
6.171995428203957523e+00
6.150747232105839402e+00
6.137072298317332475e+00
6.127299215057707471e+00
6.117907352861402082e+00
6.108561641363885464e+00
6.099659927046976016e+00
6.093400670404685471e+00
6.084179333726505767e+00
6.071712673059444398e+00
6.062818807545076183e+00
6.053658396492805238e+00
6.041590046889366405e+00
6.028176629969268063e+00
6.013418705533122299e+00
5.999600265170419888e+00
5.988048561713815054e+00
5.978085062129726346e+00
5.971933751735431173e+00
5.967346225785365554e+00
5.963128332192447978e+00
5.959377720968561221e+00
5.954538211544876170e+00
5.950117937445968508e+00
5.947434702234661863e+00
5.946499425654015347e+00
5.945207043390104751e+00
5.941803514205344250e+00
5.937222411094898789e+00
5.927393463194976952e+00
5.908951232992724734e+00
5.883895266737356522e+00
5.866211700261461992e+00
5.843273900162283319e+00
5.814647069451855721e+00
5.788379808344411792e+00
5.770560421207906465e+00
5.761869227251886549e+00
5.756456572896706092e+00
5.750886983946364772e+00
5.746936076538847971e+00
5.740703674172661586e+00
5.730752406803172327e+00
5.719016226350364995e+00
5.703577660102345348e+00
5.686071140183936556e+00
5.665971961415052327e+00
5.640439694991393083e+00
5.618085768816334813e+00
5.597180527280811724e+00
5.571273154539242434e+00
5.546271144568440725e+00
5.530500653498315877e+00
5.522238122959286954e+00
5.514693821038569865e+00
5.505876813022823946e+00
5.498907126431686443e+00
5.492011248609951046e+00
5.485857654362842339e+00
5.483054977955670317e+00
5.478781425384059212e+00
