5.634389999999999787e+00
5.860999999999999766e+00
5.947149999999999714e+00
6.122919999999999696e+00
6.327049999999999841e+00
6.668890000000000207e+00
8.458429999999999893e+00
1.228069999999999951e+01
1.211500000000000021e+01
1.146739999999999959e+01
3.560130000000000017e+00
1.186620000000000036e-01
6.330500000000000016e-02
4.349340000000000150e-02
6.891759999999999553e-02
3.875270000000000103e-02
2.247680000000000164e-02
2.141269999999999979e-02
2.502110000000000098e-02
2.269430000000000058e-02
4.281129999999999658e-02
3.337579999999999714e-02
3.455140000000000294e-02
4.361439999999999761e-02
2.159049999999999858e-02
5.375789999999999735e-02
1.937380000000000005e-02
1.318350000000000077e-02
5.772340000000000110e-02
1.501059999999999894e-01
3.577310000000000212e-01
4.604269999999999752e-01
4.552210000000000284e-02
3.975780000000000286e-02
5.972969999999999668e-02
2.480320000000000025e-01
2.187350000000000128e-01
5.449849999999999833e-02
5.377769999999999773e-02
3.613149999999999695e-02
8.894040000000000279e-02
1.157129999999999964e-01
3.861959999999999699e-02
5.690749999999999975e-02
5.221830000000000221e-02
1.123030000000000000e-01
3.645609999999999823e-02
3.398029999999999801e-02
2.974890000000000173e-02
1.334670000000000023e-01
1.256549999999999889e-01
5.936079999999999829e-02
4.514439999999999564e+00
4.126610000000000333e+00
4.279099999999999682e+00
1.369790000000000063e+01
2.615840000000000032e+01
2.317030000000000101e+01
3.189290000000000092e+01
2.507049999999999912e+01
2.554980000000000118e+01
2.637689999999999912e+01
2.049729999999999919e+01
1.044650000000000034e+01
1.650529999999999831e+01
1.857079999999999842e+01
1.578919999999999924e+01
8.056710000000000704e+00
8.454390000000000072e+00
1.157070000000000043e+01
6.125820000000000043e+00
9.245520000000000849e+00
9.134410000000000807e+00
9.735459999999999781e+00
1.430680000000000085e+01
1.261250000000000071e+01
9.109920000000000684e+00
7.506960000000000299e+00
8.007469999999999644e+00
4.944399999999999906e+00
3.646399999999999864e+00
4.796220000000000344e-02
3.037789999999999935e-02
2.433619999999999894e+00
5.127550000000000274e+00
6.014269999999999783e+00
5.588910000000000267e+00
7.998549999999999827e+00
1.968140000000000001e+01
2.404329999999999856e+01
4.630519999999999925e+01
3.315570000000000306e+01
2.479370000000000118e+01
1.560180000000000078e+01
1.298320000000000007e+01
8.800010000000000332e+00
4.121859999999999857e+00
3.342490000000000183e+00
3.182760000000000034e+00
2.112610000000000099e+00
1.094799999999999995e+00
9.774089999999999723e-01
8.512870000000000159e-01
6.832329999999999792e-01
6.275239999999999707e-01
8.812130000000000241e-01
5.125720000000000276e-01
5.607450000000000490e-01
7.561280000000000223e-01
8.878270000000000328e-01
6.793350000000000222e-01
5.318319999999999714e-01
1.010729999999999906e+00
9.588510000000000089e-01
8.147739999999999982e-01
1.368239999999999901e+00
1.091550000000000020e+00
6.421550000000000313e-01
7.468179999999999819e-01
6.228780000000000427e-01
5.792589999999999684e-01
5.763840000000000074e-01
5.742230000000000389e-01
8.207849999999999868e-01
1.134949999999999903e+00
7.495260000000000256e-01
4.692819999999999769e-01
7.322210000000000107e-01
6.301290000000000502e-01
9.524639999999999773e-01
1.175340000000000051e+00
3.130510000000000126e+00
2.859570000000000167e+00
2.308040000000000092e+00
1.826440000000000063e+00
8.479090000000000238e-01
3.606570000000000054e-01
1.922419999999999962e-01
2.353889999999999871e-01
1.923570000000000002e-01
1.201180000000000025e-01
2.093240000000000031e-02
1.729690000000000047e-02
3.362729999999999886e-02
3.875610000000000166e-02
5.773310000000000247e-02
8.848369999999999846e-02
7.062219999999999609e-02
9.989109999999999656e-02
7.867100000000000481e-02
4.352600000000000219e-02
4.929979999999999779e-02
2.540500000000000050e-02
2.391860000000000167e-02
4.430719999999999797e-02
1.063840000000000063e-01
9.403100000000000347e-02
9.082650000000000445e-02
9.154199999999999837e-02
6.087850000000000206e-02
3.721170000000000033e-02
1.738570000000000046e-02
9.404030000000000722e-03
8.065140000000000156e-03
6.267609999999999848e-03
4.441409999999999803e-03
2.080330000000000026e-03
1.724510000000000062e-03
1.550619999999999950e-03
1.396780000000000027e-03
1.674230000000000076e-03
1.206180000000000056e-03
2.261819999999999890e-03
2.311539999999999949e-03
2.792670000000000135e-03
3.123309999999999802e-03
1.868120000000000024e-03
1.835880000000000021e-03
4.217929999999999943e-03
6.235580000000000116e-03
9.060709999999999598e-03
1.276910000000000024e-02
9.656569999999999737e-03
1.180119999999999954e-02
6.190460000000000060e-03
3.573919999999999961e-03
2.462349999999999869e-03
1.711590000000000030e-03
5.468909999999999787e-04
1.988500000000000087e-04
1.823999999999999884e-04
1.551810000000000038e-04
2.052310000000000007e-04
1.555740000000000118e-04
1.967179999999999959e-04
9.803260000000000056e-05
1.132690000000000026e-04
8.038869999999999827e-05
9.993370000000000172e-05
6.567920000000000637e-05
7.108509999999999471e-05
6.622999999999999439e-05
5.579460000000000279e-05
4.346529999999999871e-05
5.021409999999999752e-05
5.051320000000000284e-05
4.200160000000000118e-05
2.172740000000000139e-05
3.059790000000000058e-06
3.226860000000000137e-06
5.072519999999999843e-06
9.113199999999999415e-06
9.576450000000000443e-06
1.474040000000000036e-05
1.404500000000000021e-05
1.802010000000000048e-05
2.576800000000000130e-05
3.345070000000000145e-05
3.343619999999999676e-05
3.635409999999999808e-05
4.616200000000000289e-05
2.071879999999999889e-05
1.847079999999999940e-05
3.631510000000000150e-06
6.377929999999999937e-06
3.159200000000000178e-06
3.004629999999999979e-06
1.722549999999999923e-06
9.831590000000001019e-07
3.550629999999999813e-07
4.089500000000000190e-07
3.230860000000000120e-07
4.965840000000000214e-07
