1.002744746592792069e+01
1.001944863749363712e+01
1.002189187391910963e+01
1.002462110704954235e+01
1.002776942668973525e+01
1.003143674297161425e+01
1.002785089789553119e+01
1.001400361401467087e+01
9.996922568961513988e+00
9.979615744303780289e+00
9.963317874244111749e+00
9.945046395439545606e+00
9.921154073526441408e+00
9.894358714512293318e+00
9.867290669854885010e+00
9.824073090304564104e+00
9.775009373491689857e+00
9.742274896670627626e+00
9.716015036021145690e+00
9.697178759332210518e+00
9.682022264729083005e+00
9.664795173641927306e+00
9.648864280461177501e+00
9.631536097510965178e+00
9.610209668330176314e+00
9.592627478825606957e+00
9.576796142021827052e+00
9.551075318401165859e+00
9.519716453680194590e+00
9.485839209338541522e+00
9.462408480742691808e+00
9.448213015148029470e+00
9.442865289030542897e+00
9.445803403796267261e+00
9.449081721877798046e+00
9.452893012595858124e+00
9.457685133412637057e+00
9.454498810432246714e+00
9.438162471672974618e+00
9.409811436235431259e+00
9.371549938699148541e+00
9.339693863001839347e+00
9.306392856397526003e+00
9.265906913096372932e+00
9.183258452202734290e+00
9.160783557958637857e+00
9.139945169664013491e+00
9.093428689855453939e+00
9.053124560802745080e+00
9.015937870828024003e+00
9.002166061756508242e+00
9.006311979444868498e+00
9.011485859999405434e+00
9.009055516398021268e+00
8.984844479998821853e+00
8.952897493774335302e+00
8.931765429396293143e+00
8.898234129381693336e+00
8.848756101641345850e+00
8.798589881394255130e+00
8.739724993093581418e+00
8.682762220682056054e+00
8.643561236537221859e+00
8.613093049041669502e+00
8.583238459640627482e+00
8.558413341914981487e+00
8.533653875580251125e+00
8.504189397416057616e+00
8.473479670936308494e+00
8.443944802944193029e+00
8.412586533356069651e+00
8.380744734203812385e+00
8.350034696340058460e+00
8.325729063789445661e+00
8.310261989280457229e+00
8.298911996789627210e+00
8.285845243038560071e+00
8.273191161997583976e+00
8.260276555589092240e+00
8.246306503351577888e+00
8.230528109034553452e+00
8.216107816464958802e+00
8.202894086524873174e+00
8.189703618648948691e+00
8.178427260192272286e+00
8.162450889692028255e+00
8.143080408133624104e+00
8.127584202200363706e+00
8.117400570190618225e+00
8.109720251586619355e+00
8.105339839805285607e+00
8.101716149978829051e+00
8.097531477843443071e+00
8.007231266336102493e+00
7.990597223101245206e+00
7.962905597303937100e+00
7.938336061836103852e+00
7.914554698517633824e+00
7.884537655182607629e+00
7.849216654763134571e+00
7.810243946646862945e+00
7.754433962800831637e+00
7.645515603155842221e+00
7.512915087225651156e+00
7.421880208187216610e+00
7.363169940274337577e+00
7.320856368990131813e+00
7.296937087533673427e+00
7.278518103790534433e+00
7.265669055133238352e+00
7.256275049855489101e+00
7.247575594483804728e+00
7.239592247595777685e+00
7.232561598618135967e+00
7.227745343168967551e+00
7.222495366784142945e+00
7.216171182429967246e+00
7.211037734293180179e+00
7.207276121929002244e+00
7.204879333760661808e+00
7.202561873885828803e+00
7.198615854508367384e+00
7.193870053858879565e+00
7.190678994855654871e+00
7.188405328830040020e+00
7.185185053711681924e+00
7.180836687019307440e+00
7.174187779205062121e+00
7.164522376020437733e+00
7.155563754580426483e+00
7.144891640226553875e+00
7.130282293505980640e+00
7.116229065404509946e+00
7.104616833998747438e+00
7.091135632980661185e+00
7.073831948390393087e+00
7.053182200566132209e+00
7.032126980414167505e+00
7.015003286461680254e+00
6.990297110776048761e+00
6.886508209403566561e+00
6.857126157542998257e+00
6.827060892063589570e+00
6.798462801808299538e+00
6.766429207212813601e+00
6.734540615207550651e+00
6.707334230503993133e+00
6.692589613883694888e+00
6.686442312578261493e+00
6.681049381608144877e+00
6.675705953227896394e+00
6.672024853365862818e+00
6.667819846754243329e+00
6.662221241053660314e+00
6.651022015028487111e+00
6.637665813232544565e+00
6.626594914587196072e+00
6.614155541777112290e+00
6.599463852012752874e+00
6.583609062093925601e+00
6.565945759916965940e+00
6.542784359923307314e+00
6.517156294823794660e+00
6.491819563018546901e+00
6.468926004024625698e+00
6.450216766036672489e+00
6.426255814592304993e+00
6.406507820031666078e+00
6.391030429576590954e+00
6.377156845558579867e+00
6.364010370399616257e+00
6.354519479168563301e+00
6.347622699467241780e+00
6.340463945185634387e+00
6.333652785201784319e+00
6.323744914903051573e+00
6.309214834458300558e+00
6.294139831544594443e+00
6.282945957212542787e+00
6.272514589650952210e+00
6.262870942038377464e+00
6.253885375376816214e+00
6.242290419031442994e+00
6.229512902947220709e+00
6.209994618219372597e+00
6.202771578654298068e+00
6.195719811730576509e+00
6.188967835523238037e+00
6.185315458003656452e+00
6.180510087331526847e+00
6.174429077342600714e+00
6.168394348436180508e+00
6.162235723766201545e+00
6.156458285240456796e+00
6.149914658592958716e+00
6.140771933444874264e+00
6.130851396278911736e+00
6.117894111166701343e+00
6.101537435038951962e+00
6.087525875300314304e+00
6.075064955595233407e+00
6.063614789665931148e+00
6.052651625963563653e+00
6.039941298315615548e+00
6.021594451544623361e+00
6.012858306449886392e+00
6.004278372200162472e+00
5.994297351557970721e+00
5.986944074680881300e+00
5.981669137052819885e+00
5.977155450923254065e+00
5.972704903618884842e+00
5.967010859979206217e+00
5.961384070663692469e+00
5.957159354551799346e+00
5.951808477714993550e+00
5.942929763896191098e+00
5.931875182738748364e+00
5.922884721984198464e+00
