1.024939999999999962e+00
1.570799999999999974e+00
4.214129999999999932e+00
1.199379999999999891e+00
5.287099999999999689e+00
1.836039999999999894e+00
1.525779999999999914e+00
1.003479999999999928e+00
1.065709999999999935e+00
1.719519999999999937e+00
1.372239999999999904e+00
1.204350000000000032e+00
6.397350000000000536e-01
1.820690000000000155e-02
1.169210000000000041e-02
1.833929999999999935e-02
8.611960000000000101e-03
9.206819999999999241e-03
8.313970000000000388e-03
6.399260000000000365e-03
3.775619999999999671e-02
1.326809999999999969e-02
2.973349999999999951e-02
2.531339999999999979e-02
1.360239999999999894e+00
3.150560000000000027e+00
1.867140000000000022e+00
3.625000000000000000e+00
1.045919999999999916e+01
6.107560000000000322e+00
6.752799999999999692e+00
5.453380000000000116e+00
3.609230000000000160e+00
4.016659999999999897e+00
4.480949999999999989e+00
3.786610000000000031e+00
3.140449999999999964e+00
3.829940000000000122e+00
4.881020000000000358e+00
4.234079999999999622e+00
3.104280000000000150e+00
1.367560000000000109e+00
6.904700000000000282e-01
3.337269999999999959e-01
4.826259999999999994e-01
5.397910000000000208e-01
3.745660000000000101e-01
3.002079999999999749e-01
2.231879999999999975e-01
1.522979999999999889e-01
1.046819999999999973e-01
1.083149999999999946e-01
8.202410000000000256e-02
7.242949999999999389e-02
5.639509999999999662e-02
6.747970000000000357e-02
5.157260000000000316e-02
3.990590000000000109e-02
3.399599999999999844e-02
2.392510000000000123e-02
3.757030000000000092e-02
4.708260000000000223e-02
8.966240000000000321e-02
1.023939999999999989e-01
9.686150000000000315e-02
1.024520000000000014e-01
2.371280000000000054e-01
6.247740000000000515e-01
8.017210000000000170e-01
8.507310000000000150e-01
7.684389999999999832e-01
3.159100000000000241e-01
2.103629999999999944e-01
8.403220000000000134e-02
6.104020000000000279e-02
5.235549999999999926e-02
4.286349999999999882e-02
6.821119999999999961e-02
8.706959999999999700e-02
5.605330000000000035e-02
4.942959999999999715e-02
3.423070000000000279e-02
3.718570000000000209e-02
2.263760000000000078e-02
2.601679999999999965e-02
3.141589999999999661e-02
3.232020000000000032e-02
3.731550000000000145e-02
2.137719999999999898e-02
2.850340000000000165e-02
4.097669999999999785e-02
4.703489999999999754e-02
1.018410000000000010e-01
6.566550000000000165e-02
4.837740000000000096e-02
5.373970000000000136e-02
6.550680000000000391e-02
5.071200000000000013e-02
8.505189999999999972e-02
9.439640000000000530e-02
7.585980000000000500e-02
6.347679999999999989e-02
6.300060000000000382e-02
5.101139999999999841e-02
4.174429999999999807e-02
4.517560000000000325e-02
2.635090000000000002e-02
2.659780000000000130e-02
1.821899999999999908e-02
1.905180000000000068e-02
1.380310000000000044e-02
8.379030000000000852e-03
1.336550000000000064e-02
9.050719999999999946e-03
9.900690000000000185e-03
1.372839999999999998e-02
1.155169999999999982e-02
8.757769999999999791e-03
1.117549999999999967e-02
5.960629999999999748e-03
5.860070000000000209e-03
6.900599999999999790e-03
6.956079999999999902e-03
1.396780000000000070e-02
1.426529999999999986e-02
1.270899999999999981e-02
1.637519999999999948e-02
1.202510000000000037e-02
1.416040000000000007e-02
1.217539999999999942e-02
8.772359999999999880e-03
1.228669999999999936e-02
1.674329999999999916e-02
2.114150000000000057e-02
2.368330000000000088e-02
1.792209999999999984e-02
1.636759999999999951e-02
1.398390000000000050e-02
1.815929999999999975e-02
2.914359999999999867e-02
2.711360000000000159e-02
3.829570000000000196e-02
2.134000000000000133e-02
1.582439999999999888e-02
1.172559999999999922e-02
7.550399999999999646e-03
6.956359999999999974e-03
1.131069999999999992e-02
2.242250000000000146e-02
2.722219999999999848e-02
3.481830000000000341e-02
2.951830000000000079e-02
2.196379999999999860e-02
2.070589999999999931e-02
1.078639999999999981e-02
9.376229999999999287e-03
8.555280000000000176e-03
8.715729999999999658e-03
4.219249999999999910e-03
3.117050000000000116e-03
2.718400000000000157e-03
3.207119999999999936e-03
3.065879999999999994e-03
2.929670000000000104e-03
3.305549999999999981e-03
3.834730000000000170e-03
5.779890000000000201e-03
8.755169999999999619e-03
9.700449999999999351e-03
9.988739999999999425e-03
1.055009999999999976e-02
1.008809999999999915e-02
6.604729999999999629e-03
5.134650000000000152e-03
4.570190000000000016e-03
6.932179999999999592e-03
5.759069999999999814e-03
7.004820000000000144e-03
1.104920000000000034e-02
8.447889999999999566e-03
6.433789999999999995e-03
8.481630000000000419e-03
1.055560000000000005e-02
1.003249999999999975e-02
6.747089999999999858e-03
9.701430000000000470e-03
5.537069999999999839e-03
5.872790000000000128e-03
4.125420000000000302e-03
3.746909999999999998e-03
4.528660000000000324e-03
3.004489999999999852e-03
2.555169999999999837e-03
2.334179999999999935e-03
3.126289999999999885e-03
2.777379999999999866e-03
3.028279999999999948e-03
2.940009999999999846e-03
3.476630000000000085e-03
2.619999999999999933e-03
2.856130000000000127e-03
4.906360000000000235e-03
7.806249999999999821e-03
6.897040000000000115e-03
8.407619999999999330e-03
1.018780000000000033e-02
1.005089999999999976e-02
8.976659999999999154e-03
1.213219999999999923e-02
1.757950000000000138e-02
1.223390000000000068e-02
6.294100000000000389e-03
3.971230000000000072e-03
2.506110000000000195e-03
1.918420000000000108e-03
1.385310000000000057e-03
1.315380000000000108e-03
3.158430000000000048e-04
4.687849999999999916e-04
2.647680000000000237e-04
2.027259999999999967e-04
7.367509999999999532e-05
9.874670000000000105e-05
4.145989999999999924e-05
7.999809999999999560e-05
1.114140000000000009e-04
1.924080000000000050e-04
6.117289999999999837e-05
8.280139999999999636e-05
1.224730000000000046e-04
1.105639999999999938e-04
1.191100000000000031e-04
3.743759999999999948e-04
4.678570000000000168e-04
9.498640000000000251e-04
5.620620000000000000e-04
