5.513270000000000337e+00
1.302139999999999964e-01
1.366179999999999894e-01
1.952629999999999921e-01
1.519700000000000051e+00
6.392450000000000188e+00
6.357000000000000206e+00
2.062100000000000044e-01
3.014519999999999977e-01
2.813390000000000057e-01
9.016029999999999878e-02
7.431150000000000255e-02
9.763320000000000332e-02
6.848210000000000131e-01
3.509209999999999940e+00
5.203269999999999840e+00
4.733620000000000161e+00
5.641189999999999927e+00
7.360019999999999563e+00
8.457019999999999982e+00
1.309379999999999988e+01
9.043730000000000047e+00
8.350880000000000081e+00
1.018740000000000023e+01
4.509879999999999889e+00
6.618059999999999832e+00
5.546090000000000408e+00
5.463969999999999771e+00
5.592690000000000161e+00
7.636429999999999829e+00
8.133309999999999818e+00
8.878339999999999677e+00
6.725120000000000431e+00
6.876280000000000392e+00
1.032489999999999952e+01
6.254279999999999617e+00
6.503140000000000143e+00
5.202980000000000160e+00
4.455589999999999939e+00
4.370650000000000368e+00
3.699310000000000098e+00
8.242480000000000473e+00
6.453170000000000073e+00
8.288679999999999382e+00
1.051009999999999955e+01
8.430479999999999308e+00
8.126870000000000260e+00
8.320199999999999818e+00
7.175320000000000142e+00
1.011539999999999928e+01
9.659919999999999618e+00
9.356880000000000308e+00
1.267580000000000062e+01
9.388070000000000803e+00
5.144899999999999807e+00
8.089800000000000324e+00
5.568069999999999631e+00
4.121030000000000193e+00
4.600830000000000197e-02
4.006669999999999732e+00
9.314379999999999882e+00
1.272429999999999950e+01
1.434409999999999918e+01
1.712509999999999977e+01
1.393430000000000035e+01
8.184039999999999537e+00
7.334369999999999834e+00
5.562330000000000219e+00
3.579919999999999991e+00
2.474380000000000024e+00
2.714710000000000178e+00
2.611959999999999837e+00
1.326030000000000042e+00
5.650249999999999995e-01
4.310209999999999875e-01
2.326880000000000059e-01
3.507399999999999962e-01
2.893919999999999826e-01
2.390180000000000082e-01
2.950780000000000070e-01
3.082900000000000085e-01
2.831080000000000263e-01
2.427890000000000048e-01
2.178249999999999909e-01
2.731649999999999912e-01
3.194710000000000050e-01
6.591780000000000417e-01
6.840380000000000349e-01
8.039589999999999792e-01
1.353830000000000089e+00
1.105699999999999905e+00
1.385809999999999986e+00
1.077499999999999902e+00
8.185780000000000278e-01
6.890110000000000401e-01
8.759810000000000096e-01
6.423999999999999710e-01
4.193129999999999913e-01
3.472959999999999936e-01
2.568300000000000027e-01
4.130440000000000222e-01
3.387530000000000263e-01
3.387950000000000128e-01
3.541449999999999876e-01
4.189419999999999811e-01
3.117829999999999768e-01
2.392809999999999937e-01
3.850219999999999754e-01
3.221350000000000047e-01
6.103100000000000191e-01
7.423640000000000239e-01
8.213510000000000533e-01
7.470689999999999831e-01
6.345140000000000224e-01
6.983089999999999575e-01
8.183449999999999891e-01
5.508399999999999963e-01
5.931570000000000453e-01
3.004359999999999808e-01
4.099840000000000151e-01
2.463859999999999939e-01
4.562010000000000232e-01
5.782070000000000265e-01
5.074539999999999607e-01
3.197200000000000042e-01
3.291450000000000209e-01
1.710740000000000038e-01
1.536039999999999905e-01
1.253479999999999872e-01
8.152049999999999574e-02
9.444120000000000292e-02
1.059179999999999983e-01
8.577100000000000002e-02
5.263140000000000179e-02
3.221450000000000008e-02
4.352589999999999931e-02
4.386140000000000178e-02
5.702779999999999655e-02
5.644409999999999705e-02
3.205829999999999791e-02
2.457180000000000128e-02
4.484910000000000285e-02
3.711679999999999841e-02
6.758340000000000181e-02
1.078540000000000054e-01
1.192980000000000013e-01
7.953209999999999447e-02
1.062939999999999996e-01
1.144479999999999942e-01
9.140900000000000414e-02
1.553229999999999889e-01
2.117449999999999888e-01
2.916949999999999821e-01
2.284670000000000034e-01
2.003020000000000078e-01
1.823799999999999866e-01
1.312750000000000028e-01
1.471649999999999903e-01
2.967319999999999958e-01
3.061490000000000045e-01
2.801790000000000114e-01
3.069060000000000121e-01
2.177999999999999936e-01
1.595159999999999911e-01
2.003469999999999973e-01
9.062779999999999447e-02
4.971430000000000293e-02
2.680290000000000103e-02
1.873899999999999871e-02
2.366860000000000144e-02
2.655559999999999865e-02
2.168219999999999870e-02
1.555499999999999938e-02
2.254400000000000154e-02
1.879509999999999861e-02
1.627160000000000065e-02
1.514339999999999957e-02
1.357359999999999990e-02
1.421569999999999952e-02
2.362219999999999945e-02
3.912120000000000181e-02
3.749489999999999768e-02
7.659199999999999342e-02
8.334930000000000117e-02
6.576819999999999888e-02
5.926449999999999774e-02
3.744240000000000068e-02
2.684129999999999849e-02
3.621549999999999769e-02
4.303429999999999755e-02
2.479539999999999869e-02
3.246349999999999930e-02
3.285830000000000001e-02
2.132830000000000142e-02
1.987670000000000062e-02
3.112849999999999992e-02
3.821750000000000147e-02
4.446859999999999702e-02
3.480810000000000154e-02
4.650970000000000104e-02
3.357550000000000118e-02
3.336709999999999676e-02
2.061630000000000060e-02
2.246909999999999880e-02
1.357779999999999924e-02
6.678319999999999743e-03
4.092909999999999951e-03
3.837820000000000033e-03
2.204929999999999911e-03
3.455440000000000161e-03
4.038810000000000316e-03
2.819320000000000159e-03
3.377230000000000162e-03
3.324409999999999865e-03
5.094679999999999868e-03
6.402040000000000335e-03
6.100269999999999651e-03
5.176909999999999845e-03
1.081479999999999898e-03
2.448280000000000161e-03
