3.798369999999999802e+00
4.286059999999999981e+00
5.665309999999999846e+00
5.841330000000000133e+00
6.019700000000000273e+00
5.074810000000000265e+00
5.159430000000000405e+00
5.031069999999999709e+00
4.267240000000000144e+00
3.765400000000000080e+00
2.126790000000000180e+00
2.087880000000000180e+00
2.536319999999999908e+00
2.233690000000000175e+00
1.415459999999999940e+00
1.126949999999999896e+00
1.958520000000000039e+00
3.090850000000000097e+00
2.433019999999999960e+00
5.231639999999999624e+00
4.307710000000000150e+00
5.814709999999999823e+00
4.903620000000000090e+00
3.940690000000000026e+00
3.734960000000000058e+00
3.866699999999999804e+00
1.207500000000000018e+00
2.177249999999999908e+00
3.897390000000000132e+00
1.534890000000000088e+00
2.439989999999999881e+00
2.553230000000000111e+00
2.172820000000000196e+00
1.930229999999999890e+00
2.795269999999999921e+00
3.273320000000000007e+00
2.527969999999999828e+00
3.960890000000000022e+00
3.900879999999999903e+00
4.005010000000000403e+00
4.676789999999999559e+00
4.794740000000000002e+00
5.785630000000000273e+00
5.668730000000000047e+00
2.992550000000000043e+00
2.630669999999999842e+00
7.681909999999999572e-01
1.253039999999999932e+00
1.394379999999999953e+00
1.466779999999999973e+00
1.107480000000000020e+00
2.324819999999999887e+00
2.147740000000000204e+00
1.031940000000000079e+00
4.625859999999999972e-01
1.863960000000000061e+00
2.622209999999999930e+00
2.121059999999999945e+00
1.289639999999999898e+00
5.690389999999999615e-01
4.947059999999999791e-01
6.293509999999999938e-01
7.895759999999999446e-01
5.937740000000000240e-01
2.145199999999999885e-01
1.416590000000000071e-01
2.836940000000000035e-03
3.439579999999999860e-01
6.445149999999999491e-01
4.904879999999999796e-01
5.869370000000000420e-01
8.467019999999999547e-01
1.139799999999999924e+00
7.763820000000000165e-01
4.921490000000000031e-01
2.201079999999999981e-01
4.288779999999999958e-04
2.585029999999999880e-04
1.021500000000000056e-03
2.724089999999999867e-04
1.317559999999999955e-03
2.126139999999999888e-03
1.711139999999999883e-01
2.429600000000000093e-01
1.673189999999999955e-01
2.440400000000000069e-01
5.161790000000000544e-01
5.178300000000000125e-01
8.096929999999999961e-01
5.563430000000000319e-01
4.325149999999999828e-01
4.570339999999999958e-01
3.180359999999999854e-01
1.894019999999999870e-01
1.328709999999999891e-01
9.867900000000000282e-02
6.248619999999999869e-02
8.010059999999999403e-02
1.007080000000000058e-01
7.892019999999999591e-02
1.192030000000000034e-01
1.044130000000000058e-01
1.771050000000000124e-01
2.135160000000000113e-01
2.166039999999999910e-01
2.991550000000000042e-01
4.284020000000000050e-01
4.746340000000000003e-01
5.243179999999999508e-01
5.619880000000000431e-01
5.927189999999999959e-01
6.478469999999999507e-01
5.297070000000000389e-01
3.748790000000000178e-01
4.254249999999999976e-01
3.135789999999999966e-01
2.113230000000000108e-01
1.827550000000000008e-01
1.180070000000000008e-01
9.695429999999999326e-02
1.201480000000000048e-01
1.188540000000000013e-01
1.115170000000000050e-01
1.652740000000000042e-01
2.229289999999999883e-01
2.587459999999999760e-01
2.789579999999999838e-01
2.645640000000000214e-01
2.303910000000000124e-01
1.498939999999999995e-01
1.301090000000000024e-01
9.399009999999999310e-02
1.188219999999999971e-01
9.802529999999999577e-02
1.097660000000000025e-01
1.189520000000000022e-01
7.674259999999999415e-02
7.784050000000000691e-02
4.019570000000000087e-02
1.693400000000000113e-02
8.263879999999999490e-03
4.323719999999999647e-03
5.801530000000000055e-03
2.618919999999999842e-03
2.234659999999999858e-03
2.347259999999999885e-03
2.929760000000000003e-03
3.027719999999999804e-03
3.336800000000000009e-03
2.811929999999999812e-03
3.013609999999999900e-03
2.454060000000000095e-03
1.623260000000000067e-03
1.843929999999999918e-03
1.017420000000000000e-03
1.397349999999999894e-03
1.730159999999999901e-03
1.366419999999999918e-03
9.795260000000000945e-04
6.942810000000000431e-04
1.186240000000000081e-03
1.368040000000000055e-03
1.418020000000000088e-03
2.503959999999999953e-03
2.797000000000000007e-03
2.839159999999999861e-03
3.379440000000000048e-03
4.147650000000000121e-03
4.423479999999999600e-03
3.949669999999999744e-03
4.288870000000000182e-03
2.570189999999999975e-03
4.357940000000000251e-03
3.389029999999999907e-03
6.029579999999999662e-03
7.496319999999999893e-03
6.292070000000000302e-03
8.194820000000000229e-03
1.251790000000000021e-02
7.678270000000000060e-03
7.411039999999999815e-03
7.831480000000000039e-03
5.102960000000000135e-03
4.871969999999999773e-03
4.941140000000000115e-03
4.003610000000000328e-03
2.491839999999999940e-03
6.023829999999999549e-04
5.786209999999999748e-04
5.384310000000000224e-04
5.564409999999999669e-04
5.482300000000000281e-04
3.172979999999999833e-04
2.790749999999999936e-04
4.695500000000000021e-04
4.194889999999999947e-04
6.817709999999999613e-04
1.349079999999999897e-03
1.459709999999999914e-03
1.094989999999999896e-03
1.568530000000000054e-03
1.558520000000000088e-03
1.196049999999999934e-03
2.340159999999999983e-03
3.380209999999999812e-03
2.785090000000000048e-03
2.891379999999999818e-03
1.037960000000000098e-03
9.333100000000000207e-04
4.710730000000000212e-04
4.456919999999999740e-04
7.585200000000000492e-04
6.750620000000000362e-04
4.542419999999999921e-04
3.202079999999999944e-04
2.027549999999999925e-04
1.729179999999999866e-04
1.839629999999999868e-04
2.245070000000000106e-04
