1.045294811445449490e+01
1.044237627862717233e+01
1.043119805724756333e+01
1.041893072772850104e+01
1.041266378664581005e+01
1.041434985508236899e+01
1.041124248030688904e+01
1.040051208636410074e+01
1.038927774573260443e+01
1.038277324558670145e+01
1.038043014333608305e+01
1.037806887550132906e+01
1.037480331651608267e+01
1.037276107781838697e+01
1.037241485620005399e+01
1.036968701541081295e+01
1.036633141885013565e+01
1.036536816298866270e+01
1.036124228781577017e+01
1.035964010070432195e+01
1.035848688810023610e+01
1.035357581368194602e+01
1.035036820820989334e+01
1.034784110841445681e+01
1.034382791386845923e+01
1.033881095633344493e+01
1.033091880354508163e+01
1.031863297272719748e+01
1.030335375762680528e+01
1.028845715409367578e+01
1.027787956153381543e+01
1.027532978574675049e+01
1.027675582998358905e+01
1.027832824127629507e+01
1.027994969083079546e+01
1.028167410401331772e+01
1.028362682748069190e+01
1.028300707555375482e+01
1.027984710239040922e+01
1.027938857793007621e+01
1.028134930953912907e+01
1.028324693850010263e+01
1.028544703371517066e+01
1.028781740006696843e+01
1.029009251343338605e+01
1.029287383667596423e+01
1.029603083272491837e+01
1.029622628726116140e+01
1.029630093207136987e+01
1.030086710468930100e+01
1.029911924571685766e+01
1.028642503053900015e+01
1.026427934180618529e+01
1.023378778533124844e+01
1.019991965159056768e+01
1.016881557463037744e+01
1.013332490175185008e+01
1.008366383785423182e+01
1.002029911772903858e+01
9.948775704459068336e+00
9.907091972417878978e+00
9.856738554686632625e+00
9.783313166216990098e+00
9.785592468146656842e+00
9.788090558970473865e+00
9.790859151329840415e+00
9.794023528461606176e+00
9.797809551080247203e+00
9.802859207918352524e+00
9.787796869290779966e+00
9.750828405181721337e+00
9.717786133073241572e+00
9.684302153966459770e+00
9.656827166267630602e+00
9.642571349480169474e+00
9.638745764365882707e+00
9.636614254654826794e+00
9.633892443159806973e+00
9.637082262262081755e+00
9.634524626837732697e+00
9.629211776755973062e+00
9.625547030113944302e+00
9.612521082039593878e+00
9.591770040717744195e+00
9.570748363948892390e+00
9.551089969928955981e+00
9.536160577934763793e+00
9.530469927198595315e+00
9.527543548873785184e+00
9.516266914135375288e+00
9.499533128175583485e+00
9.474066129633284206e+00
9.452497911221497517e+00
9.437500058003147174e+00
9.421258327877760408e+00
9.402137526368628428e+00
9.385030407103792882e+00
9.369768581415268471e+00
9.355267571734771082e+00
9.339131316891027268e+00
9.317568207674572278e+00
9.284913265780993186e+00
9.241636119288678231e+00
9.195982630688357418e+00
9.154296131117074964e+00
9.120698937382432092e+00
9.075820590183628411e+00
9.022238609447544633e+00
8.967905840889356384e+00
8.893243405523136857e+00
8.796014801433848618e+00
8.700922539506009912e+00
8.635564164273137777e+00
8.600396719713891969e+00
8.580654739931610209e+00
8.568292094866864161e+00
8.564187721980793810e+00
8.560338312092206081e+00
8.555679565466201453e+00
8.552355460157535560e+00
8.549112435333361404e+00
8.545090533882108375e+00
8.540025236957111687e+00
8.533388164557793587e+00
8.526229397327162118e+00
8.517930540764801606e+00
8.507762798620094102e+00
8.498331233986833766e+00
8.492402751820366191e+00
8.488110558855817445e+00
8.484541837687686439e+00
8.481052591696947474e+00
8.478159424331680682e+00
8.476187967144397817e+00
8.473596442269972329e+00
8.469593767383212679e+00
8.464960249900430611e+00
8.457691188998150977e+00
8.446084929927154761e+00
8.431754453408897731e+00
8.409139854108431678e+00
8.380983237426265831e+00
8.356094726628063185e+00
8.320424644066003239e+00
8.207332706651639498e+00
8.121234740269434482e+00
8.041203133479109866e+00
7.967483856890949845e+00
7.901022173248079206e+00
7.853899497719114997e+00
7.829299912418473006e+00
7.815168495311151986e+00
7.801934418684920658e+00
7.787754391694686973e+00
7.777087374545114784e+00
7.768051740974043717e+00
7.754476005638062830e+00
7.747167011247976021e+00
7.739381656016983690e+00
7.730365540559484216e+00
7.719842359617982375e+00
7.709411592524436863e+00
7.689482897291005870e+00
7.663559591825921835e+00
7.639534298873452478e+00
7.616315840618526067e+00
7.569551805146344847e+00
7.533177005454016140e+00
7.492320285844336070e+00
7.448358435917173281e+00
7.401834618260862975e+00
7.355650709667997944e+00
7.326145303153272614e+00
7.306547256203108631e+00
7.293936813887293980e+00
7.288993284336477529e+00
7.283644909146157254e+00
7.278202383026779465e+00
7.274721142596942691e+00
7.273281446376201664e+00
7.272171266501920250e+00
7.270522788111410506e+00
7.268730041922368379e+00
7.264843785490562311e+00
7.258254053507148029e+00
7.250754134100623638e+00
7.243154672115560189e+00
7.235376922402236843e+00
7.225518623246004246e+00
7.191738771953710696e+00
7.181943578452008481e+00
7.173162949961738200e+00
7.162770453367566681e+00
7.150464766137104355e+00
7.133459067487208927e+00
7.106445889627274859e+00
7.072808494708948679e+00
7.033600654243387318e+00
6.980553735398070891e+00
6.925771931909658008e+00
6.600193950547168065e+00
6.497504638305361624e+00
6.404246851748734315e+00
6.330289961480791483e+00
6.258299579675020041e+00
6.190127111298123097e+00
6.145385999394223475e+00
6.123466156035957120e+00
6.117615942273047835e+00
6.109365903150036914e+00
6.005579433845819715e+00
5.991111725969951785e+00
5.978077296940324636e+00
5.969576180312545333e+00
5.960039598830161545e+00
5.950134987505242279e+00
5.929280951434730440e+00
5.899883946356872855e+00
5.864623793140873786e+00
5.835327768251809211e+00
5.804619822136849905e+00
5.766853610748454706e+00
5.743409410727370101e+00
5.733285559999276693e+00
5.721204487607407962e+00
5.706411364404558206e+00
5.695344186516021701e+00
5.691265431275543740e+00
5.688952573781653754e+00
5.686914093103591306e+00
5.683942634926151705e+00
5.664373043341623060e+00
5.622245116923463293e+00
5.577803047550368376e+00
5.538209155476398138e+00
5.514343174360656796e+00
