7.145600000000000215e-03
1.751849999999999935e-02
1.172340000000000014e-02
5.211160000000000271e-03
2.695239999999999789e-03
1.378469999999999912e-03
1.111259999999999982e-03
9.097909999999999634e-04
4.576219999999999767e-03
2.408070000000000002e-03
4.389239999999999982e-03
7.598480000000000338e-03
5.943330000000000141e-03
4.444150000000000010e-03
2.594930000000000066e-03
2.383020000000000017e-03
6.072949999999999703e-03
1.053779999999999994e-02
1.219660000000000015e-02
1.259569999999999960e-02
1.070459999999999988e-02
1.076380000000000045e-02
1.342450000000000067e-02
4.834759999999999579e-03
4.962049999999999968e-03
2.431670000000000012e-02
7.431509999999999679e-03
2.640959999999999835e-02
1.157949999999999952e-02
8.905220000000000150e-03
1.427179999999999942e-02
2.351340000000000027e-02
2.228460000000000107e+00
4.103790000000000049e+00
3.805470000000000130e+00
2.485869999999999802e+00
5.206979999999999942e-02
1.660170000000000048e-02
1.186489999999999941e-02
1.175400000000000056e-02
6.408050000000000204e-03
3.937129999999999623e-03
9.780300000000000452e-03
8.111339999999999870e-03
9.839089999999999989e-03
3.165040000000000041e-03
4.913019999999999714e-03
6.631839999999999957e-03
1.181469999999999916e-02
1.215609999999999954e-02
1.494559999999999986e-02
8.608650000000000677e-03
3.051159999999999810e-03
1.316469999999999967e-02
1.400209999999999996e-02
1.922489999999999963e-02
6.325429999999999886e+00
8.567190000000000083e+00
8.970200000000000173e+00
8.109759999999999636e+00
7.072140000000000093e+00
5.485040000000000054e-03
3.370740000000000108e-03
1.827629999999999880e-02
4.941029999999999901e-03
6.061780000000000120e-03
7.279830000000000155e-03
5.239689999999999973e-03
2.920879999999999831e-03
4.225099999999999863e-03
1.429930000000000090e-01
6.770820000000000310e-03
1.296339999999999992e-02
2.395469999999999804e-03
6.471959999999999692e-03
3.983809999999999955e-03
2.898430000000000017e-03
5.733919999999999989e-03
4.596000000000000259e-03
4.058680000000000274e-03
4.516120000000000204e-03
1.500629999999999908e+00
8.502739999999999951e-03
4.424970000000000070e+00
5.055489999999999817e+00
4.730419999999999625e+00
4.094549999999999912e+00
4.888969999999999594e+00
5.766729999999999912e+00
2.543930000000000025e+00
2.589469999999999938e+00
1.203419999999999934e+00
5.618539999999999646e-01
3.081200000000000050e-01
1.464509999999999978e-01
2.940289999999999848e-01
3.231289999999999996e-01
4.932050000000000045e-01
1.172949999999999937e+00
1.322219999999999951e+00
1.367099999999999982e+00
1.298890000000000100e+00
1.394109999999999960e+00
1.025090000000000057e+00
6.087850000000000206e-01
5.516929999999999890e-01
5.192290000000000516e-01
7.112559999999999993e-01
7.501349999999999962e-01
2.832859999999999823e-01
4.124360000000000248e-01
2.743149999999999755e-01
1.784380000000000133e-01
2.109240000000000004e-01
2.829980000000000273e-01
2.853249999999999953e-01
2.356189999999999951e-01
3.249589999999999979e-01
2.474300000000000110e-01
3.675519999999999898e-01
4.455419999999999936e-01
4.798169999999999935e-01
8.618139999999999690e-01
9.194130000000000358e-01
6.977250000000000396e-01
9.538140000000000507e-01
1.549639999999999906e+00
1.964239999999999986e+00
2.323300000000000143e+00
2.201299999999999812e+00
1.621150000000000091e+00
1.451729999999999965e+00
1.504769999999999941e+00
1.180860000000000021e+00
1.041709999999999914e+00
1.152609999999999912e+00
1.145310000000000050e+00
7.908439999999999914e-01
1.057590000000000030e+00
1.271900000000000031e+00
1.104989999999999917e+00
8.274439999999999573e-01
6.771179999999999977e-01
8.062340000000000062e-01
4.123080000000000078e-01
4.908969999999999723e-01
2.633360000000000145e-01
1.898870000000000002e-01
8.124370000000000203e-02
5.943489999999999884e-02
5.101610000000000172e-02
3.537429999999999741e-02
4.252290000000000236e-02
4.095159999999999773e-02
5.210859999999999798e-02
5.819619999999999654e-02
4.323199999999999960e-02
1.061929999999999957e-01
1.670860000000000123e-01
1.910540000000000016e-01
1.887880000000000114e-01
2.739579999999999793e-01
2.712319999999999731e-01
2.424229999999999996e-01
1.224790000000000045e-01
9.131169999999999565e-02
7.690289999999999626e-02
2.486340000000000078e-02
6.062460000000000418e-03
2.725650000000000035e-03
2.371330000000000052e-03
2.657720000000000134e-03
3.440059999999999993e-03
1.739089999999999994e-03
1.795079999999999896e-03
2.649579999999999904e-03
3.734640000000000008e-03
3.827779999999999811e-03
3.890049999999999931e-03
5.545890000000000368e-03
1.186060000000000066e-02
1.073960000000000019e-02
1.296989999999999948e-02
1.364719999999999996e-02
1.081529999999999991e-02
8.686700000000000324e-03
5.992589999999999896e-03
4.621700000000000287e-03
3.007259999999999881e-03
4.937010000000000357e-03
4.509439999999999976e-03
3.255520000000000028e-03
2.083620000000000003e-03
2.290330000000000144e-03
1.433199999999999925e-03
2.293079999999999858e-03
1.875879999999999909e-03
2.916440000000000178e-03
4.466809999999999878e-03
7.081719999999999682e-03
6.744670000000000352e-03
6.427050000000000124e-03
6.844770000000000021e-03
5.112320000000000059e-03
4.689340000000000175e-03
6.126030000000000190e-03
3.668320000000000088e-03
2.326729999999999944e-03
2.500220000000000047e-03
3.655439999999999818e-03
6.115739999999999718e-03
5.746799999999999825e-03
5.696149999999999651e-03
3.750519999999999809e-03
8.253780000000000491e-03
6.087770000000000160e-03
3.433620000000000075e-03
2.115730000000000128e-03
1.595300000000000017e-03
1.311620000000000104e-03
1.963729999999999903e-03
2.077949999999999849e-03
2.005859999999999935e-03
8.614999999999999611e-04
