9.710419999999999607e-01
3.933940000000000214e+00
5.595739999999999742e-02
1.275860000000000050e-01
1.184400000000000036e-01
1.904240000000000099e-01
1.523390000000000022e+00
2.209630000000000205e+00
1.214699999999999891e+00
9.904069999999999541e-02
1.088429999999999953e-01
1.760700000000000043e-01
2.678699999999999970e-01
1.993379999999999930e+00
2.358729999999999993e+00
2.492929999999999868e+00
2.041139999999999954e+00
3.203930000000000167e+00
2.189000000000000057e+00
1.994169999999999998e+00
7.297779999999999545e-02
8.560120000000000229e-02
4.246450000000000224e-02
2.085959999999999898e-02
1.739459999999999965e-02
3.213150000000000034e-02
3.812979999999999842e-02
2.949619999999999909e+00
1.888300000000000090e+00
2.443589999999999929e-01
6.122749999999999720e-02
2.572449999999999903e+00
1.731929999999999970e+00
3.440170000000000172e+00
3.753390000000000004e+00
7.698660000000000281e+00
9.208840000000000359e+00
9.581659999999999400e+00
9.628319999999999934e-02
3.506879999999999720e-02
3.330009999999999915e-02
8.158730000000000149e-02
3.060299999999999798e+00
5.019350000000000200e+00
3.199120000000000186e+00
9.152969999999999828e+00
1.710229999999999961e+01
1.701470000000000127e+01
1.749620000000000175e+01
2.394119999999999848e+01
2.098310000000000031e+01
1.864560000000000173e+01
2.015240000000000009e+01
2.869930000000000092e+01
4.298579999999999757e+01
5.640400000000000347e+01
4.996260000000000190e+01
3.683840000000000003e+01
2.011659999999999826e+01
1.449929999999999986e+01
9.751250000000000639e+00
3.117840000000000167e+00
5.418490000000000251e+00
1.597780000000000034e-02
2.745669999999999968e-03
6.068210000000000097e-03
2.846710000000000126e-03
2.476019999999999784e-03
2.848600000000000177e-03
4.406829999999999602e-03
6.607339999999999741e-03
2.806579999999999853e+00
1.678349999999999981e-02
3.450779999999999959e+00
2.673970000000000180e+00
4.131610000000000227e+00
4.165140000000000065e+00
2.604620000000000157e+00
8.441720000000000113e+00
9.985979999999999634e+00
7.031959999999999766e+00
3.168680000000000163e+00
1.246960000000000068e+00
7.589289999999999647e-01
4.933580000000000187e-01
2.502229999999999732e-01
2.929499999999999882e-01
1.915250000000000008e-01
2.694259999999999988e-01
4.075500000000000234e-01
6.899849999999999595e-01
4.311159999999999992e-01
4.169329999999999981e-01
4.048610000000000264e-01
8.456930000000000280e-01
5.525320000000000231e-01
5.288110000000000310e-01
4.435259999999999758e-01
6.401559999999999473e-01
4.074340000000000184e-01
5.736909999999999510e-01
9.548980000000000246e-01
1.253330000000000055e+00
7.018029999999999546e-01
5.165760000000000352e-01
5.501740000000000519e-01
5.311839999999999895e-01
1.008699999999999930e+00
3.741979999999999751e-01
2.596379999999999799e-01
2.055049999999999932e-01
8.470969999999999889e-02
3.120260000000000047e-02
3.806509999999999755e-02
8.123080000000000578e-02
5.581969999999999987e-02
6.365310000000000412e-02
5.628539999999999932e-02
6.765169999999999517e-02
1.139909999999999951e-01
1.956239999999999923e-01
2.172090000000000132e-01
1.443149999999999988e-01
1.003750000000000059e-01
1.034079999999999999e-01
5.682260000000000089e-02
7.332239999999999591e-02
4.057550000000000046e-02
4.241860000000000075e-02
2.895150000000000154e-02
1.725619999999999932e-02
1.551149999999999925e-02
1.309880000000000072e-02
3.710220000000000184e-02
8.663060000000000205e-02
7.598509999999999986e-02
6.746330000000000382e-02
5.152430000000000204e-02
3.013460000000000097e-02
3.041309999999999847e-02
3.444149999999999989e-02
4.183819999999999900e-02
4.672559999999999908e-02
2.790449999999999875e-02
1.822210000000000149e-02
1.245019999999999981e-02
8.800270000000000661e-03
6.713189999999999956e-03
8.334060000000000773e-03
5.274939999999999664e-03
6.502329999999999742e-03
8.675010000000000360e-03
7.687420000000000364e-03
7.656810000000000005e-03
1.302790000000000024e-02
1.445160000000000021e-02
1.521519999999999991e-02
2.254019999999999982e-02
1.951659999999999853e-02
2.624179999999999915e-02
3.993639999999999690e-02
4.741460000000000119e-02
2.897639999999999938e-02
3.331699999999999939e-02
2.402939999999999937e-02
1.995040000000000008e-02
1.719769999999999979e-02
1.665909999999999960e-02
1.220219999999999985e-02
1.440269999999999918e-02
9.218999999999999764e-03
1.005020000000000045e-02
1.366400000000000080e-02
1.392149999999999985e-02
1.329269999999999931e-02
1.442369999999999937e-02
1.515939999999999996e-02
1.723449999999999982e-02
1.332129999999999946e-02
1.348959999999999916e-02
1.051400000000000078e-02
7.692949999999999615e-03
1.055560000000000005e-02
1.119050000000000079e-02
1.711050000000000071e-02
2.145149999999999835e-02
3.197149999999999992e-02
1.753889999999999963e-02
1.326669999999999933e-02
1.474460000000000007e-02
1.987919999999999965e-02
2.105539999999999842e-02
6.459839999999999680e-03
5.221019999999999828e-03
5.883529999999999663e-03
3.994170000000000012e-03
2.676959999999999930e-03
1.309679999999999915e-03
9.534640000000000042e-04
8.371490000000000311e-04
5.341350000000000351e-04
4.185519999999999866e-04
2.838979999999999846e-04
2.453779999999999807e-04
3.132650000000000170e-04
2.809029999999999904e-04
3.640389999999999750e-04
2.124980000000000109e-04
2.372329999999999968e-04
2.786190000000000238e-04
3.886580000000000048e-04
2.560899999999999960e-04
2.406710000000000002e-04
2.362900000000000026e-04
2.225650000000000078e-04
1.558189999999999933e-04
1.782949999999999997e-04
4.331840000000000186e-05
4.687089999999999876e-05
3.391949999999999940e-05
5.861069999999999773e-05
1.149640000000000059e-04
1.681719999999999884e-04
5.214599999999999845e-05
5.360739999999999771e-05
1.558780000000000007e-05
2.231949999999999866e-05
1.835410000000000101e-05
1.212269999999999999e-05
1.061410000000000058e-05
2.080100000000000210e-06
1.514690000000000019e-06
3.359760000000000169e-06
