1.043440761032644559e+01
1.042648848877223067e+01
1.041835101684870857e+01
1.041036551263370846e+01
1.040264476830906126e+01
1.039483327199439522e+01
1.038459890125982099e+01
1.036993537327101755e+01
1.034655246933214379e+01
1.031528794629980972e+01
1.028608579149041446e+01
1.026627639425509741e+01
1.025792324647180287e+01
1.025358513386848180e+01
1.025226305747647082e+01
1.025156522364462752e+01
1.025066148096969343e+01
1.025174282780817769e+01
1.025291853414604404e+01
1.025413944994229709e+01
1.025539794983471076e+01
1.025662635657121946e+01
1.025785849387275306e+01
1.025920192927244656e+01
1.026062464158952281e+01
1.026214483976534808e+01
1.026374255826530657e+01
1.026541928183880437e+01
1.026745334160767520e+01
1.026824791372553847e+01
1.026457228281708467e+01
1.025685719800438633e+01
1.025032239707600645e+01
1.024904418607255607e+01
1.025110993342672394e+01
1.025256906970655635e+01
1.024915186704281744e+01
1.024164607800138960e+01
1.023647175970172185e+01
1.023391452225467546e+01
1.023414762160414604e+01
1.023462609658575495e+01
1.023086258140724425e+01
1.022553929347746937e+01
1.022110373021019392e+01
1.021517473909753626e+01
1.020200034721228555e+01
1.018302201154084408e+01
1.016781338789394340e+01
1.015965741124770361e+01
1.015536033298026553e+01
1.013203543832749887e+01
1.013460099144168147e+01
1.013733195292373246e+01
1.014027857941054656e+01
1.014351754089275026e+01
1.014727739382745852e+01
1.015177422700742405e+01
1.015026508697870433e+01
1.013376238478734592e+01
1.011052237260132358e+01
1.008729860010344659e+01
1.006283383958702515e+01
1.003787649661879300e+01
1.001217051391129331e+01
9.987655541473344556e+00
9.936831807006566208e+00
9.868239338967924823e+00
9.815288786618198813e+00
9.767405977365420711e+00
9.712564686053376306e+00
9.641301548280905465e+00
9.574620350404092761e+00
9.505097045454261817e+00
9.431204493647577181e+00
9.374205597021813219e+00
9.316995077597841401e+00
9.266694916591765363e+00
9.247963451686343817e+00
9.232546344693723483e+00
9.216028596005079621e+00
9.187844910621043582e+00
9.156067344265068186e+00
9.132963726130727267e+00
9.106170491405078948e+00
9.066869850650450147e+00
9.015904377895553878e+00
8.948928140261315889e+00
8.860906111338421098e+00
8.759326317209374935e+00
8.658098246868760839e+00
8.576049802755393969e+00
8.514772146567898048e+00
8.474261440011570556e+00
8.446231064900750596e+00
8.429385638861081276e+00
8.418432222970622547e+00
8.409122924265766130e+00
8.401858720959866744e+00
8.396990472251948390e+00
8.392167389070756656e+00
8.388236231234031948e+00
8.382085515144858334e+00
8.370616700974746749e+00
8.355568363531158838e+00
8.339699822486732472e+00
8.318635057939582467e+00
8.295113877920647028e+00
8.269027009815561158e+00
8.233008808875565521e+00
8.192701233340242695e+00
8.152266934972445256e+00
8.116069522956317783e+00
8.076655004850605835e+00
8.035265595890658474e+00
7.979449122066774258e+00
7.816261853900723366e+00
7.724812260645582462e+00
7.646234092770207269e+00
7.588323258740386379e+00
7.540062808717419962e+00
7.505179835039223590e+00
7.479503329652422927e+00
7.460718978789478761e+00
7.443604029002449884e+00
7.425521178426102153e+00
7.410620353058021692e+00
7.400651944363938028e+00
7.393866390009778300e+00
7.388330371815952979e+00
7.381921523326346879e+00
7.374860112063596596e+00
7.369046932262938832e+00
7.363126652640165304e+00
7.356008638127820909e+00
7.349656276914342534e+00
7.343113054845937349e+00
7.336069293767502053e+00
7.329385674192391065e+00
7.320102646674012448e+00
7.309349062393816432e+00
7.301082107875139116e+00
7.291186746083909043e+00
7.274841094332230362e+00
7.252942792070996347e+00
7.226857570288723664e+00
7.170704587257286100e+00
7.136910727481375893e+00
7.104947792637592130e+00
7.079094378464196424e+00
7.057719341651423228e+00
7.038477095374330084e+00
7.020576718832643337e+00
7.009000219624034855e+00
7.000520840936185429e+00
6.994130986567520303e+00
6.987170027952116058e+00
6.978558476325979143e+00
6.969034572357113433e+00
6.959692822482312913e+00
6.952219784634831257e+00
6.940757471418696589e+00
6.926452035552094877e+00
6.915881355368583172e+00
6.905644795140426062e+00
6.895200921959699691e+00
6.886085570742531026e+00
6.877815205242327146e+00
6.870374053823773863e+00
6.863088396806348079e+00
6.855445858503346201e+00
6.849671194740992952e+00
6.843761460501150751e+00
6.837012363648909741e+00
6.828786815692599710e+00
6.814788794293674457e+00
6.791598027073628252e+00
6.766251444002990389e+00
6.729805225709550420e+00
6.714375031327687537e+00
6.690072864728813684e+00
6.663634975450300146e+00
6.635825418220755445e+00
6.606840141873424166e+00
6.586159550294043541e+00
6.569079988304418194e+00
6.555993559276824811e+00
6.544701651872830261e+00
6.534556586306527137e+00
6.525631680181540162e+00
6.518012237483000071e+00
6.511256187995873468e+00
6.505177120876829200e+00
6.500957869336541961e+00
6.495419442581866321e+00
6.489529595176960264e+00
6.484004988598393915e+00
6.478053985529044212e+00
6.472591181254273351e+00
6.467713152190825099e+00
6.460984993457809189e+00
6.454265414316276761e+00
6.447522375623576885e+00
6.436917631004729579e+00
6.423203261821728738e+00
6.411025089971823299e+00
6.402940242970836415e+00
6.395874813123638702e+00
6.388486635650553858e+00
6.381293817952352398e+00
6.374625553419246415e+00
6.370424260169063935e+00
6.368165972391798491e+00
6.365837900216013701e+00
6.363794307695022745e+00
6.361935492421146421e+00
6.357372567060327384e+00
6.350705337724840582e+00
6.344510165686532588e+00
6.338075821101951668e+00
6.330724162665904764e+00
