9.970089999999999161e-03
8.054220000000000823e-03
1.357290000000000059e-02
4.354559999999999681e-02
9.800700000000000731e-03
6.397179999999999533e-02
2.413039999999999977e-02
6.174810000000000021e-02
3.590310000000000029e-02
3.563600000000000101e-02
9.727489999999999748e-02
1.232940000000000008e-01
8.242840000000000167e-01
1.547950000000000020e-02
1.170739999999999975e-02
6.187319999999999626e-03
2.833009999999999955e-03
4.159399999999999729e-03
2.199689999999999805e-03
3.688910000000000106e-03
9.421779999999999392e-03
2.997350000000000014e-02
1.366419999999999961e-02
4.887520000000000232e-03
6.209659999999999659e-03
8.095530000000000087e-03
4.212259999999999789e-03
3.446700000000000024e-03
7.495579999999999951e-03
3.627190000000000188e-03
9.177519999999999775e-03
1.435870000000000028e-02
1.471540000000000001e-02
1.388830000000000009e+00
1.219910000000000022e-01
1.133450000000000013e-01
2.578219999999999956e+00
2.527940000000000076e+00
2.762350000000000083e+00
2.915989999999999860e+00
6.720070000000000210e-02
3.279420000000000002e+00
1.925469999999999959e-02
4.593779999999999752e+00
6.967240000000000322e+00
1.848829999999999973e+00
6.572930000000000439e-02
3.395270000000000232e-02
8.134249999999999536e-01
6.499240000000000572e-02
4.186600000000000321e+00
1.207249999999999979e+01
1.184290000000000020e+01
8.949749999999999872e+00
1.378309999999999924e+01
1.742719999999999914e+01
1.688350000000000151e+01
1.000919999999999987e+01
9.587619999999999365e+00
9.935829999999999274e+00
5.845609999999999751e+00
4.187929999999999708e+00
4.544010000000000105e+00
3.109230000000000160e+00
3.170859999999999790e+00
3.610189999999999788e+00
2.102790000000000159e+00
1.708129999999999926e+00
2.239300000000000068e+00
1.656609999999999916e+00
1.825090000000000101e+00
7.930110000000000214e-01
5.864359999999999573e-01
3.361259999999999803e-01
3.284659999999999802e-01
3.000990000000000046e-01
5.217239999999999656e-01
4.356920000000000237e-01
4.494730000000000114e-01
5.575769999999999893e-01
4.781599999999999739e-01
6.494349999999999845e-01
1.034559999999999924e+00
8.401680000000000259e-01
1.767570000000000086e+00
1.009849999999999914e+00
8.873839999999999506e-01
7.543819999999999970e-01
9.958970000000000322e-01
1.206020000000000092e+00
1.385950000000000015e+00
2.037900000000000045e+00
1.619869999999999921e+00
1.774000000000000021e+00
1.038620000000000099e+00
1.628109999999999946e+00
9.969780000000000308e-01
1.052159999999999984e+00
7.958720000000000239e-01
4.364129999999999954e-01
4.091219999999999857e-01
4.711949999999999750e-01
4.761569999999999969e-01
5.210190000000000099e-01
5.496400000000000174e-01
5.200690000000000035e-01
7.503900000000000015e-01
7.725260000000000460e-01
6.558730000000000393e-01
6.581439999999999513e-01
3.207420000000000271e-01
2.883549999999999724e-01
1.747950000000000059e-01
1.511679999999999968e-01
1.022279999999999994e-01
8.475130000000000163e-02
1.320979999999999932e-01
1.475899999999999990e-01
2.663570000000000104e-01
3.737329999999999819e-01
4.329589999999999828e-01
4.175099999999999922e-01
4.057100000000000151e-01
3.922280000000000211e-01
3.424220000000000041e-01
2.122970000000000135e-01
3.014850000000000030e-01
2.012599999999999945e-01
2.766939999999999955e-01
2.112209999999999921e-01
2.146270000000000122e-01
1.655820000000000070e-01
1.656410000000000105e-01
1.938920000000000088e-01
1.767859999999999987e-01
1.642609999999999904e-01
1.255890000000000062e-01
9.747419999999999696e-02
1.485289999999999944e-01
1.881249999999999867e-01
9.943760000000000099e-02
1.052540000000000003e-01
8.086770000000000069e-02
6.569440000000000002e-02
5.441449999999999759e-02
5.802809999999999913e-02
7.739949999999999608e-02
8.442979999999999929e-02
5.748280000000000056e-02
4.198020000000000224e-02
4.577269999999999950e-02
3.388599999999999945e-02
1.784329999999999944e-02
1.605240000000000139e-02
1.042129999999999966e-02
7.729540000000000022e-03
7.470380000000000423e-03
5.998520000000000241e-03
7.797160000000000028e-03
5.356940000000000139e-03
8.760640000000000094e-03
8.831580000000000333e-03
1.363250000000000052e-02
2.038370000000000112e-02
1.767610000000000015e-02
1.250519999999999930e-02
1.429210000000000029e-02
1.635669999999999832e-02
1.331279999999999963e-02
1.216129999999999989e-02
1.516529999999999961e-02
1.883989999999999970e-02
1.796239999999999989e-02
2.445270000000000082e-02
2.066420000000000062e-02
1.165339999999999952e-02
1.118829999999999998e-02
1.809449999999999947e-02
1.610939999999999941e-02
2.573800000000000046e-02
1.053040000000000052e-02
8.222099999999999548e-03
9.017090000000000174e-03
1.324709999999999950e-02
8.587620000000000670e-03
1.061819999999999951e-02
1.037420000000000009e-02
4.715310000000000334e-03
3.061050000000000056e-03
3.385749999999999871e-03
3.698470000000000143e-03
4.227950000000000284e-03
3.845129999999999989e-03
4.400079999999999790e-03
3.730269999999999940e-03
3.416259999999999956e-03
1.956949999999999835e-03
1.809269999999999975e-03
2.720579999999999787e-03
1.698059999999999934e-03
1.702509999999999961e-03
2.083440000000000205e-03
2.760639999999999969e-03
3.341740000000000162e-03
3.226810000000000095e-03
4.543089999999999629e-03
5.594299999999999967e-03
1.225910000000000021e-02
1.012120000000000034e-02
1.244229999999999989e-02
1.202250000000000020e-02
1.285940000000000000e-02
9.400999999999999635e-03
5.660929999999999782e-03
3.865930000000000061e-03
2.095839999999999856e-03
1.163710000000000092e-03
2.731400000000000039e-04
2.285950000000000026e-04
2.836550000000000074e-04
4.547679999999999800e-04
2.661510000000000069e-04
2.337639999999999933e-04
2.255260000000000088e-04
1.711340000000000051e-04
7.648229999999999786e-05
5.410509999999999804e-05
4.037680000000000278e-05
3.796419999999999813e-05
7.871929999999999694e-05
