1.055339143773128896e+01
1.055448794858098083e+01
1.055560223985133383e+01
1.041694490596267819e+01
1.041130144341840946e+01
1.041252606467267050e+01
1.041371876506107874e+01
1.041495664401566579e+01
1.041490485767140939e+01
1.041446191575562885e+01
1.041543746091604916e+01
1.041571435678923230e+01
1.041711281606310102e+01
1.041864593793702909e+01
1.042030568515081868e+01
1.042207580116758336e+01
1.042394509846282702e+01
1.042586829005926319e+01
1.042802620683434789e+01
1.043034922627951566e+01
1.043201792995459876e+01
1.043132354984515686e+01
1.042663648928241571e+01
1.041948982928728462e+01
1.041229082861359423e+01
1.040360089751828099e+01
1.039376993410085070e+01
1.038331078888859693e+01
1.037247749119608820e+01
1.036263701386483760e+01
1.035546876129437166e+01
1.034960579606857856e+01
1.034069985682380022e+01
1.032648537998557536e+01
1.031081646886453385e+01
1.029659718933738510e+01
1.028213702715577860e+01
1.026850308706812065e+01
1.025296704864107511e+01
1.023909667758720587e+01
1.022932853047132618e+01
1.022783787586196880e+01
1.022771963614386870e+01
1.022386440276359920e+01
1.021911278030616899e+01
1.021238472402841424e+01
1.019979904316754649e+01
1.018523608614141196e+01
1.017408598677748799e+01
1.014605047616702116e+01
1.009403416866726033e+01
1.002955421496830368e+01
9.950531821163481894e+00
9.829172499549754249e+00
9.657368547077835430e+00
9.487374556125985237e+00
9.410620353058021692e+00
9.380459080747694856e+00
9.312606782367058855e+00
9.261048643344224729e+00
9.225769183474358925e+00
9.208059568521834493e+00
9.203818586300151594e+00
9.196347546885995428e+00
9.186153645934298950e+00
9.172608768462055195e+00
9.153043115860187484e+00
9.129164426066688875e+00
9.096169343981511446e+00
9.049357594895029777e+00
9.000000000000000000e+00
8.954011306733999476e+00
8.910702826910078755e+00
8.871727012704804238e+00
8.840480606060875601e+00
8.814333513594874603e+00
8.792041310712082947e+00
8.772721337820664544e+00
8.749822856736015453e+00
8.727614446560270522e+00
8.710456710252952206e+00
8.696562564127612305e+00
8.681181517778508550e+00
8.670201307765925236e+00
8.669128986638918732e+00
8.670842134465715390e+00
8.672452540895699613e+00
8.672885341835037565e+00
8.639880761197035852e+00
8.600984868552538742e+00
8.592033449897126474e+00
8.581082250707588344e+00
8.575621922406979181e+00
8.570454203987534214e+00
8.563214018983266840e+00
8.553015999012773207e+00
8.531984448039652946e+00
8.501624709793270895e+00
8.473044421205557342e+00
8.445322365243759677e+00
8.419322835870843846e+00
8.393004542828180092e+00
8.357130276438308414e+00
8.321598430465343199e+00
8.290488712716578945e+00
8.260979592627503365e+00
8.210123137021636097e+00
8.180392565963023443e+00
8.149668574990606373e+00
8.124429227570189482e+00
8.100659978305152720e+00
8.078543813242426097e+00
8.054164741636247626e+00
8.032195540597733441e+00
8.017671783786227024e+00
8.004673826247193702e+00
7.992005333596849503e+00
7.981175520358861242e+00
7.969080742566936770e+00
7.954438380329158953e+00
7.933129277624104247e+00
7.800557624457105099e+00
7.746390520959073989e+00
7.697159570973576059e+00
7.655130748115359651e+00
7.618289769277700074e+00
7.579012611407089928e+00
7.537104754370822945e+00
7.498360184608682033e+00
7.472332183565352892e+00
7.453889886809115239e+00
7.427388722733250681e+00
7.405547834272492302e+00
7.375961574885145033e+00
7.333900477661203787e+00
7.274550384909530543e+00
7.190090667907687028e+00
7.079362164393046442e+00
6.989615761206907862e+00
6.946579488764364818e+00
6.905041549381604860e+00
6.863315720974403789e+00
6.824885672505039302e+00
6.801521701335038195e+00
6.786869205002522776e+00
6.773494623898524303e+00
6.762486501597674504e+00
6.751652405953136871e+00
6.735927689412167574e+00
6.716705997896504243e+00
6.698932653404462201e+00
6.688361971548806295e+00
6.677049128392223309e+00
6.665734795950505998e+00
6.660783921601077573e+00
6.657677195423303829e+00
6.656714213824940884e+00
6.656242942718021638e+00
6.655646415886880440e+00
6.655181669941717004e+00
6.655062522725796015e+00
6.653742994025735769e+00
6.650238535755355507e+00
6.645683553477783612e+00
6.636590189241175608e+00
6.620391141072266450e+00
6.599781579344007554e+00
6.564711029745230242e+00
6.532433315448712641e+00
6.503760730680749447e+00
6.478670367565454669e+00
6.451863159220613042e+00
6.428008376491058939e+00
6.407157971784484651e+00
6.330251389917909144e+00
6.307789034346817481e+00
6.265296699003262582e+00
6.208000388242135514e+00
6.156352250766400580e+00
6.079492378950344111e+00
5.970714987020658171e+00
5.862688207696018949e+00
5.773647507015920333e+00
5.700726209902242658e+00
5.610116955411927897e+00
5.502453067621716265e+00
5.399858819518974506e+00
5.296316298528050304e+00
5.196347546885995428e+00
5.111104498533445728e+00
5.060021324909154572e+00
5.027215016800403724e+00
4.988951606265231931e+00
4.930157619622267617e+00
4.845810318967546770e+00
4.745900415584108245e+00
4.615350248174499015e+00
4.465057008380560966e+00
4.329865485758007893e+00
4.160540557402894635e+00
3.938265979055258548e+00
3.600519861220523588e+00
3.012022686233906565e+00
2.401204029777937343e+00
1.824457776272250253e+00
