1.022655093155504602e+01
1.021506094101992801e+01
1.020288592040853892e+01
1.019025043547144627e+01
1.017694453275903577e+01
1.016241802401830086e+01
1.013177900936918618e+01
1.009391523946030667e+01
1.004229980741362560e+01
9.985087259601126419e+00
9.941858133510674378e+00
9.928306730801898183e+00
9.929080555170511246e+00
9.930056104550816443e+00
9.931077823913648572e+00
9.932129135038778145e+00
9.933233115781890277e+00
9.934303985181889729e+00
9.935426142921947701e+00
9.936625317699569138e+00
9.937787111253934214e+00
9.938938307357194191e+00
9.940214565267094571e+00
9.941601859827901677e+00
9.943249104823294715e+00
9.940574752186952523e+00
9.937109985257714939e+00
9.938853823263425369e+00
9.937124040079073239e+00
9.929561963868046348e+00
9.924977215252544838e+00
9.926110829759204890e+00
9.927450438326843596e+00
9.928922013029554350e+00
9.930439594766699685e+00
9.931991003406356100e+00
9.933601161331480967e+00
9.935309722717647674e+00
9.937114502928469761e+00
9.939011280386054636e+00
9.941007776500184079e+00
9.943114465652476142e+00
9.945376989562294767e+00
9.947842335016792603e+00
9.950553234998860574e+00
9.953597344434045979e+00
9.956698004383421008e+00
9.961161863941876859e+00
9.952981225695141987e+00
9.932094606249279423e+00
9.913386232603482284e+00
9.890459583780037534e+00
9.866119497631293811e+00
9.845125337666630116e+00
9.837071775091148496e+00
9.819627496289239588e+00
9.778719803833681112e+00
9.750947866656575869e+00
9.726054468830426458e+00
9.702389173096582553e+00
9.688884126424211374e+00
9.671864939723466392e+00
9.655369932769596986e+00
9.643518802656908306e+00
9.636010210710384882e+00
9.636300296792308373e+00
9.639548242350185703e+00
9.640088704941549125e+00
9.637188420776885422e+00
9.631657819375844198e+00
9.622922412518221336e+00
9.616283268466698786e+00
9.608555983888015462e+00
9.592336672721179625e+00
9.565225434898358969e+00
9.533337292234259408e+00
9.499956371640100983e+00
9.463530179203678117e+00
9.422995057917926687e+00
9.368197598914685287e+00
9.302060222148236690e+00
9.234631156995462220e+00
9.173393164814797274e+00
9.122573000069483129e+00
9.088596728262746893e+00
9.054291235733785470e+00
9.020485585796551575e+00
8.989852776978437987e+00
8.951010460344795305e+00
8.914564215458248952e+00
8.875186901087086966e+00
8.860603294433344601e+00
8.854846295962810032e+00
8.848933862921315452e+00
8.844551726339274111e+00
8.840615401365884196e+00
8.836832183519454986e+00
8.833087161106542240e+00
8.827559235338437560e+00
8.820905221316406752e+00
8.814793451132729274e+00
8.808984314266652405e+00
8.800759681031141923e+00
8.746299398545909654e+00
8.699345940600428762e+00
8.661030440643628481e+00
8.602008958728115218e+00
8.520212259626330109e+00
8.446297897489728257e+00
8.377288033635704068e+00
8.304882422310527090e+00
8.237978317775398907e+00
8.162199852412262757e+00
8.094701666282324126e+00
8.056550413876816918e+00
8.024465142900282899e+00
7.986018005000030229e+00
7.944619848058716016e+00
7.903783218855143566e+00
7.863642811319030201e+00
7.821763028664737938e+00
7.784987248045532660e+00
7.753406854314891739e+00
7.720186601058331100e+00
7.680650013677633225e+00
7.638343469282331100e+00
7.609000716802528430e+00
7.585751665741610417e+00
7.568117204484560823e+00
7.552449188882921050e+00
7.537021527205046922e+00
7.522553771452504812e+00
7.509631226890235212e+00
7.500781060260844235e+00
7.489983777395691433e+00
7.477584255277271552e+00
7.468906825674245908e+00
7.459925980251437494e+00
7.449651156942890040e+00
7.438975635990354718e+00
7.427966229133044607e+00
7.418766830834244708e+00
7.412270659592825162e+00
7.406926615702557726e+00
7.403340187722101895e+00
7.401200581422680891e+00
7.399971223746431015e+00
7.399377746719596693e+00
7.397199339645492699e+00
7.394428914792968932e+00
7.360847025031075574e+00
7.349537831816617128e+00
7.345073640196615905e+00
7.320368571366159038e+00
7.304705898212765725e+00
7.271014033325948311e+00
7.214067249945704141e+00
7.145892211801502469e+00
7.078471318461698303e+00
7.001573634547444414e+00
6.903783218855143566e+00
6.805066346384382570e+00
6.728809754718279912e+00
6.677177920691876878e+00
6.639224439012130219e+00
6.599698621433929269e+00
6.558914871390674861e+00
6.495336159313540136e+00
6.414929916351010064e+00
6.331220729747340847e+00
6.250058753323204819e+00
6.161215223513162087e+00
6.096569392593587544e+00
6.020634702627603474e+00
5.950464165973557762e+00
5.875875236571407534e+00
5.762484250366003202e+00
5.615638678156575025e+00
5.526424576857151827e+00
5.480307393795644799e+00
5.448542462609476722e+00
5.420023446915523735e+00
5.396218532371971577e+00
5.375209882154346808e+00
5.358905210313047007e+00
5.349848438752554891e+00
5.340572995903571929e+00
5.329591082168199101e+00
5.314356053504083022e+00
5.285820506204156111e+00
5.249589657772943063e+00
5.221961651505041324e+00
5.193450197131604718e+00
5.156727799202641904e+00
5.126183376566130434e+00
5.097517600070946564e+00
5.066214075471243916e+00
5.038477095374330084e+00
5.013010064809743760e+00
4.991252664336641054e+00
4.972396792278424904e+00
4.956932097733595555e+00
4.942722685704352692e+00
4.918898058316107047e+00
4.882892649963241460e+00
4.842905532020703063e+00
4.791330575610087905e+00
4.718974753983150805e+00
4.637257510020199369e+00
4.442906015053999624e+00
4.261945305024570807e+00
4.099283449476348373e+00
3.976825287319350810e+00
3.906614602968575767e+00
3.859045782115920975e+00
3.808859566121188589e+00
3.757833140252103910e+00
3.724316019498818964e+00
3.696403573095642159e+00
3.660061574107569715e+00
3.626426601688892415e+00
3.597900221023599965e+00
3.574048639159568719e+00
3.561233799414961876e+00
3.552799579447719847e+00
3.541054778882700926e+00
3.525237927906591739e+00
3.504035670392464663e+00
3.475649400429315694e+00
3.452713883257389149e+00
3.439019889180100265e+00
3.429435727049206850e+00
3.424702004023985058e+00
3.418780077325105360e+00
3.409895944780431787e+00
3.400945327123121587e+00
