1.053714888351820278e+01
1.053240145096129510e+01
1.053298101901763317e+01
1.053346191884372374e+01
1.053375935209931491e+01
1.053409467345599460e+01
1.053456926928874360e+01
1.053516621857917457e+01
1.053593685585087592e+01
1.053670612808103613e+01
1.053757103580052323e+01
1.053851969496258256e+01
1.053948885889758635e+01
1.054046837674719583e+01
1.054147564986231878e+01
1.054252417847808942e+01
1.054361862731895805e+01
1.054474873255159828e+01
1.054590803136485100e+01
1.054708149580220677e+01
1.054829235137662380e+01
1.054958193563825652e+01
1.055093854696744238e+01
1.055237372058668477e+01
1.055331005947783396e+01
1.055310958530544596e+01
1.055175974927811033e+01
1.054926940052718543e+01
1.054822721847958178e+01
1.054958438600531956e+01
1.055106799245190885e+01
1.055264023545430874e+01
1.055428680553690768e+01
1.055606115900953235e+01
1.055802059292057749e+01
1.055801698807408684e+01
1.055618667346111827e+01
1.055488269352426300e+01
1.055516097884842708e+01
1.055752163804739396e+01
1.055774052738749802e+01
1.055202298612985956e+01
1.054391415275713761e+01
1.054144569034012235e+01
1.054383346198710747e+01
1.054676838858645560e+01
1.055014270907940066e+01
1.055057320495991924e+01
1.054464341344584000e+01
1.053299120230941099e+01
1.051684198198544351e+01
1.050100582837934304e+01
1.048634545366763682e+01
1.047124769249560572e+01
1.045861518959199365e+01
1.044530523106875819e+01
1.043362424489162699e+01
1.041985996195796282e+01
1.039581895486336194e+01
1.036275759156085918e+01
1.032144929087531260e+01
1.027919224536204368e+01
1.023049234865513668e+01
1.018042123264390852e+01
1.013703745478951213e+01
1.010152712231750449e+01
1.008526559754965035e+01
1.007386125919189901e+01
1.006169368680342124e+01
1.004991156424884480e+01
1.003755397852623155e+01
1.002574812871639764e+01
1.001099918436155534e+01
9.987994542516174690e+00
9.949749980258093984e+00
9.905063706615386820e+00
9.867669561609840656e+00
9.836279164534726505e+00
9.802189257400144129e+00
9.768262092530745733e+00
9.740508745802790358e+00
9.717142705977218853e+00
9.696032076016464885e+00
9.672525473613029945e+00
9.649622994423516786e+00
9.632230468477468222e+00
9.624099468075606012e+00
9.616652976459002744e+00
9.612472324089367248e+00
9.613574400133384046e+00
9.613899935254226037e+00
9.609094736588000174e+00
9.604293028660809028e+00
9.600056536980925870e+00
9.590847405480634080e+00
9.572133603866680218e+00
9.545938920151154861e+00
9.522555075309279360e+00
9.505761631182386040e+00
9.491896527253210536e+00
9.474919601071965403e+00
9.455923921127489251e+00
9.432778544034500001e+00
9.408704547544752828e+00
9.392721568443642255e+00
9.381125915364268764e+00
9.365594673446800300e+00
9.342562816884262489e+00
9.316117183498905163e+00
9.279436506123998285e+00
9.222950459021010516e+00
9.169227568504981107e+00
9.132121948938854317e+00
9.072705649214690027e+00
9.044543680000010966e+00
9.013629194996594762e+00
8.980686336497557321e+00
8.950104296916585156e+00
8.926341417490592178e+00
8.909869335618839870e+00
8.897867261184501331e+00
8.885272995004218188e+00
8.869160113927103239e+00
8.852553183168570428e+00
8.841595952620686205e+00
8.833688844836412812e+00
8.824724448045648373e+00
8.812260087549354637e+00
8.798379903779471434e+00
8.785205936618105227e+00
8.772886215949434074e+00
8.762829303006263615e+00
8.751480803865646863e+00
8.733133039362307670e+00
8.709335269883597519e+00
8.683265031785754928e+00
8.649898296884655835e+00
8.606565148882884486e+00
8.540056546983088026e+00
8.463355384854658325e+00
8.401652082978172231e+00
8.343623226012635286e+00
8.303502764101180489e+00
8.269424208323552961e+00
8.239499684031626359e+00
8.218304380157205102e+00
8.204366917427085681e+00
8.189285329991074391e+00
8.167990412508917331e+00
8.143807678912033055e+00
8.124839923373235351e+00
8.113833094328095186e+00
8.105489746901694659e+00
8.096753638845532564e+00
8.087756579996581152e+00
8.078982148780141870e+00
8.070248494548669882e+00
8.063922278691659784e+00
8.050673569413584474e+00
8.033813641210249656e+00
8.027455619778789853e+00
8.021763842032347824e+00
8.014100321519620707e+00
8.000859052892179690e+00
7.983681754217078819e+00
7.962364125999405573e+00
7.939210144613360498e+00
7.854724949063656148e+00
7.803966907484863214e+00
7.747257951821903355e+00
7.648083731349265335e+00
7.553259038467725617e+00
7.493892824879440084e+00
7.443752564281967743e+00
7.383427558139227465e+00
7.274192499036864490e+00
7.162331366227470575e+00
7.078210237007229289e+00
6.997892038615688648e+00
6.920927487677749568e+00
6.851889757389851177e+00
6.789969710876103903e+00
6.736844908861191250e+00
6.678646736426274266e+00
6.613780530252104661e+00
6.544249169416410439e+00
6.474057382337630173e+00
6.394204693180135735e+00
6.311715726207496324e+00
6.249714310705956954e+00
6.201574629809686101e+00
6.171969122826060250e+00
6.145634520931983147e+00
6.115583887441707667e+00
6.091596620810057594e+00
6.073036137383673427e+00
6.059745124740598676e+00
6.051654084113286203e+00
6.041361098956392617e+00
6.031178126105708692e+00
6.023100121109940197e+00
6.015900191097372840e+00
6.011460481707362469e+00
6.008080410599689891e+00
6.005227715860373294e+00
6.001638538251627963e+00
5.996546694490547225e+00
5.989692260733339602e+00
5.983623130247668342e+00
5.977889976776990189e+00
5.973961914021415964e+00
5.972651254298934731e+00
5.970477052066524237e+00
5.964705484406319869e+00
5.957637452001853795e+00
5.950861185419759281e+00
5.943899931943057879e+00
5.933177400832820858e+00
5.916505008051024639e+00
5.885243582678552521e+00
5.825915316043203340e+00
5.635481736187656132e+00
5.489280507340494886e+00
5.422153027916817081e+00
5.369753752372034228e+00
5.302530060952349800e+00
5.249416061739593076e+00
5.199694854386248011e+00
5.126696239798052446e+00
5.064263261844597075e+00
4.998123273056570781e+00
4.860880984372323077e+00
4.648431248951862216e+00
4.216867598527436201e+00
2.733237401374044140e+00
