6.096240000000000547e-01
3.047900000000000054e-01
2.109199999999999964e-01
1.696459999999999912e-01
1.706699999999999884e-01
1.141120000000000051e-01
2.331330000000000069e-01
2.158490000000000131e-01
1.319760000000000044e+00
1.567739999999999911e+00
2.180179999999999896e-01
1.577109999999999901e-01
1.447799999999999920e-01
8.802659999999999652e-02
7.688820000000000376e-02
4.634869999999999962e-02
1.891549999999999829e-02
2.015389999999999890e-02
1.813270000000000159e-02
3.973000000000000143e-02
1.407210000000000058e-02
1.198300000000000060e-02
2.182059999999999902e-02
5.969000000000000000e-02
2.236889999999999823e+00
2.735059999999999825e+00
4.443419999999999703e+00
5.739910000000000068e+00
4.191939999999999777e+00
4.051050000000000040e+00
1.550559999999999994e-01
3.784410000000000274e-01
3.610979999999999746e-02
2.850240000000000065e-02
5.092420000000000280e-02
1.867769999999999930e+00
2.601160000000000139e+00
3.443049999999999944e+00
2.398899999999999810e+00
2.552090000000000192e+00
5.692440000000000389e+00
8.295299999999999230e+00
5.968519999999999825e+00
3.570790000000000131e+00
9.100289999999999768e-02
2.258920000000000095e-01
2.962800000000000100e+00
6.433769999999999989e+00
1.008210000000000051e+01
1.147369999999999912e+01
1.392159999999999975e+01
1.246480000000000032e+01
1.327110000000000056e+01
1.355640000000000001e+01
2.547779999999999845e+01
1.976279999999999859e+01
2.570139999999999958e+01
3.596840000000000259e+01
3.029820000000000135e+01
2.209140000000000015e+01
1.393939999999999912e+01
1.295190000000000019e+01
1.328650000000000020e+01
1.084329999999999927e+01
7.384610000000000340e+00
8.467579999999999885e+00
7.550740000000000229e+00
6.191019999999999968e+00
6.573769999999999669e+00
5.923930000000000362e+00
1.672589999999999932e+01
3.989789999999999992e+01
3.032359999999999900e+01
2.870700000000000074e+01
2.717040000000000077e+01
2.642810000000000059e+01
1.637150000000000105e+01
2.168479999999999919e+01
2.062430000000000163e+01
8.297499999999999432e+00
2.133939999999999948e+00
2.349400000000000099e-01
1.183130000000000015e-01
2.167189999999999950e-01
2.300889999999999880e-01
1.876089999999999980e-01
1.554079999999999906e-01
1.420430000000000026e-01
9.885739999999999805e-02
1.362150000000000027e-01
2.009920000000000040e-01
2.331540000000000001e-01
3.125160000000000160e-01
3.368809999999999860e-01
2.958979999999999944e-01
2.870730000000000226e-01
4.428170000000000162e-01
7.209649999999999670e-01
7.884090000000000265e-01
5.104020000000000223e-01
2.762700000000000156e-01
2.846719999999999806e-01
2.061919999999999864e-01
2.270600000000000118e-01
1.923290000000000000e-01
9.137699999999999989e-02
6.129289999999999738e-02
9.159209999999999574e-02
7.605570000000000386e-02
1.347589999999999899e-01
2.061040000000000094e-01
2.356469999999999954e-01
1.871770000000000100e-01
2.916860000000000008e-01
3.875259999999999816e-01
3.658420000000000005e-01
6.591900000000000537e-01
8.419689999999999674e-01
1.072170000000000067e+00
9.019430000000000502e-01
7.851930000000000298e-01
7.409379999999999855e-01
5.379099999999999993e-01
4.903839999999999866e-01
6.660960000000000214e-01
4.521470000000000211e-01
3.450540000000000274e-01
3.907089999999999730e-01
3.177400000000000224e-01
2.687700000000000089e-01
3.643419999999999992e-01
1.872419999999999918e-01
1.308749999999999913e-01
5.697780000000000206e-02
2.627449999999999924e-02
2.398710000000000078e-02
2.336660000000000126e-02
1.905880000000000074e-02
1.524730000000000009e-02
2.373070000000000040e-02
2.254259999999999944e-02
1.851030000000000036e-02
1.824069999999999858e-02
1.512750000000000032e-02
1.588240000000000138e-02
2.223690000000000042e-02
3.564300000000000107e-02
3.269439999999999846e-02
6.156029999999999835e-02
7.216430000000000067e-02
5.465160000000000157e-02
4.508439999999999670e-02
2.907090000000000021e-02
2.282549999999999857e-02
3.052559999999999996e-02
3.871770000000000073e-02
2.523260000000000086e-02
3.510959999999999775e-02
4.432839999999999697e-02
3.494379999999999709e-02
3.146009999999999779e-02
3.851639999999999925e-02
5.793000000000000232e-02
7.782749999999999391e-02
7.051799999999999735e-02
1.156620000000000009e-01
1.042010000000000020e-01
1.134619999999999934e-01
7.697569999999999413e-02
8.853540000000000021e-02
6.431810000000000305e-02
5.523709999999999731e-02
2.313420000000000060e-02
1.360330000000000046e-02
8.748940000000000189e-03
1.165419999999999998e-02
1.145020000000000066e-02
1.027549999999999991e-02
1.066070000000000038e-02
8.340310000000000085e-03
1.023220000000000032e-02
7.091599999999999987e-03
7.331119999999999998e-03
9.001159999999999370e-03
7.356279999999999764e-03
1.067249999999999970e-02
1.136530000000000006e-02
9.021660000000000790e-03
1.235829999999999915e-02
7.967379999999999601e-03
1.514069999999999999e-02
2.500749999999999848e-02
5.002240000000000159e-02
3.273210000000000008e-02
3.441990000000000327e-02
4.240739999999999787e-02
4.125480000000000119e-02
3.455430000000000307e-02
3.028619999999999923e-02
3.925349999999999673e-02
2.691019999999999870e-02
5.677209999999999895e-02
7.302509999999999557e-02
5.027779999999999749e-02
3.085579999999999920e-02
2.191500000000000045e-02
1.630020000000000080e-02
1.626850000000000171e-02
6.697650000000000305e-03
3.736349999999999828e-03
2.122399999999999981e-03
1.737529999999999934e-03
1.970879999999999941e-03
5.643780000000000368e-04
5.315930000000000178e-04
4.875600000000000008e-04
4.568339999999999836e-04
6.859579999999999671e-04
4.117160000000000134e-04
4.513510000000000091e-04
4.035929999999999965e-04
4.831640000000000110e-04
5.971810000000000139e-04
1.912770000000000052e-03
1.701360000000000068e-03
1.661549999999999919e-03
7.976710000000000137e-04
1.237040000000000015e-03
1.177569999999999962e-03
1.231590000000000072e-03
4.734159999999999952e-04
7.898309999999999532e-04
7.753100000000000020e-05
7.672270000000000660e-06
1.183100000000000074e-05
1.008470000000000019e-05
