1.009407263879183070e+01
1.009458641275909407e+01
1.009546227059045442e+01
1.009625286282058809e+01
1.009708716901930359e+01
1.009806543516794619e+01
1.009906224626239712e+01
1.010005677467210639e+01
1.010105935490811468e+01
1.010210082486358907e+01
1.010316720139364755e+01
1.010424121464720315e+01
1.010533302461674943e+01
1.010643229381338770e+01
1.010754234913778227e+01
1.010872734647137250e+01
1.010993946534340537e+01
1.011117847021770011e+01
1.011246423514187498e+01
1.011378296780994290e+01
1.011513102558429900e+01
1.011651808679080844e+01
1.011795700562102063e+01
1.011944725349370877e+01
1.012098828730006872e+01
1.012259264962526828e+01
1.012425309612186730e+01
1.012597546202607646e+01
1.012776869639898258e+01
1.012963511866979616e+01
1.013158979595734976e+01
1.013363789068471377e+01
1.013579392974116189e+01
1.013806574563776763e+01
1.014048918758623863e+01
1.014308040813362410e+01
1.014588600418042574e+01
1.014896647076291281e+01
1.014902194133054536e+01
1.015200381889927783e+01
1.014797605398860014e+01
1.014309915142177410e+01
1.012893534311493937e+01
1.011772193238508244e+01
1.009834601961567913e+01
1.007374033938346258e+01
1.005580629809835180e+01
1.003002459932708668e+01
9.973471457100643534e+00
9.890514910160463913e+00
9.814575191294373724e+00
9.757653340365333605e+00
9.711724578732026103e+00
9.670540850394596433e+00
9.635696820532958284e+00
9.592867081012171226e+00
9.539403578934363637e+00
9.491664193646865755e+00
9.437726786924221400e+00
9.352568386179308746e+00
9.253880534418399861e+00
9.153595375888761154e+00
9.037912317182307476e+00
8.957065397797540740e+00
8.909175587562115695e+00
8.831959310304300814e+00
8.744945890099300456e+00
8.691183198879604888e+00
8.649303697452037198e+00
8.599764115837661649e+00
8.561983393768084483e+00
8.538055689637703338e+00
8.523435587962374882e+00
8.514317927501268812e+00
8.477357157307094937e+00
8.467239501755141617e+00
8.454483559614670796e+00
8.438643593256582420e+00
8.417946417289899230e+00
8.399322337217537182e+00
8.386787804617171105e+00
8.361858104822820437e+00
8.314577111904419837e+00
8.266678465464568859e+00
8.227346713181425741e+00
8.177363324750361429e+00
8.124764984062712969e+00
8.092604864164178124e+00
8.073982145342228023e+00
8.057007698377097071e+00
8.039604453125454242e+00
8.024994372634962403e+00
8.015422631332674186e+00
8.005150471332648010e+00
7.994148594343824854e+00
7.981824947189815056e+00
7.968362917256535560e+00
7.959661370273495073e+00
7.953086230776523990e+00
7.946283230649304308e+00
7.942030387592784457e+00
7.938906315314269158e+00
7.936730835451123234e+00
7.936209529288169584e+00
7.936024382931414323e+00
7.936032434414507009e+00
7.935966508504226802e+00
7.934517135604233218e+00
7.928052583019427502e+00
7.920201095622648957e+00
7.913378810451800582e+00
7.902055134161077632e+00
7.886489033112762392e+00
7.869571392950494015e+00
7.851581808207121149e+00
7.834493821779989986e+00
7.819763659278513579e+00
7.807009768941782113e+00
7.799493559599381065e+00
7.796765769090293396e+00
7.794832278537208836e+00
7.793356571837799507e+00
7.791249816419973939e+00
7.785719812942113904e+00
7.775929953714075360e+00
7.765024457415626635e+00
7.757800523858850994e+00
7.752795713466181127e+00
7.747196549590852577e+00
7.740709197183756274e+00
7.733020621450122256e+00
7.725763032447184209e+00
7.721395900902022547e+00
7.719709058289789816e+00
7.718912538005731072e+00
7.717623909524048642e+00
7.715450937362655637e+00
7.712494809310136645e+00
7.708290847286825453e+00
7.702413302195561862e+00
7.697041805660725267e+00
7.692646022632489533e+00
7.687432638821108277e+00
7.632780109100360200e+00
7.619928752263542826e+00
7.604045599732788041e+00
7.593127609261959954e+00
7.577602082844903997e+00
7.555738758585825110e+00
7.528289218474111699e+00
7.472629213105188128e+00
7.401552172698176335e+00
7.346137730160443802e+00
7.302175022325168463e+00
7.270483184914419361e+00
7.246788998120925918e+00
7.229876297190338974e+00
7.216181742525330733e+00
7.206480461105332580e+00
7.200741090235125874e+00
7.193071700292295034e+00
7.186481684289072192e+00
7.179790128148771267e+00
7.171275840498846144e+00
7.165573706912517160e+00
7.163226991438824243e+00
7.163232956080150871e+00
7.162651017830810929e+00
7.153519138666860400e+00
7.140048994479524680e+00
7.106938450738178759e+00
7.047006027965631247e+00
6.950380434167766630e+00
6.842392038064697424e+00
6.709219064108935981e+00
6.543454635716964063e+00
6.382733667614843398e+00
6.228851872311174098e+00
5.928542811488843434e+00
5.827682601700644227e+00
5.681261142083195104e+00
5.589198706042008524e+00
5.497848439283745670e+00
5.435826853757099286e+00
5.410085184269147973e+00
5.386370530944613044e+00
5.339109436422377897e+00
5.309608877958902795e+00
5.275629183247365184e+00
5.236209653717059709e+00
5.189625044803129583e+00
5.116770407937753617e+00
5.038747292685552104e+00
4.984424240557619790e+00
4.902208561082118443e+00
4.782682554085332605e+00
4.668041886334199475e+00
4.567374603650611320e+00
4.466710475151789872e+00
4.414373273135274722e+00
4.344421749685839274e+00
4.265751495910835800e+00
4.218109929743059539e+00
4.154521351288636311e+00
4.074794506026522711e+00
4.023561090096944959e+00
3.963226658594984908e+00
3.903348315363604382e+00
3.853233864619731719e+00
3.795882101952585241e+00
3.702590782222694443e+00
3.557390492139946847e+00
3.409909464621725839e+00
3.287730087818235170e+00
3.223093389574186673e+00
3.169039276942567263e+00
3.027956787619315637e+00
2.681890384151357498e+00
1.981870230349468631e+00
