2.724180000000000046e+00
1.582330000000000014e+00
8.877270000000000438e-01
2.828580000000000094e+00
1.141880000000000006e+00
3.481430000000000025e+00
3.096099999999999852e+00
2.283599999999999852e+00
2.342179999999999929e+00
1.396719999999999962e+00
1.939839999999999967e-02
2.234759999999999872e-02
2.459160000000000165e-02
1.536449999999999969e-02
1.278800000000000076e-02
1.101579999999999920e-02
5.194159999999999749e-03
9.685350000000000556e-03
2.753260000000000082e-02
1.134679999999999911e+00
1.364069999999999894e+00
6.986740000000000173e-01
1.446299999999999919e+00
4.217710000000000292e+00
6.810999999999999943e+00
3.518870000000000164e+00
8.923769999999999314e+00
4.577060000000000350e+00
4.189659999999999940e+00
1.392970000000000041e-01
4.058839999999999670e-02
6.316929999999999767e-02
5.412050000000000194e-02
1.798630000000000020e-02
1.449710000000000061e-02
7.495210000000000414e-03
1.109219999999999998e-02
1.068050000000000076e-02
9.495119999999999255e-03
7.910270000000000495e-03
1.485440000000000024e-02
1.881549999999999889e-02
7.980169999999999972e-03
5.372520000000000420e-03
8.555329999999999879e-03
8.650599999999999609e-03
1.583629999999999934e-03
2.020689999999999899e-03
3.662050000000000027e-03
9.358419999999999239e-03
6.094239999999999900e-03
4.336450000000000374e-03
4.202540000000000268e-03
3.856790000000000163e+00
1.204860000000000042e+01
2.155689999999999884e+01
1.503359999999999985e+01
1.064509999999999934e+01
4.259389999999999787e+00
2.616379999999999928e+00
4.935809999999999677e-03
2.894009999999999812e-03
5.154800000000000493e-01
9.651349999999999651e-01
7.803320000000000256e-01
8.510029999999999539e-01
5.010259999999999714e-01
2.149780000000000024e-01
3.160120000000000151e-01
3.756860000000000199e-01
2.416200000000000014e-01
2.743900000000000228e-01
3.634499999999999953e-01
1.445690000000000031e-01
2.321979999999999877e-01
2.385170000000000068e-01
2.430400000000000095e-03
3.770959999999999868e-01
4.449549999999999894e-01
6.006280000000000507e-01
7.235150000000000192e-01
6.734679999999999556e-01
8.001219999999999999e-01
4.389149999999999996e-01
3.127869999999999817e-01
2.467350000000000099e-01
2.590899999999999870e-01
3.403849999999999931e-01
1.884659999999999946e-01
1.322440000000000004e-01
2.045150000000000023e-01
2.535189999999999944e-01
3.548120000000000163e-01
5.326680000000000303e-01
6.648500000000000520e-01
8.720930000000000071e-01
1.096300000000000052e+00
1.191840000000000011e+00
2.189299999999999802e+00
2.635229999999999961e+00
1.600119999999999987e+00
1.556939999999999991e+00
1.107529999999999903e+00
8.959160000000000457e-01
7.165599999999999747e-01
8.051690000000000236e-01
6.985329999999999595e-01
5.902479999999999949e-01
3.358929999999999971e-01
1.859510000000000052e-01
1.367230000000000112e-01
1.119980000000000003e-01
1.074360000000000037e-01
7.000969999999999416e-02
6.078519999999999757e-02
4.656779999999999947e-02
8.297730000000000383e-02
9.278519999999999823e-02
1.117319999999999980e-01
1.478089999999999959e-01
1.895260000000000000e-01
1.269339999999999913e-01
1.751209999999999989e-01
1.948539999999999994e-01
1.996070000000000066e-01
1.070679999999999965e-01
6.288610000000000033e-02
9.222819999999999629e-02
6.036939999999999668e-02
4.036739999999999773e-02
4.606339999999999740e-02
7.310500000000000331e-02
4.781330000000000302e-02
5.516309999999999963e-02
3.932179999999999703e-02
4.258989999999999998e-02
3.953910000000000063e-02
6.945859999999999534e-02
4.175460000000000282e-02
2.538889999999999897e-02
1.537230000000000020e-02
1.149870000000000059e-02
8.913179999999999714e-03
1.235029999999999982e-02
1.124889999999999918e-02
1.342710000000000084e-02
1.191039999999999981e-02
1.343650000000000053e-02
1.121639999999999963e-02
6.262069999999999789e-03
9.317439999999999750e-03
5.022170000000000280e-03
4.746779999999999923e-03
2.528579999999999890e-03
1.709220000000000010e-03
2.079249999999999935e-03
9.725909999999999720e-04
8.631440000000000423e-04
1.648610000000000006e-03
3.050179999999999992e-03
4.505890000000000242e-03
3.970999999999999704e-03
5.366459999999999980e-03
5.333550000000000270e-03
6.446969999999999784e-03
8.361679999999999807e-03
7.754040000000000238e-03
8.993169999999999983e-03
7.676239999999999973e-03
1.005799999999999923e-02
1.221629999999999938e-02
8.500960000000000114e-03
1.149410000000000015e-02
1.130770000000000039e-02
1.131159999999999978e-02
1.122279999999999979e-02
1.907210000000000155e-02
7.956700000000000578e-03
7.258599999999999601e-03
4.949590000000000239e-03
8.071490000000000609e-03
7.114900000000000391e-03
7.047480000000000064e-03
5.043689999999999979e-03
6.022869999999999613e-03
8.031669999999999435e-03
9.165819999999999870e-03
5.918040000000000279e-03
6.048999999999999690e-03
2.154259999999999856e-03
1.788010000000000033e-03
1.047270000000000102e-03
1.040459999999999996e-03
6.074919999999999496e-04
4.470440000000000112e-04
3.120280000000000015e-04
3.881660000000000102e-04
2.266760000000000096e-04
2.164459999999999941e-04
1.634960000000000081e-04
1.851579999999999914e-04
2.010790000000000038e-04
2.218479999999999942e-04
1.529520000000000087e-04
1.173569999999999946e-04
1.005730000000000008e-04
7.389390000000000075e-05
5.003479999999999739e-05
7.842949999999999846e-05
3.331699999999999966e-05
9.429759999999999651e-05
9.658470000000000380e-05
1.051300000000000048e-04
9.896840000000000606e-05
2.842109999999999797e-04
2.731909999999999937e-04
3.182920000000000215e-04
2.220860000000000011e-04
2.687580000000000177e-04
2.014849999999999996e-04
1.580750000000000070e-04
2.009459999999999968e-04
2.710570000000000037e-04
3.144509999999999883e-04
1.435999999999999939e-04
3.345439999999999872e-04
2.160970000000000013e-04
2.680420000000000198e-04
3.679910000000000212e-04
3.356359999999999964e-04
3.279789999999999984e-04
2.201369999999999965e-04
1.885570000000000041e-04
2.159449999999999933e-04
2.792280000000000174e-04
1.418769999999999970e-04
