2.671479999999999855e+00
2.697810000000000041e+00
2.807080000000000020e+00
2.909199999999999786e+00
3.012319999999999887e+00
3.237229999999999830e+00
4.890380000000000393e+00
5.881890000000000285e+00
5.856519999999999726e+00
4.243800000000000239e+00
2.691679999999999851e+00
1.232650000000000023e+00
1.800429999999999975e+00
1.141929999999999890e+00
9.967620000000000369e-01
1.124090000000000034e+00
1.402530000000000054e+00
9.863359999999999905e-01
1.336419999999999941e+00
8.107499999999999707e-01
2.331379999999999911e-02
1.186229999999999923e-02
4.609929999999999931e-03
4.153810000000000002e-01
1.789999999999999925e-02
3.820580000000000070e-03
8.015809999999999880e-01
1.212339999999999973e+00
1.482259999999999911e+00
1.265609999999999902e+00
8.471779999999999866e-01
8.647770000000000179e-01
1.119950000000000001e+00
1.419980000000000020e+00
1.066959999999999908e+00
5.680669999999999886e-01
5.257739999999999636e-01
1.022529999999999967e-02
4.477809999999999846e-01
4.668869999999999965e-01
9.310370000000000104e-03
1.984130000000000060e-01
3.955730000000000079e-01
5.401749999999999607e-01
4.324500000000000011e-01
2.248020000000000018e-01
2.130940000000000004e-03
1.250910000000000043e-03
1.379680000000000099e-03
2.609509999999999885e-01
5.007529999999999620e-03
3.394440000000000235e-01
2.996530000000000027e-01
5.080059999999999576e-01
6.348949999999999871e-01
3.407689999999999886e-01
3.462419999999999942e-01
5.515160000000000062e-01
4.331289999999999862e-01
4.229319999999999746e-01
2.538099999999999801e-01
2.660560000000000147e-01
7.129090000000000149e-01
7.180239999999999956e-01
6.962990000000000013e-01
5.594770000000000021e-01
4.838319999999999843e-01
3.753739999999999855e-01
5.860640000000000294e-01
8.236710000000000420e-01
6.978839999999999488e-01
8.124700000000000255e-01
7.476209999999999800e-01
4.617809999999999970e-01
4.250800000000000134e-01
4.466829999999999967e-01
4.120219999999999994e-01
4.125510000000000010e-01
5.720290000000000097e-01
7.067710000000000381e-01
1.057350000000000012e+00
9.233050000000000423e-01
1.106740000000000057e+00
1.020869999999999944e+00
1.121080000000000076e+00
1.119459999999999900e+00
7.759070000000000134e-01
7.341870000000000340e-01
9.176710000000000145e-01
9.292099999999999804e-01
1.126800000000000024e+00
1.361359999999999904e+00
1.086459999999999981e+00
4.400749999999999940e-01
2.504580000000000140e-01
9.707960000000000200e-02
1.453460000000000030e-01
9.306000000000000383e-02
6.215939999999999660e-02
4.157380000000000103e-02
3.098369999999999944e-02
2.035729999999999831e-02
1.465140000000000019e-02
1.045190000000000008e-02
6.318449999999999761e-03
2.665410000000000001e-03
2.895249999999999820e-03
8.550969999999999752e-04
4.917940000000000419e-04
4.712310000000000153e-04
3.777189999999999931e-04
3.916440000000000199e-04
4.458719999999999893e-04
4.363600000000000031e-04
5.943180000000000381e-04
6.238949999999999618e-04
4.477309999999999862e-04
5.520380000000000295e-04
3.567830000000000025e-04
4.466420000000000242e-04
5.911700000000000201e-04
4.919349999999999851e-04
3.488210000000000269e-04
2.588590000000000097e-04
4.066599999999999859e-04
5.028450000000000281e-04
5.068860000000000119e-04
9.530950000000000489e-04
1.049800000000000039e-03
1.095669999999999977e-03
1.268030000000000069e-03
1.565070000000000003e-03
1.642110000000000011e-03
1.252700000000000037e-03
1.212579999999999995e-03
6.964020000000000453e-04
1.018770000000000005e-03
7.611910000000000377e-04
1.072690000000000058e-03
1.575320000000000062e-03
1.440630000000000036e-03
1.300200000000000054e-03
1.986059999999999996e-03
1.106199999999999892e-03
1.533450000000000004e-03
1.831139999999999981e-03
1.051760000000000108e-03
1.279900000000000048e-03
1.405079999999999957e-03
8.942670000000000220e-04
6.750760000000000398e-04
3.619000000000000146e-04
3.529979999999999837e-04
2.632870000000000154e-04
2.364359999999999975e-04
8.182889999999999847e-05
6.141969999999999743e-05
4.798649999999999872e-05
3.519660000000000112e-05
3.460489999999999796e-05
4.532130000000000262e-05
6.236589999999999864e-05
9.020400000000000575e-05
7.909190000000000079e-05
8.994260000000000178e-05
1.176359999999999965e-04
6.825679999999999335e-05
6.161149999999999786e-05
8.222719999999999769e-05
5.876529999999999791e-05
4.013359999999999806e-05
3.113680000000000316e-05
1.827350000000000046e-05
7.624729999999999587e-06
2.969059999999999827e-06
3.958280000000000157e-06
4.916659999999999611e-06
7.028740000000000402e-06
7.108949999999999928e-06
8.799100000000000169e-06
4.682130000000000012e-06
3.530350000000000004e-06
1.667209999999999958e-06
1.334690000000000049e-06
7.744699999999999728e-07
5.054570000000000507e-07
1.916439999999999921e-07
1.364750000000000094e-07
1.855249999999999887e-07
5.737139999999999981e-08
1.683199999999999879e-07
1.463250000000000083e-07
