1.083982107364521852e+01
1.083905297245592614e+01
1.083856702245025794e+01
1.083866274472591407e+01
1.083817509685953340e+01
1.083795566576504221e+01
1.083860166123594837e+01
1.083969168530238569e+01
1.084007471366394881e+01
1.084024351561963861e+01
1.084103206174855849e+01
1.084144644579837014e+01
1.084186606037029144e+01
1.084274088077182796e+01
1.084313992760244005e+01
1.084332996943019900e+01
1.084389275292261878e+01
1.084317794262136836e+01
1.084167725271703908e+01
1.084003705371925719e+01
1.083764398397743989e+01
1.083478998308639518e+01
1.083246484235372975e+01
1.083145959129487501e+01
1.083092147885190926e+01
1.083003855621254452e+01
1.082922269696041973e+01
1.082765999792147227e+01
1.082507737369144252e+01
1.082307888042423727e+01
1.082198817617386055e+01
1.082105672225282866e+01
1.081954919968550222e+01
1.081778015008894300e+01
1.081638250562088288e+01
1.081547480700475283e+01
1.081522631904826426e+01
1.081552528450709083e+01
1.081567070661267493e+01
1.081455189489448365e+01
1.081166748466332805e+01
1.080749308483187576e+01
1.080352949203086688e+01
1.079918058933244751e+01
1.079129546476397827e+01
1.077989289346436408e+01
1.076888070568822897e+01
1.075845768861046636e+01
1.074859731174235478e+01
1.074118076102299391e+01
1.073481182650827925e+01
1.073050691995739570e+01
1.072729232031990954e+01
1.072338752596687961e+01
1.071938598475246174e+01
1.071954837995595611e+01
1.072052974333194797e+01
1.071853241224672892e+01
1.070717998739341681e+01
1.069127427254159102e+01
1.067401192177734259e+01
1.064551069135026040e+01
1.061583120906228928e+01
1.059256755761864532e+01
1.055658349488395054e+01
1.047842218774008138e+01
1.032136848554135433e+01
1.010456563230390081e+01
9.924361484023894064e+00
9.791937544348339628e+00
9.703880930284887185e+00
9.607930877855473284e+00
9.511759068158232466e+00
9.438471147133045136e+00
9.364836054097620988e+00
9.308820433109959325e+00
9.276470995493587779e+00
9.253943462669258935e+00
9.232503122331461753e+00
9.200349731597828651e+00
9.165309628656356011e+00
9.137863443865883895e+00
9.113823069487304807e+00
9.094348824158172917e+00
9.077153430790845690e+00
9.067587831283876909e+00
9.059252826067796249e+00
9.049376976379161164e+00
9.040626071404584962e+00
9.032489823127839657e+00
9.024190016968249850e+00
9.016126220460032314e+00
9.007683780975021648e+00
8.994111176965832399e+00
8.977120660489150694e+00
8.959400133620251339e+00
8.941877496887762788e+00
8.924964826586897715e+00
8.902422832790273688e+00
8.862211907224562424e+00
8.795897388775925307e+00
8.727328123925600423e+00
8.682690987097645419e+00
8.656896071973845253e+00
8.637493732208184838e+00
8.619233201034822045e+00
8.596088838712823588e+00
8.565964637617620170e+00
8.531886196421135438e+00
8.501921514596224583e+00
8.483464621761255486e+00
8.469655627239115248e+00
8.455094697939339099e+00
8.441701418336421625e+00
8.427409824965071294e+00
8.412031921698218895e+00
8.399358700500634711e+00
8.388197148017178861e+00
8.376684604951261548e+00
8.364813556261335492e+00
8.353743170753935132e+00
8.341735162006116866e+00
8.328636434077161255e+00
8.317570298005559692e+00
8.308690308699839377e+00
8.302294122507683838e+00
8.295276740279007299e+00
8.287826354176972998e+00
8.278568414881233295e+00
8.269958684460561926e+00
8.266309326359728260e+00
8.261759940642456002e+00
8.254731713185465836e+00
8.226615369423969426e+00
8.218385813245943083e+00
8.204619134352867604e+00
8.180576000031692274e+00
8.159085713714345545e+00
8.101588994973228708e+00
7.990230933855046125e+00
7.964393057405747101e+00
7.919657462720824270e+00
7.876123694748938142e+00
7.843025239187745079e+00
7.800720514142859940e+00
7.765566487287459019e+00
7.731721692132194512e+00
7.703392844975201825e+00
7.685671887687115067e+00
7.671805765995332038e+00
7.657111331868322601e+00
7.637663812682158770e+00
7.615839623767031163e+00
7.598223475441462149e+00
7.576769673527346427e+00
7.548584714590394817e+00
7.517776329273956115e+00
7.487350519655581849e+00
7.460034407044528137e+00
7.431206102732677010e+00
7.400926349528822890e+00
7.373809108431108150e+00
7.358193822618642521e+00
7.348614406621397421e+00
7.335463918585083398e+00
7.317741670917559560e+00
7.297471614671479756e+00
7.281565109172627004e+00
7.185845177031559672e+00
7.174597615777099868e+00
7.160705572596464563e+00
7.137961445554646289e+00
7.111272597779185745e+00
7.087003675327866681e+00
7.062867659779191953e+00
7.040594429395725662e+00
7.020071103533841672e+00
6.994800899294603802e+00
6.962312973186938869e+00
6.919377809097960963e+00
6.860211593504915051e+00
6.800881282016665530e+00
6.762512014741077770e+00
6.723424473957524405e+00
6.694663978249174363e+00
6.672529166083092100e+00
6.652503552866096292e+00
6.632593936781531418e+00
6.607772317567254028e+00
6.586492784706826420e+00
6.571125111191520318e+00
6.558029004112698068e+00
6.541154725832547534e+00
6.522382932361393770e+00
6.511829906060731865e+00
6.506559146725781950e+00
6.503934970105117230e+00
6.502328778024868861e+00
6.501605554129080922e+00
6.501379727261809904e+00
6.501330440336291261e+00
6.495236198305288866e+00
6.495929897549830301e+00
6.496409289563243483e+00
6.496382978295241806e+00
6.496269406113106548e+00
6.496157189790888076e+00
6.496035242890592976e+00
6.496226462550512615e+00
6.496679234169199901e+00
6.497365107272059070e+00
6.498118870437354033e+00
6.498900242276826056e+00
6.499698077276241825e+00
6.500066237559027016e+00
6.499452005221770357e+00
6.498368455860468629e+00
6.496789932153774316e+00
6.492922346476845519e+00
6.487876190475116545e+00
6.483852499308226491e+00
6.481058330070838203e+00
6.477718722293865028e+00
6.471936804594728976e+00
6.462779709732596523e+00
6.451919926030954322e+00
6.440227208242836454e+00
6.429907242205081808e+00
6.423922190909710395e+00
6.419430314245894387e+00
6.415645983259981477e+00
6.412665465912544605e+00
6.407854697414335554e+00
