3.707390000000000185e+00
4.286059999999999981e+00
5.127500000000000391e+00
6.037829999999999586e+00
5.823249999999999815e+00
4.880779999999999674e+00
5.877950000000000230e+00
5.580790000000000362e+00
4.074900000000000411e+00
2.767279999999999962e+00
1.526210000000000067e+00
1.188649999999999984e+00
6.346439999999999859e-01
6.846119999999999983e-01
1.305460000000000065e+00
6.442630000000000301e-01
9.566999999999999948e-01
9.784659999999999469e-01
7.798920000000000297e-01
2.273839999999999861e+00
2.847319999999999851e+00
2.576130000000000031e+00
4.327880000000000393e+00
4.092850000000000321e+00
5.100670000000000037e+00
5.935889999999999667e+00
5.347269999999999968e+00
5.964070000000000427e+00
4.969509999999999650e+00
3.283110000000000195e+00
1.848019999999999996e+00
1.444939999999999940e-02
9.838069999999999871e-01
1.125410000000000021e+00
7.981399999999999606e-01
3.279389999999999805e-01
2.588389999999999969e+00
2.849530000000000118e+00
1.409880000000000022e+00
6.607169999999999710e-02
8.783940000000000498e-03
6.266680000000000167e-03
1.078619999999999926e-02
9.286279999999999188e-03
1.240469999999999962e+00
1.101399999999999949e-02
1.617480000000000029e+00
1.582189999999999985e+00
1.381539999999999990e+00
3.039270000000000138e+00
4.639689999999999870e+00
5.929590000000000138e+00
6.084489999999999732e+00
5.408290000000000042e+00
3.998930000000000096e+00
4.668639999999999901e+00
4.281819999999999737e+00
3.780380000000000074e+00
2.423719999999999875e+00
1.079579999999999984e+00
9.720509999999999984e-01
3.457759999999999723e-01
1.316939999999999951e-03
1.821630000000000081e-03
1.477859999999999894e-03
1.176540000000000008e-03
3.168980000000000061e-03
4.256530000000000036e-01
1.012310000000000043e+00
7.044759999999999911e-01
7.286909999999999776e-01
8.077130000000000143e-01
6.069269999999999943e-01
5.737889999999999935e-01
4.196880000000000055e-01
6.768049999999999899e-01
3.873240000000000016e-01
2.166039999999999910e-01
2.840190000000000214e-01
1.976509999999999934e-01
2.747919999999999807e-01
4.443170000000000175e-01
3.907399999999999762e-01
4.161020000000000274e-01
2.944039999999999990e-01
3.337319999999999731e-01
2.629449999999999843e-01
6.032359999999999944e-01
9.218709999999999960e-01
1.600999999999999979e+00
1.479149999999999965e+00
6.638789999999999969e-01
7.215719999999999912e-01
5.610969999999999569e-01
7.080670000000000019e-01
4.672680000000000167e-01
4.828109999999999902e-01
4.217099999999999738e-01
4.602970000000000117e-01
3.935500000000000109e-01
4.020070000000000032e-01
3.792889999999999873e-01
5.148960000000000203e-01
3.581289999999999751e-01
3.150919999999999832e-01
5.450409999999999977e-01
4.707810000000000050e-01
6.607089999999999907e-01
8.970740000000000380e-01
9.096220000000000416e-01
4.991570000000000173e-01
2.797259999999999747e-01
3.298989999999999978e-01
2.599170000000000091e-01
2.416909999999999892e-01
1.719920000000000060e-01
1.540199999999999902e-01
1.288870000000000016e-01
6.962379999999999958e-02
7.059609999999999497e-02
6.277339999999999309e-02
5.139029999999999987e-02
4.850909999999999944e-02
4.306170000000000136e-02
5.121490000000000070e-02
7.569910000000000527e-02
8.940190000000000636e-02
8.295560000000000433e-02
1.156810000000000060e-01
1.141690000000000066e-01
8.324030000000000318e-02
7.847260000000000346e-02
6.922939999999999650e-02
9.141920000000000601e-02
1.657150000000000012e-01
1.507169999999999899e-01
1.186099999999999932e-01
1.257570000000000077e-01
1.027750000000000052e-01
4.527830000000000049e-02
2.320840000000000056e-02
1.692580000000000126e-02
1.238410000000000032e-02
7.151969999999999682e-03
5.997230000000000096e-03
4.585149999999999643e-03
7.439030000000000122e-03
5.264559999999999726e-03
5.041290000000000354e-03
4.737990000000000083e-03
3.532959999999999920e-03
4.055669999999999935e-03
3.491800000000000199e-03
3.313270000000000104e-03
2.763349999999999921e-03
2.132680000000000079e-03
3.658409999999999961e-03
2.176529999999999871e-03
1.760719999999999907e-03
2.123480000000000072e-03
2.206409999999999795e-03
2.374840000000000024e-03
2.531639999999999932e-03
2.283390000000000159e-03
2.735630000000000180e-03
2.600369999999999852e-03
2.290879999999999913e-03
2.625300000000000116e-03
1.646099999999999950e-03
2.072039999999999819e-03
2.727240000000000133e-03
2.487669999999999985e-03
1.787240000000000053e-03
1.452469999999999976e-03
2.349149999999999936e-03
3.049229999999999996e-03
2.454299999999999971e-03
5.941550000000000303e-03
6.745260000000000318e-03
6.853050000000000287e-03
5.730729999999999852e-03
5.582980000000000408e-03
5.586800000000000273e-03
3.524949999999999785e-03
3.029700000000000188e-03
1.331619999999999939e-03
1.325549999999999992e-03
6.511849999999999800e-04
9.165389999999999605e-04
9.934679999999999553e-04
1.131330000000000053e-03
9.634059999999999846e-04
9.855210000000000532e-04
6.666530000000000155e-04
7.342170000000000077e-04
7.731629999999999970e-04
6.412050000000000518e-04
9.328960000000000074e-04
1.343079999999999968e-03
1.271109999999999992e-03
9.909079999999999798e-04
6.844359999999999637e-04
1.301529999999999961e-03
1.174270000000000045e-03
1.699900000000000065e-03
1.543129999999999979e-03
8.677809999999999777e-04
5.025160000000000520e-04
6.492899999999999583e-04
4.619900000000000135e-04
6.462290000000000091e-04
7.550719999999999698e-04
2.682849999999999970e-04
